0.2847419999999996
0.04442400000000024
0.3375630000000003
0.09085199999999993
0.01933199999999946
0.05760300000000029
0.1617810000000004
0.43439999999999923
0.3550740000000001
0.006870000000000154
0.05941200000000002
0.288195
0.22839900000000046
0.17066399999999948
0.04489799999999988
0.047877000000000614
1.329072
0.3081990000000001
0.04938600000000015
0.10251599999999961
0.1553009999999997
0.053912999999999656
0.15396900000000002
0.03310500000000083
0.03215699999999977
0.4462589999999995
0.3777059999999999
0.18557999999999986
0.3811410000000013
0.015959999999999752
0.04000499999999896
0.3757710000000003
0.18315600000000032
0.07424100000000067
0.26067600000000013
0.08241599999999849
0.28608600000000095
0.23560499999999962
0.4188390000000002
0.14867100000000022
0.1870169999999991
0.05709300000000006
0.004818000000000211
0.3493080000000006
0.44670900000000024
0.21465899999999927
0.1434180000000005
0.01193100000000058
0.07640400000000014
0.0587579999999992
0.2679810000000007
0.07750199999999907
0.6581609999999998
0.13004399999999983
0.3547709999999995
0.02891400000000033
0.14764200000000116
0.014129999999997978
0.07518000000000313
0.10377599999999987
0.018302999999999514
0.11450400000000016
0.032852999999999355
0.07244400000000084
0.10155599999999865
0.12206400000000173
0.08470799999999912
0.07688399999999973
0.479219999999998
0.04062900000000269
0.26141999999999754
0.15322200000000308
0.06202199999999891
0.1254899999999992
0.1493399999999987
0.27962100000000234
0.18229200000000034
0.15775199999999856
0.32136600000000115
0.5995019999999975
0.5159850000000006
0.38995200000000096
0.03326399999999907
0.024741000000002344
0.4734269999999974
0.029645999999999617
0.12440400000000196
0.16499100000000055
0.2480969999999978
0.10728900000000152
0.14813099999999935
0.27196500000000157
0.36454200000000014
0.6033089999999994
0.1587600000000009
0.35821799999999726
0.23506800000000183
0.08923799999999815
0.24941400000000158
0.08890799999999999
