0.15715274999999984
0.5180647499999997
0.011890499999999804
0.16751175000000007
0.12280274999999996
0.7990365000000006
0.13385999999999942
0.04415250000000004
0.1501177500000006
0.26129399999999947
0.11114775000000066
0.11164724999999986
0.05376974999999984
0.08720250000000007
0.021332249999999497
0.0613582500000005
0.9191444999999998
0.07291724999999971
0.009395250000000743
0.07079549999999912
0.4588687500000006
0.1974727499999993
0.11471099999999979
0.007644000000000872
0.23257875000000006
0.1521757499999996
0.4336140000000004
0.0755265000000005
0.18835349999999984
0.18530999999999942
0.05051324999999984
0.20398575000000108
0.09336524999999973
0.10958624999999955
0.03612674999999932
0.27297300000000035
0.35217525000000016
0.011061749999999648
0.0754747499999997
0.05510025000000063
0.30599699999999963
0.05662275000000072
0.060928499999999275
0.3851557500000009
0.06801450000000031
0.3071939999999991
0.034990500000001035
0.06339824999999877
0.011479500000000087
0.4617007500000003
0.4505692500000009
0.03973424999999864
0.19591500000000117
0.04522349999999875
0.14273625000000045
0.07621950000000055
0.2035537499999993
0.034760249999999715
0.05273700000000048
0.1645380000000003
0.11869575000000054
0.06440849999999898
0.1565272499999999
0.10672199999999954
0.08614500000000014
0.2406240000000004
0.673593750000002
0.081641249999997
0.09868575000000135
0.610902750000001
0.0727829999999976
0.15126525000000157
0.1774042499999986
0.13547100000000256
0.11070374999999899
0.2143417499999991
0.03068024999999963
0.04553849999999926
0.18998175000000117
0.30605699999999914
0.4408695000000016
0.13622850000000142
0.05014724999999842
0.21428699999999878
0.34938900000000217
0.07627575000000064
0.18174374999999898
0.29522924999999844
0.13260449999999935
0.10488900000000001
0.24731850000000222
0.209847749999998
0.021757500000003205
0.01796474999999731
0.10596900000000176
0.14832824999999872
0.11204999999999998
0.40175100000000086
0.36072599999999966
0.24611099999999908
0.053922000000000025
0.12075825000000151
0.27764549999999844
0.2576040000000006
0.23098875000000163
0.45973949999999775
0.02132025000000226
0.012509249999997252
0.03371775000000099
0.4669905000000014
0.07934775000000016
