0.3141999999999996
0.3864000000000001
0.13849999999999962
0.06770000000000032
0.38239999999999963
0.4012000000000002
0.07969999999999988
0.15700000000000003
0.08060000000000045
0.4142999999999999
0.6079000000000008
0.03799999999999848
0.07140000000000057
0.04439999999999955
0.2666000000000004
0.2506000000000004
0.11299999999999955
0.170300000000001
0.07599999999999874
0.20520000000000138
0.1612999999999989
0.21820000000000128
0.26099999999999923
0.7629999999999999
0.036300000000000665
0.23160000000000025
0.4101999999999997
0.4545999999999992
0.20550000000000068
0.43409999999999904
0.2674000000000003
0.0923999999999996
0.18440000000000012
0.25810000000000066
0.1755999999999993
0.057500000000000995
0.34079999999999977
0.1747999999999994
0.23900000000000077
0.04359999999999964
0.033500000000000085
0.4361999999999995
0.030300000000000438
0.04380000000000095
0.14059999999999917
0.24460000000000015
0.18539999999999957
0.08740000000000059
0.4581999999999997
0.07379999999999853
0.018200000000000216
0.39280000000000115
0.49490000000000123
0.32319999999999993
0.2566999999999986
0.23189999999999955
0.13260000000000005
0.1595000000000013
0.07229999999999848
0.08660000000000068
0.1258000000000017
0.11199999999999832
0.20360000000000156
0.0884999999999998
0.027300000000000324
0.24749999999999872
0.7036000000000016
0.07729999999999748
0.18430000000000035
0.03440000000000154
0.25209999999999866
0.2636000000000003
0.1971999999999987
0.32860000000000156
0.23770000000000024
0.24990000000000023
0.06639999999999802
0.01810000000000045
0.034900000000000375
0.054999999999999716
0.013500000000000512
0.2195999999999998
0.20060000000000144
0.2879000000000005
0.10269999999999868
0.7462000000000018
0.4795999999999978
0.02909999999999968
0.2403000000000013
0.2820999999999998
0.09199999999999875
