0.1581999999999999
0.2766000000000002
0.13540000000000063
0.02629999999999999
0.11829999999999963
0.11709999999999976
0.14430000000000032
0.4706999999999999
0.1496000000000004
0.0118999999999998
0.09469999999999956
0.08750000000000036
0.2995000000000001
0.1398999999999999
0.1947000000000001
0.43679999999999986
0.33750000000000036
0.7616999999999994
0.17600000000000016
0.08500000000000085
0.11419999999999852
0.39840000000000053
0.11470000000000091
0.33530000000000015
0.13459999999999894
0.07010000000000005
0.06670000000000087
0.2181999999999995
0.5896000000000008
0.08349999999999902
0.01980000000000004
0.06509999999999927
0.3362000000000016
0.2195999999999998
0.03619999999999912
0.4839000000000002
0.4875000000000007
0.27449999999999974
0.15080000000000027
0.04919999999999902
0.11470000000000091
0.07310000000000016
0.4337
0.12190000000000012
0.12759999999999927
0.17929999999999957
0.017300000000000537
0.4259000000000004
0.02970000000000006
0.07169999999999987
0.07339999999999947
0.014200000000000657
0.3036999999999992
0.49870000000000125
0.14849999999999852
0.08920000000000172
0.15690000000000026
0.17649999999999721
0.22550000000000026
0.11210000000000164
0.1664999999999992
0.10660000000000025
0.03440000000000154
0.04299999999999926
0.06840000000000046
0.14289999999999736
0.10190000000000055
0.31780000000000186
0.13540000000000063
0.3933
0.6701999999999977
0.15290000000000248
0.25150000000000006
0.06939999999999813
0.47800000000000153
0.22860000000000014
0.017199999999998994
0.11990000000000123
0.06029999999999802
0.14420000000000144
0.3506
0.5323999999999991
0.049900000000000944
0.36299999999999955
0.09239999999999782
0.010600000000000165
0.04840000000000089
0.0470000000000006
0.17490000000000094
0.11959999999999837
0.42130000000000223
0.5015999999999998
0.22009999999999863
0.08609999999999829
0.07730000000000103
0.7934000000000019
0.29669999999999774
0.007600000000000051
