0.15954999999999941
0.4713275000000001
0.28362399999999965
0.05981450000000077
0.3025594999999992
0.021966500000000444
0.8247590000000002
0.23242099999999954
0.03075899999999976
0.07868600000000026
0.01963399999999993
0.08555700000000055
0.5160069999999992
0.1277115000000002
0.03940799999999989
0.33404349999999994
0.6162155000000009
0.18390149999999927
0.20776900000000076
0.4071125000000002
0.09544449999999927
0.12794249999999963
0.12634899999999938
0.028606500000000423
0.11764800000000086
0.03315950000000001
0.11908299999999983
0.033514499999999
0.3317250000000005
0.12320949999999975
0.5934144999999997
0.30343500000000034
0.029541500000000553
0.12742699999999907
0.020380499999999913
0.03471050000000098
0.21565949999999923
0.02819400000000094
0.017175999999999192
0.013326499999999797
0.14201650000000043
0.05371000000000059
0.06929749999999935
0.06533250000000024
0.038240500000000566
0.21532599999999924
0.08111500000000049
0.05419749999999901
0.19080650000000077
0.13340449999999926
0.025516000000001426
0.13867049999999992
0.0644089999999995
0.05307649999999953
0.10283249999999988
0.15458950000000016
0.18263750000000023
0.2551869999999994
0.08499049999999997
0.39958250000000106
0.8839555000000008
0.2549859999999988
0.09861199999999926
0.02635800000000188
0.19516449999999708
0.29413150000000243
0.07241450000000071
0.031275999999998305
0.08582850000000164
0.11797199999999819
0.07943799999999968
0.21993300000000104
0.016157499999998493
0.4084095000000012
0.42491799999999813
0.6555220000000013
0.07169550000000058
0.10418100000000052
0.11583249999999978
0.5546295000000008
0.0752404999999996
0.025584500000000787
0.1437104999999974
0.2656109999999998
0.2180470000000021
0.37846399999999747
0.052145000000002995
0.10479449999999702
0.11686650000000043
0.10022750000000258
0.21839399999999998
0.061415999999997695
0.17057700000000153
0.3565815000000008
0.05271399999999815
0.4049499999999995
0.36367800000000017
0.2420490000000015
0.06698949999999826
0.06293600000000055
0.2758414999999985
0.27353250000000173
0.31083050000000156
0.14663699999999835
0.08869350000000153
0.051518500000000245
0.04266399999999848
0.2910989999999991
0.16592500000000143
