0.025807699999999656
0.6852238999999996
0.05638760000000076
0.13509689999999974
0.061637000000000164
0.5381396999999994
0.15026670000000042
0.04386370000000017
0.14584899999999923
0.12216420000000028
0.008939299999999761
0.23415510000000062
0.09150789999999986
0.029119099999999953
0.11901130000000038
0.18237179999999942
0.20401310000000095
1.139957299999999
0.12392870000000045
0.06821910000000031
0.34055389999999974
0.2392126000000001
0.12840319999999927
0.11362010000000033
0.020315099999999475
0.42313050000000096
0.3798691999999999
0.10891279999999881
0.12862720000000039
0.2960545999999997
0.4557053
0.36592410000000086
0.2786401999999999
0.03344989999999903
0.13632260000000151
0.01051579999999852
0.18709050000000005
0.1739082000000014
0.21441139999999947
0.12674529999999962
0.1559746000000004
0.2759564000000001
0.40983020000000003
0.050860699999999426
0.16769689999999926
0.1095865000000007
1.1356187000000002
0.048686699999999306
0.01267700000000005
0.19855030000000085
0.11872620000000111
0.06543169999999776
0.0633133000000008
0.23043210000000158
0.07317779999999985
0.3111637999999992
0.19854529999999926
0.5718023999999993
0.009817999999999216
0.051082600000000866
0.1418834000000011
0.14034299999999789
0.32235420000000303
0.16609929999999906
0.05518550000000033
0.35030120000000053
0.13578339999999756
0.4622712
0.2414605000000023
0.20210569999999706
0.7455339000000016
0.13729809999999887
0.3268057000000013
0.017330600000001084
0.38975190000000026
0.10279219999999967
0.5466037999999998
0.012844399999998757
0.03089509999999862
0.21399270000000215
0.5496847999999979
0.12866610000000023
0.22649070000000293
0.1794610999999975
0.1255942999999995
0.6585079
0.2930956000000009
0.030620400000000103
0.05234169999999949
0.03522180000000219
