0.18236400000000064
0.28117199999999976
0.21593399999999985
0.38217000000000034
0.012248999999999732
0.03329700000000013
0.1621680000000003
0.10099199999999975
0.12773099999999982
0.7109040000000002
0.47881199999999957
0.01734900000000028
0.36693000000000087
0.04050899999999835
0.07075500000000012
0.2533260000000013
0.046931999999999974
0.3621029999999994
0.07970100000000002
0.05527200000000043
0.10398599999999902
0.23981100000000133
0.8694479999999984
0.052086000000000965
0.04316399999999909
0.33267000000000024
0.180021
0.17051700000000025
0.06834899999999955
0.01472400000000107
0.44420700000000046
0.09589499999999873
0.012287999999999855
0.0808320000000009
0.14255999999999958
0.26544900000000027
0.28389300000000084
0.1072109999999995
0.1608540000000005
0.2797799999999988
0.03163800000000094
0.01914599999999922
0.14951399999999992
0.06216900000000081
0.05225399999999958
0.049113000000000184
0.6059429999999999
0.1627919999999996
0.08914200000000072
0.910266
0.050499000000000294
0.24297599999999875
0.14170499999999997
0.004611000000000587
0.04418399999999956
0.513266999999999
0.062181000000002484
0.3297269999999983
0.400977000000001
0.33480300000000085
0.12949499999999858
0.04289699999999996
0.03743400000000108
0.5506469999999979
0.12206400000000173
0.1372409999999995
0.3336269999999999
0.075882
0.025836000000001746
0.42598499999999717
0.047579999999999956
0.11356200000000172
0.1306919999999998
0.027143999999999835
0.15296999999999983
0.4368149999999993
0.38409599999999955
0.28892700000000104
0.22157999999999944
0.013847999999999416
0.10880400000000279
0.10902600000000007
0.06045899999999804
0.2694030000000005
0.1323989999999995
0.4842329999999997
0.3087599999999995
0.06375300000000195
0.1591799999999992
0.11328900000000175
0.34979999999999833
0.287507999999999
0.11601900000000143
0.20305199999999957
0.1961340000000007
0.12212099999999992
0.042581999999999454
0.23965199999999953
0.48011100000000084
