0.06394199999999994
0.011045000000000194
0.3697469999999994
0.33546800000000054
0.2300209999999998
0.13408700000000007
0.133502
0.45030699999999957
0.4158369999999998
0.09792500000000004
0.6294059999999995
0.13815000000000133
0.3750459999999993
0.06080400000000097
0.25669899999999934
0.24986499999999978
0.026262000000000896
0.32452799999999904
0.02060900000000032
0.4246079999999992
0.01147700000000107
0.05396000000000001
0.04996299999999998
0.19675999999999938
0.010635999999999868
0.29320000000000057
0.04982099999999967
0.14057799999999965
0.11298600000000114
0.032687999999998496
0.08001400000000025
0.03307000000000038
0.585248
0.18231199999999959
0.15053699999999992
0.04305599999999998
0.49828600000000023
0.22444100000000056
0.38214900000000007
0.028420999999999808
0.07328199999999896
0.456411000000001
0.016339999999999577
0.35164800000000085
0.16808099999999904
0.021701999999999444
0.15892300000000148
0.1536080000000002
0.3890149999999988
0.2687760000000008
0.04736100000000043
0.38628599999999835
0.025924000000001612
0.052028999999999215
0.06284800000000068
0.15126299999999837
0.09557200000000066
0.1020960000000013
0.6069589999999998
0.23195300000000074
0.20787899999999837
0.26532399999999967
0.116734000000001
0.02520799999999923
0.12022599999999883
0.01661900000000216
0.2020099999999978
0.0521250000000002
0.1430780000000027
0.4484339999999989
0.06007400000000018
0.014952000000000965
0.049064999999998804
0.19830800000000082
0.14646399999999815
0.16664499999999904
0.04696100000000314
0.09346299999999985
0.08652099999999763
0.05817400000000106
0.19168399999999863
0.25982400000000183
0.09838999999999842
0.06185699999999983
0.10254300000000072
0.11604099999999917
0.17392600000000158
0.06758400000000009
0.20063299999999984
0.15041899999999941
0.3061550000000004
0.1481589999999997
0.39256599999999864
0.2302880000000016
0.3193780000000004
0.309352999999998
0.1836700000000029
0.04367099999999979
0.030933999999998463
0.9694779999999987
0.2763030000000022
0.05633699999999919
0.3390139999999988
0.2170240000000021
0.2204689999999978
