0.09600000000000009
0.07099999999999973
0.0940000000000003
0.014000000000000234
0.09100000000000019
0.054999999999999716
0.05600000000000005
0.0779999999999994
0.09800000000000075
0.19700000000000006
0.045999999999999375
0.025000000000000355
0.32899999999999974
0.10099999999999998
0.052999999999999936
0.06500000000000039
0.4580000000000002
0.07899999999999974
0.10499999999999954
0.053000000000000824
0.1379999999999999
0.2919999999999998
0.06899999999999995
0.28000000000000025
0.10699999999999932
0.22900000000000098
0.1169999999999991
0.12899999999999956
0.11000000000000121
0.12599999999999945
0.1460000000000008
0.045999999999999375
0.04400000000000048
0.10200000000000031
0.05099999999999838
0.05400000000000027
0.19500000000000028
0.08500000000000085
0.10999999999999943
0.4060000000000006
0.3999999999999986
0.017000000000001236
0.14700000000000024
0.12899999999999956
0.038000000000000256
0.02099999999999902
0.16800000000000104
0.125
0.06099999999999994
0.09199999999999875
0.0730000000000004
0.0600000000000005
0.15000000000000036
0.05799999999999983
0.04499999999999993
0.1720000000000006
0.16999999999999993
0.07499999999999929
0.14899999999999913
0.04200000000000159
0.010999999999999233
0.09500000000000064
0.11299999999999955
0.26500000000000057
0.030999999999998806
0.0259999999999998
0.3390000000000004
0.07200000000000095
0.5429999999999993
0.38700000000000045
0.19599999999999973
0.1349999999999998
0.040000000000000924
0.25
0.18499999999999872
0.07500000000000107
0.13299999999999912
0.42600000000000016
0.018000000000000682
0.3739999999999988
0.48499999999999943
0.15800000000000125
0.054999999999999716
0.2259999999999991
0.0259999999999998
0.05600000000000094
0.3410000000000011
0.14199999999999946
0.09600000000000009
0.11299999999999955
0.5360000000000014
0.03399999999999892
0.28300000000000125
0.18999999999999773
0.03500000000000014
0.08600000000000207
0.13899999999999935
0.19599999999999795
0.1460000000000008
0.06700000000000017
0.26699999999999946
0.16000000000000014
0.021000000000000796
0.05600000000000094
0.029999999999997584
0.07900000000000063
0.5100000000000016
0.2240000000000002
0.0799999999999983
0.16900000000000048
0.120000000000001
0.08599999999999852
0.6189999999999998
0.10100000000000264
0.4869999999999983
0.2989999999999995
0.15900000000000247
0.04199999999999804
0.3960000000000008
0.3789999999999978
0.06300000000000239
0.125
0.038999999999997925
0.37400000000000233
0.2240000000000002
