0.04549170000000036
0.3660680999999997
0.3176703000000005
0.10232289999999988
0.05605670000000007
0.2801209999999994
0.10998330000000056
0.0233333
0.0807348000000001
0.13397419999999993
0.1598891999999994
0.13923940000000012
0.2325305000000002
0.4451033000000004
0.07832159999999977
0.536740599999999
0.28261910000000157
0.10247259999999869
0.2516847000000002
0.2376389999999997
0.07603090000000101
0.48105879999999956
0.0419792999999995
0.09557530000000014
0.02612300000000012
0.36457599999999957
0.05888050000000078
0.019470800000000565
0.05551419999999929
0.1789202000000003
0.14120989999999978
0.16467139999999958
0.0798135000000002
0.12734370000000084
0.10910679999999928
0.20489519999999928
0.1230866000000006
0.13997679999999946
0.017073500000000408
0.15513200000000005
0.032411899999999605
0.560568
0.49465499999999984
0.06449800000000039
0.10457090000000058
0.12929570000000012
0.05412089999999914
0.04842730000000017
0.13091250000000088
0.3457713999999985
0.09663730000000115
0.14710949999999912
0.17540250000000057
0.09012380000000064
0.2876681999999988
0.04498020000000125
0.020888999999998603
0.30157090000000153
0.10954169999999941
0.1293538999999999
0.10311390000000031
0.30597350000000034
0.2122527999999999
0.2716025999999996
0.12557880000000132
0.3559077999999971
0.1461112
0.36232800000000154
0.10777200000000065
0.18200230000000062
0.11937289999999834
0.19816660000000041
0.2119250000000008
0.019452799999999826
0.07044999999999746
0.3058074000000026
0.3069749999999978
0.028540100000000734
0.04323180000000093
0.15801289999999923
0.3438048000000009
0.2906185999999984
0.07123509999999911
0.2273524000000009
0.03132860000000193
0.02134659999999755
0.128224000000003
0.38651209999999736
0.32029969999999963
0.060454599999999914
0.24141850000000176
0.013027499999999748
0.023677700000000357
0.01948279999999869
0.013230200000002412
0.28584819999999667
0.4318438000000029
0.528980599999997
0.28241840000000096
0.33482320000000243
0.0376999999999974
0.6644980000000018
0.019498199999997468
0.08635340000000014
0.25665070000000156
0.07616910000000132
0.16594419999999843
0.047244899999999035
0.039168800000002335
0.2551832999999988
0.16718720000000076
0.20349879999999843
0.013594100000002385
0.056887099999997304
0.017341000000001827
0.15531909999999982
