0.23439999999999994
0.35719999999999974
0.04809999999999981
0.04900000000000038
0.2362000000000002
0.15949999999999953
0.21009999999999973
0.018400000000000638
0.13119999999999976
0.0378999999999996
0.04459999999999997
0.04210000000000047
0.02909999999999968
0.16500000000000004
0.027300000000000324
0.23219999999999974
0.5040000000000004
0.07679999999999954
0.4342000000000006
0.3969000000000005
0.08579999999999899
0.041100000000000136
0.1382999999999992
0.01750000000000007
0.009700000000000486
0.9000000000000004
0.045099999999999696
0.037499999999999645
0.34080000000000155
0.20239999999999903
0.1816999999999993
0.042800000000001504
0.12979999999999947
0.14599999999999902
0.1471
0.05810000000000137
0.22930000000000028
0.16809999999999903
0.2115000000000009
0.4117999999999995
0.08840000000000003
0.1532
0.019000000000000128
0.07349999999999923
0.25
0.11920000000000108
0.03059999999999974
0.05059999999999931
0.05400000000000027
0.21059999999999945
0.12650000000000006
0.25820000000000043
0.14370000000000083
0.35440000000000005
0.06299999999999883
0.060900000000000176
0.32120000000000104
0.027099999999999014
0.05429999999999957
0.09810000000000052
0.3772000000000002
0.5998000000000001
0.22269999999999968
0.3180999999999994
0.21720000000000184
0.2727000000000004
0.10259999999999891
0.05900000000000105
0.3323999999999998
0.259999999999998
0.04609999999999914
0.02090000000000103
0.03580000000000183
0.016600000000000392
0.09719999999999729
0.096700000000002
0.37909999999999755
0.09100000000000108
0.10239999999999938
0.3202999999999996
0.3021000000000029
0.06819999999999737
0.020600000000001728
1.1464999999999996
0.23349999999999937
0.06670000000000087
0.5637000000000008
0.022700000000000387
0.6485999999999983
0.08310000000000173
0.10559999999999903
0.06510000000000105
0.060199999999998255
0.024100000000000676
0.21920000000000073
0.09019999999999939
0.3080999999999996
0.3733000000000004
0.021300000000000097
0.046599999999997976
0.049900000000000944
0.06869999999999976
0.03689999999999927
0.3683000000000014
0.13030000000000186
0.12959999999999994
0.3421999999999983
0.09140000000000015
0.09169999999999945
0.136099999999999
0.02430000000000021
0.19760000000000133
0.08119999999999905
0.061700000000001864
0.020299999999998875
