0.36599999999999966
0.06299999999999972
0.13500000000000068
0.016000000000000014
0.02999999999999936
0.19399999999999995
0.1280000000000001
0.009000000000000341
0.038000000000000256
0.14100000000000001
0.08199999999999985
0.13600000000000012
0.04299999999999926
0.14000000000000057
0.05400000000000027
0.03799999999999937
0.23899999999999988
0.02400000000000002
0.32699999999999996
0.26500000000000057
0.016000000000000014
0.05600000000000005
0.32699999999999996
0.10599999999999987
0.07199999999999918
0.057000000000000384
0.15000000000000036
0.22300000000000075
0.010999999999999233
0.08999999999999986
0.03700000000000081
0.0779999999999994
0.08300000000000018
0.02200000000000024
0.06099999999999994
0.28200000000000003
0.1739999999999995
0.009999999999999787
0.3230000000000004
0.12199999999999989
0.29299999999999926
0.3030000000000008
0.0730000000000004
0.2599999999999998
0.1639999999999997
0.5549999999999997
0.10100000000000087
0.041999999999999815
0.12400000000000055
0.2159999999999993
0.10200000000000031
0.31899999999999906
0.016000000000000014
0.08399999999999963
0.120000000000001
0.6180000000000003
0.14700000000000024
0.34999999999999964
0.12100000000000044
0.04899999999999949
0.12599999999999945
0.021000000000000796
0.08300000000000018
0.3699999999999992
0.354000000000001
0.053999999999998494
0.028999999999999915
0.031000000000000583
0.3130000000000006
0.054999999999999716
0.26699999999999946
0.35300000000000153
0.009000000000000341
0.46499999999999986
0.17599999999999838
0.15200000000000102
0.11799999999999855
0.018000000000000682
0.277000000000001
0.12399999999999878
0.0730000000000004
0.05900000000000105
0.06099999999999994
0.13299999999999912
0.4499999999999993
0.11599999999999966
0.3420000000000023
0.045999999999999375
0.036999999999999034
0.1819999999999986
0.27300000000000324
0.021999999999998465
0.05600000000000094
0.03999999999999915
0.16900000000000048
0.10899999999999821
0.06099999999999994
0.9090000000000025
0.06799999999999784
0.12400000000000233
0.08999999999999986
0.2240000000000002
0.2959999999999994
0.030999999999998806
0.09100000000000108
0.21899999999999764
0.015000000000000568
0.28300000000000125
0.22299999999999898
0.3490000000000002
0.054999999999999716
0.4239999999999995
0.25200000000000244
0.09799999999999898
0.31700000000000017
0.20700000000000074
0.021000000000000796
0.28999999999999915
0.2749999999999986
0.1980000000000004
0.010999999999999233
0.08699999999999974
