0.14830889999999997
0.2404598
0.09674199999999988
0.11815610000000021
0.2083168000000004
0.1932564999999995
0.17551070000000024
0.2756020999999995
0.2217797000000008
0.6882727999999991
0.37875570000000014
0.19141540000000035
0.1491358999999992
0.41136960000000045
0.20292189999999977
0.41272080000000066
0.19428279999999987
0.16121109999999916
0.12207900000000116
0.03153930000000038
0.37070589999999903
0.018373000000000417
0.0995588000000005
0.039451199999998465
0.24966670000000057
0.1987596000000007
0.1401823999999987
0.31200060000000107
0.36486109999999883
0.06121630000000167
0.3353219999999997
0.11960199999999865
0.08786870000000135
0.2234336999999993
0.03289980000000092
0.3082457999999999
0.02777539999999945
0.015573599999999743
0.43223710000000004
0.24062939999999955
0.1714456000000002
0.14251959999999997
0.02634300000000067
0.13369829999999894
0.1052730000000004
0.21688989999999997
0.22272590000000037
0.2467921999999998
0.19065819999999967
0.3113664000000007
0.3875025000000001
0.11389430000000011
0.18400450000000035
0.26359569999999977
0.2954384999999995
0.08722350000000034
0.21595280000000017
0.11380439999999936
0.012507700000000455
0.7304950999999988
0.05548080000000155
0.09905810000000059
1.2308763999999996
0.08182259999999886
0.08000080000000054
0.21170079999999913
0.08918330000000196
0.11144969999999788
0.3232153999999987
0.07025060000000138
0.1498878000000019
0.18401409999999885
0.11683550000000054
0.04634499999999875
0.052745900000001456
0.9441062000000002
0.030882699999999375
0.018631499999997914
0.44899480000000125
0.2090215999999998
0.5423979999999986
0.12638870000000324
0.22519219999999862
0.786691600000001
0.2891584999999992
0.34425919999999977
0.25122610000000023
0.12076390000000004
0.09602100000000036
