0.2899959999999995
0.05921900000000058
0.03357999999999972
0.4856020000000001
0.32948799999999956
0.2318990000000003
0.20159099999999963
0.20277600000000007
0.04259000000000057
0.5355379999999998
0.11299700000000001
0.22032700000000016
0.033487999999999296
0.06676799999999972
0.03000800000000048
0.11718199999999968
0.07130599999999987
0.14764200000000116
0.013391999999999626
0.3041590000000003
0.03365999999999936
0.051114999999999355
0.6060750000000006
0.3604300000000009
0.2337979999999984
0.04338000000000086
0.3354309999999998
0.9136009999999999
0.22840200000000088
0.01343499999999942
0.22439100000000067
0.04453899999999855
0.14654600000000073
0.11466599999999971
0.024777999999999523
0.01721900000000076
0.03695599999999999
0.08412799999999976
0.0489929999999994
0.26429800000000014
0.21945000000000014
0.052546000000001314
0.6980509999999995
0.18514300000000006
0.09338099999999905
0.26413200000000003
0.14584200000000003
0.22811300000000045
0.1202109999999994
0.21596599999999988
0.16079500000000024
0.07341100000000012
0.11022200000000026
0.39430300000000074
0.40952899999999914
0.47349700000000183
0.11909899999999851
0.29704200000000114
0.15466599999999886
0.26654999999999873
0.030903000000002123
0.04910999999999888
0.040876999999998276
0.15767600000000215
0.1491340000000001
0.040403999999998774
0.16818500000000114
0.17184800000000067
0.04799099999999967
0.041100000000000136
0.3728820000000006
0.13572799999999674
0.05493900000000096
0.1799350000000004
0.5102860000000007
0.1878089999999979
0.4109120000000033
0.2065899999999985
0.09207699999999974
0.12021899999999874
0.43181900000000084
0.42597100000000054
0.10997199999999907
0.4942209999999996
0.4169160000000005
0.6476570000000024
0.12709199999999754
1.0620049999999992
0.05204700000000173
0.06392999999999915
0.06948600000000127
0.009125000000000938
0.09854299999999938
0.0069990000000004216
0.11965000000000003
0.07389699999999877
0.13928900000000155
