0.11899999999999977
0.13900000000000023
0.2859999999999996
0.015000000000000568
1.2649999999999997
0.07800000000000029
0.2999999999999998
0.10299999999999976
0.3210000000000006
0.08599999999999941
0.3490000000000002
0.2370000000000001
0.1899999999999995
0.02000000000000135
0.5889999999999986
0.009999999999999787
0.0470000000000006
0.11899999999999977
0.37700000000000067
0.06199999999999939
0.2320000000000011
0.07499999999999929
0.023999999999999133
1.2200000000000006
0.20199999999999996
0.16600000000000037
0.04899999999999949
0.07800000000000118
0.08399999999999963
0.03999999999999915
0.009000000000000341
0.019999999999999574
0.3030000000000008
0.022999999999999687
0.16600000000000037
0.15000000000000036
0.053999999999998494
0.10100000000000087
0.018000000000000682
0.2679999999999989
0.1609999999999996
0.08500000000000085
0.08200000000000074
0.11899999999999977
0.18900000000000006
0.36299999999999955
0.1120000000000001
0.15000000000000036
0.10099999999999909
0.041999999999999815
0.22900000000000098
0.4339999999999993
0.25900000000000034
0.031000000000000583
0.05999999999999872
0.40700000000000003
0.2400000000000002
0.019000000000001904
0.41000000000000014
0.129999999999999
0.3299999999999983
0.16100000000000136
0.1750000000000007
0.27099999999999724
0.365000000000002
0.028999999999999915
0.20599999999999952
0.04299999999999926
0.05100000000000193
0.08099999999999952
0.1280000000000001
0.15800000000000125
0.07599999999999696
0.04900000000000304
0.4289999999999985
0.036000000000001364
0.16899999999999693
0.08100000000000307
0.16599999999999682
0.0870000000000033
0.03499999999999659
0.026000000000003354
0.3009999999999984
0.027000000000001023
0.34499999999999886
0.030999999999998806
0.1390000000000029
0.125
0.1739999999999995
0.03200000000000003
0.18499999999999872
0.0990000000000002
0.23799999999999955
0.013000000000001677
0.015999999999998238
0.15200000000000102
0.19399999999999906
0.27800000000000225
0.09199999999999875
0.08699999999999974
0.012000000000000455
0.1479999999999997
0.03200000000000003
0.08800000000000097
0.03599999999999781
0.018000000000000682
0.6739999999999995
0.3279999999999994
0.11700000000000088
0.1410000000000018
0.046999999999997044
0.16000000000000014
0.1680000000000028
0.23199999999999932
0.0259999999999998
0.2259999999999991
0.009000000000000341
0.20599999999999952
