0.29550000000000054
0.6096300000000001
0.11502999999999997
0.5655599999999996
0.06864000000000026
0.03251999999999988
0.1168800000000001
0.11360999999999954
0.06566000000000027
0.028400000000000425
0.20801999999999943
0.006780000000000008
0.03171000000000035
0.18254000000000037
0.4216099999999994
0.24301000000000084
0.0940499999999993
0.9840099999999996
0.24752000000000152
0.07114999999999938
0.062409999999999854
0.3559099999999997
0.16628000000000043
0.08555999999999919
0.24379000000000062
0.1198099999999993
0.2853000000000012
0.18285000000000018
0.1929299999999987
0.4815300000000011
0.3029700000000002
0.2018500000000003
0.36190999999999995
0.04129000000000005
0.1638199999999994
0.024029999999999774
0.4323700000000006
0.21210999999999913
0.1383700000000001
0.2648500000000009
0.2583500000000001
0.06339999999999968
0.20938999999999908
0.03366000000000113
0.16671999999999976
0.06461000000000006
0.10564999999999891
0.17604000000000042
0.09098000000000006
0.024420000000000996
0.11317999999999984
0.133659999999999
0.8897400000000015
0.06145000000000067
1.3027999999999977
0.3645200000000024
0.10974999999999824
0.05071999999999832
0.2966600000000028
0.03394999999999726
0.04192000000000107
0.4148700000000005
0.14355000000000118
0.04169999999999874
0.127950000000002
0.20058999999999827
0.05512999999999835
0.4372100000000003
0.011590000000001766
0.6376999999999988
0.03135999999999939
0.3522500000000015
0.06370000000000076
0.0941200000000002
0.10702999999999818
0.21801999999999921
0.08399000000000001
0.13980000000000103
0.5107300000000023
0.01308999999999827
0.0359000000000016
0.02856999999999843
0.08042999999999978
0.22890999999999906
0.04415000000000191
0.06403999999999854
0.25390000000000157
0.3637599999999992
0.17490000000000094
0.15239000000000047
0.09520999999999802
0.014580000000002258
0.04526999999999859
0.09240000000000137
0.2700599999999973
0.042740000000002
0.13995999999999853
0.7308200000000014
