0.6345812500000001
0.1204787499999993
0.1725512500000006
0.11545000000000005
0.08489774999999966
0.0115577499999997
0.0565175
0.6512652500000007
0.28654274999999974
0.5757147499999995
0.13556174999999993
0.4817817499999997
0.4267302500000003
0.047581000000000984
0.358822
0.14760824999999933
0.04790599999999934
0.029975250000001452
0.30462774999999986
0.48475775
0.017896499999999094
0.29436775000000104
0.18755399999999867
0.15708949999999966
0.20157000000000025
0.026327750000000094
0.08395050000000026
0.47203449999999947
0.195586500000001
0.31342725000000016
0.08960624999999922
0.16379925000000028
0.3386182499999997
0.15284175000000033
0.2782095000000009
0.04900399999999827
0.07436625000000063
0.13791074999999964
0.07649225000000115
0.8710952499999998
0.014155499999999321
0.3227700000000002
0.013201000000000462
0.2671355000000002
0.03358024999999998
0.13740499999999933
0.26523199999999925
0.4634530000000012
0.0999162499999997
0.46149400000000007
0.24889724999999885
0.023579749999999677
0.5049510000000019
0.06022000000000105
0.030581999999999
0.5458439999999989
0.021222999999999104
0.1046465000000012
0.0090040000000009
0.13140375000000049
0.02073724999999982
0.05236674999999735
0.16094849999999994
0.324345000000001
0.18572324999999879
0.3040945000000015
0.1014297500000012
0.2407472499999983
0.04313575000000114
0.25045049999999947
0.035879250000000695
0.6014402499999996
0.07842975000000152
0.1950739999999982
0.1410625000000003
0.036463000000001244
0.09363674999999816
0.027443500000000398
0.2936754999999991
0.10425675000000112
0.4911530000000006
0.07872799999999813
0.41742424999999983
0.4957772499999997
0.0838187500000025
0.19748699999999886
0.4373454999999993
0.10846899999999948
0.023357250000000107
0.05570850000000149
0.18130049999999898
0.12140275000000145
0.11493899999999968
0.09529350000000036
0.2720064999999998
0.31324275000000057
