0.17901470000000064
0.025950899999999777
0.08079069999999966
0.3425377000000003
0.04469389999999951
0.4329365000000003
0.20903120000000008
0.1517495000000002
0.10557429999999979
0.0347963
0.21660210000000024
0.2424533000000002
0.036651399999999335
0.0768121000000006
0.05484569999999955
0.05220170000000035
0.15780999999999956
0.3612997
0.21059049999999946
0.23096740000000082
0.05655649999999923
0.17085860000000075
0.5535023999999993
0.25343499999999963
0.20637600000000056
0.3149457000000009
0.07100299999999926
0.21495580000000025
0.2944230000000001
0.08006849999999943
0.022947200000000834
0.1309123999999997
0.1565341999999994
0.07276919999999976
0.19703789999999977
0.21097250000000045
0.047716199999999986
0.3992981000000011
0.12033769999999855
0.4503446000000011
0.07890899999999945
0.17864330000000095
0.3138405999999989
0.046454100000000054
0.04158710000000099
0.22341179999999916
0.08223360000000035
0.10138590000000036
0.14030139999999847
0.32205810000000135
0.04162999999999961
0.12331580000000031
0.0669398000000001
0.20103519999999975
0.19705869999999948
0.39184039999999953
0.21748730000000016
0.22961010000000037
0.07091549999999991
0.16182990000000075
0.4451955000000005
0.04986539999999806
0.01567370000000068
0.7228978999999995
0.15219550000000126
0.13482139999999987
0.20303059999999817
0.0859505000000027
0.21960610000000003
0.03753030000000024
0.015002299999999025
0.11680510000000055
0.139219599999997
0.22494470000000177
0.7403392000000011
0.06956359999999862
0.008508899999998931
0.36722819999999956
0.03958700000000093
0.018649100000001084
0.05573980000000134
0.1452328999999999
0.014144299999998111
0.1410827000000019
0.1372045999999969
0.10256190000000132
0.22790739999999943
0.26258040000000094
0.19498979999999833
0.09715950000000007
0.03840390000000227
0.08414870000000008
0.35686489999999793
0.30556600000000245
0.04207629999999796
0.11805890000000119
0.08445790000000031
0.1392723999999994
0.06900369999999967
0.20216560000000072
0.09483489999999861
0.014809599999999534
0.13223969999999952
0.19358720000000318
0.4442727999999967
0.2748472000000035
0.33738859999999704
0.0989038000000022
0.30770249999999777
0.1740546000000016
0.010582799999998116
0.11042750000000012
0.04784590000000222
0.3678962999999982
