0.2792710000000005
0.14221549999999983
0.08169000000000004
0.1074440000000001
0.018902999999999892
0.05928199999999961
0.7032620000000005
0.1651069999999999
0.12487799999999982
0.005098499999999895
0.5591140000000001
0.23871049999999983
0.1766639999999997
0.39757650000000044
0.29557900000000004
0.015810500000000616
0.17834149999999838
0.0953860000000013
0.33213899999999974
0.08005050000000047
0.05221849999999861
0.23587500000000006
0.21906150000000046
0.01549100000000081
0.5836410000000001
0.06274299999999933
0.6652839999999998
0.015361000000000402
0.12164049999999982
0.02160250000000019
0.18918649999999992
0.4530574999999999
0.1332760000000004
0.20924849999999928
0.2942940000000007
0.08324749999999881
0.08520000000000039
0.09757899999999964
0.1693680000000004
0.17414050000000003
0.2860220000000009
0.052429499999998797
0.035600500000001034
0.08826649999999958
0.06022149999999904
0.14096500000000134
0.013285499999998507
0.11889400000000094
0.16065350000000045
0.05726750000000003
0.2701849999999997
0.05565149999999974
0.3096879999999995
0.3250085000000009
0.2720319999999994
0.4011654999999994
0.4082454999999996
0.28955450000000127
0.12792500000000118
0.043499999999998096
0.05369500000000116
0.2731749999999984
0.1870750000000001
0.3472395000000006
0.05507650000000197
0.5149249999999981
0.4231820000000006
0.14353249999999917
0.22082350000000162
0.056338999999997696
0.18586600000000075
0.006560000000000343
0.16185899999999975
0.13431399999999982
0.26428100000000043
0.09878300000000095
0.28812950000000015
0.14669649999999734
0.05401600000000073
0.196079000000001
0.340446
0.01736100000000107
0.14161550000000034
0.19792899999999847
0.03613950000000088
0.09559999999999746
0.07175200000000004
0.0198740000000015
0.2569030000000012
0.1163509999999981
0.03931400000000096
0.20786599999999922
0.15164899999999903
0.5917355000000022
0.20981899999999953
0.2722775000000013
0.16133049999999827
0.1372719999999994
0.04036750000000211
0.07797249999999778
0.37358599999999953
0.09310250000000053
0.08311499999999938
0.2795905000000012
0.1471139999999984
0.10297800000000024
0.15987150000000128
