0.41696000000000044
0.14864999999999995
0.05848999999999993
0.2892999999999999
0.4274300000000002
0.010399999999999743
0.6948500000000006
0.07321999999999917
0.09641000000000055
0.042790000000000106
0.32125999999999966
0.16931999999999992
0.1702900000000005
0.20326000000000022
0.03187999999999924
0.032249999999999446
0.017900000000000915
0.17448000000000086
0.2997299999999985
0.11592000000000091
0.14264999999999972
0.6311999999999998
0.4148600000000009
0.06831999999999994
0.023930000000000007
0.3994099999999996
0.07804999999999929
0.4868800000000011
0.1831700000000005
0.06640999999999941
0.12869000000000064
0.0925199999999986
0.58155
0.3653000000000013
0.08138999999999896
0.5525099999999998
0.1930000000000014
0.31320999999999977
0.3989799999999999
0.2424900000000001
0.33418999999999954
0.2106899999999996
0.08032000000000039
0.3027999999999995
0.14769000000000077
0.18601999999999919
0.028630000000001488
0.0884299999999989
0.4236000000000004
0.016629999999999256
0.036290000000001044
0.1654599999999995
0.10103000000000151
0.05875999999999948
0.30316999999999794
0.3577900000000014
0.32941999999999894
0.215600000000002
0.20781999999999812
0.4371500000000026
0.05194999999999794
0.027909999999998547
0.11884000000000228
0.11073000000000022
0.11992000000000047
0.07070999999999827
0.24117999999999995
0.05193000000000225
0.17541999999999902
0.3099500000000006
0.1389800000000001
0.016919999999998936
0.1134599999999999
0.03885999999999967
0.11672000000000082
0.02611999999999881
0.011990000000000833
0.28540999999999883
0.0529200000000003
0.07039999999999935
0.41554999999999964
0.22607
0.061070000000000846
0.12583000000000055
0.1836500000000001
0.1598000000000006
0.3474499999999985
0.08533000000000257
0.0679799999999986
0.1744899999999987
0.05245999999999995
0.004680000000000462
0.4889600000000023
0.04316000000000031
0.31721999999999895
0.035899999999998045
0.15477000000000274
0.39143999999999934
0.14779000000000053
0.14895999999999887
0.12358000000000047
0.10209000000000046
0.18629999999999924
0.026969999999998606
0.11144000000000176
0.23478000000000065
0.01577999999999946
