0.0223665000000004
0.36573674999999994
0.21031224999999942
0.20370075000000032
0.7363912499999996
0.2118967500000002
0.16992150000000006
0.17592850000000038
0.11529024999999926
0.20501375
0.1613540000000011
0.4105622499999999
0.03201774999999962
0.3104937499999991
0.02945625000000085
0.08101199999999942
0.34915275
0.007884000000000668
0.15270849999999925
0.04807749999999977
0.14972525000000125
0.124784
0.1635359999999988
0.252134250000001
0.03700599999999987
0.28706749999999914
0.006044250000000417
0.07426324999999956
0.07564700000000002
0.14402049999999988
0.17484325000000034
0.18246425000000066
0.7051507499999996
0.1342742500000007
0.10023624999999825
0.19611475000000134
0.12428424999999876
0.29363825000000077
0.20722175000000043
0.08246525000000027
0.2394167499999984
0.33438450000000053
0.06596724999999992
0.055824499999999944
0.0977887500000012
0.05386749999999907
0.40335699999999974
0.08154200000000067
0.2770702499999995
0.24546050000000008
0.11490775000000042
0.7779585000000004
0.08395324999999865
0.2383292499999996
0.09347950000000083
0.14076599999999928
0.08364350000000087
0.3141904999999987
0.00704600000000255
0.49601649999999964
0.04930350000000061
0.26713849999999795
0.30565724999999944
0.5327595000000009
0.052091250000000144
0.20476024999999964
0.4414215000000006
0.21948875
0.026019500000000306
0.17225750000000062
0.14180724999999939
0.05414425000000023
0.21332675000000023
0.04675349999999767
0.2422485000000023
0.3992647500000004
0.024672499999997655
0.10070050000000208
0.02827924999999709
0.11215225000000117
0.03739425000000196
0.08812275000000014
0.18102850000000004
0.12764199999999803
0.1260645000000018
0.34249249999999876
0.15545549999999864
0.09046149999999997
0.03830750000000194
0.10517774999999929
0.029003249999998815
0.23493500000000012
0.05119775000000004
0.02238374999999948
0.06191749999999985
0.3058417500000026
0.14476074999999966
0.37498875
0.3471442499999995
0.014887500000000387
0.017467499999998637
0.5358362499999991
0.1455742500000028
0.02379424999999813
0.1233082500000009
0.034510999999998404
0.0758812500000019
0.06462949999999879
0.20350249999999903
