0.2234499999999997
0.048200000000000465
0.03978999999999999
0.33223999999999965
0.14789999999999992
0.8365200000000002
0.07798000000000016
0.03645999999999994
0.8477300000000003
0.6352899999999995
0.10954000000000086
0.014059999999998851
0.029950000000001253
0.14972999999999992
0.049389999999998935
0.45159000000000127
0.0681200000000004
0.13715999999999973
0.019539999999999225
0.03218999999999994
0.3462700000000005
0.025100000000000122
0.09081999999999901
0.5422000000000011
0.16659999999999897
0.18113000000000135
0.07702999999999882
0.05142000000000024
0.11885000000000012
0.031299999999999883
0.5591299999999997
0.15066000000000024
0.30372999999999983
0.11896000000000129
0.07166999999999923
0.13960999999999935
0.6595600000000008
0.036440000000000694
0.144029999999999
0.021869999999999834
0.10918000000000028
0.4439700000000002
0.17080999999999946
0.09468000000000032
0.19822000000000095
0.3281599999999987
0.09766000000000119
0.11041999999999952
0.033799999999999386
0.20773000000000152
0.2002499999999987
0.10984999999999978
0.5408400000000011
0.033030000000000115
0.03456999999999866
0.12767000000000195
0.12162999999999968
0.13349999999999795
0.01536000000000115
0.2301700000000011
0.2631300000000003
0.06345999999999918
0.01898999999999873
0.09618000000000038
0.2608300000000021
0.0834099999999971
0.027319999999999567
0.19510000000000005
0.06397000000000119
0.05666000000000082
0.02493000000000123
0.23634999999999806
0.16171999999999898
0.02838000000000207
0.03096000000000032
0.2399199999999979
0.05082000000000164
0.03615999999999886
0.1276900000000012
0.05165999999999826
0.5213400000000021
0.07158000000000087
0.13232
0.010329999999999728
0.26940999999999704
0.07962000000000202
0.09322999999999837
0.10941000000000045
0.09750999999999976
0.49671999999999983
0.05111000000000132
0.14036000000000115
0.3777399999999993
0.12021999999999977
0.08237000000000094
0.01121999999999801
0.06850000000000023
0.2173400000000001
0.23876999999999882
0.22240000000000038
0.013239999999999696
0.45885000000000176
0.10386000000000095
0.20379999999999754
0.03808000000000078
0.02271999999999963
0.17922000000000082
0.4584399999999995
0.18936000000000064
0.07319999999999993
0.03837000000000046
0.22151999999999816
0.024869999999999948
0.3968700000000034
0.08352999999999966
0.011829999999999785
