0.1415740000000003
0.04243299999999994
0.1421834999999998
0.2803507500000002
0.043860999999999706
0.3347365
0.4222394999999999
0.016358000000000317
0.10844475000000031
0.29796474999999933
0.13890400000000014
0.09700175000000044
0.06915699999999969
0.19297699999999995
0.11508375000000015
0.09006449999999955
0.5003384999999998
0.19159274999999987
0.017545500000000658
0.11696899999999921
0.11153350000000017
0.3831085000000005
0.5378869999999996
0.25054850000000073
0.14713425000000058
0.16382499999999922
0.07784700000000022
0.1518145000000004
0.21580975000000002
0.05358674999999913
0.05055499999999924
0.0609920000000006
0.2807440000000003
0.0274795000000001
0.3121755000000004
0.10630024999999854
0.13696325000000087
0.04798225000000045
0.05644799999999961
0.040822499999999096
0.17027700000000046
0.4319164999999998
0.5300312500000004
0.009209999999999496
0.06463150000000084
0.0527874999999991
0.0718160000000001
0.017260000000000275
0.07193550000000037
0.10940174999999996
0.14943725000000008
0.21481700000000004
0.12569575000000022
0.11835624999999972
0.026690249999999693
0.3633349999999993
0.19634575000000076
0.6272129999999994
0.14860325000000074
0.0740172500000007
0.08999199999999874
0.013462500000001043
0.07080374999999961
0.056832999999999245
0.5977447500000004
0.19060149999999965
0.19865800000000178
0.10291374999999903
0.368340749999998
0.021456000000000586
0.1209900000000026
0.20554924999999713
0.4548182500000024
0.2061512499999978
0.9636640000000014
0.037690000000001334
0.26112199999999675
0.09547050000000112
0.12167275000000188
0.21871374999999915
0.33567000000000036
0.14335824999999858
0.2740210000000012
0.3969124999999991
0.46161850000000015
0.06775899999999879
0.17203600000000208
0.049520499999999856
0.261258999999999
0.04310925000000054
0.38930674999999937
0.008925500000000142
0.24725850000000094
0.2981595000000006
0.11992724999999993
0.03146049999999789
0.07150874999999957
0.01858775000000179
0.6326040000000006
0.09443624999999756
0.2209497500000026
0.1906587499999972
0.1033935000000028
0.03735849999999985
0.3268317500000002
