0.04440899999999992
0.22097700000000042
0.22103099999999998
0.2904839999999993
0.13795800000000025
0.10875900000000005
0.33045300000000033
0.0486930000000001
0.20194499999999938
0.38586900000000046
0.2527980000000003
0.020519999999999428
0.04645800000000033
0.09093899999999966
0.6114930000000003
0.019242000000000203
0.1782900000000005
0.06697799999999887
0.7321650000000002
0.23137200000000036
0.13738799999999962
0.12147900000000078
0.08153100000000002
0.343731
0.26138699999999915
0.31472699999999953
0.015885000000000815
0.3548399999999994
0.04581899999999983
0.17892900000000012
0.25622400000000134
0.19577999999999918
0.3698309999999996
0.4612499999999997
0.07881900000000108
0.1427069999999997
0.17460900000000024
0.19241399999999942
0.03931799999999974
0.41205600000000153
0.017522999999998845
0.30898499999999984
0.08996699999999969
0.18943500000000135
0.2358659999999997
0.273714
0.07792500000000047
0.3074009999999987
0.33323700000000045
0.06633599999999973
0.013832999999999984
0.20646900000000024
0.11007299999999987
0.017229000000000383
0.06046199999999935
0.05225100000000005
0.4687050000000017
0.2414190000000005
0.3735779999999984
0.18785400000000152
0.09841799999999878
0.03519899999999865
0.021291000000001503
0.037610999999998285
0.32904900000000126
0.7232880000000002
0.4615739999999988
0.12082799999999949
0.15508500000000325
0.11771999999999849
0.08618399999999937
0.0676470000000009
0.5569799999999994
0.5413169999999994
0.1023750000000021
0.1091099999999976
0.04948500000000067
0.19151400000000152
0.03323400000000021
0.18642599999999732
0.07425300000000234
0.07598399999999828
0.35076600000000013
0.3322649999999996
0.07574400000000026
0.7705170000000017
0.03724499999999864
0.482565000000001
0.1329810000000009
0.17648699999999806
0.017412000000000205
0.31906500000000193
0.2676809999999996
0.1329749999999983
0.10462800000000172
0.012999000000000649
0.06084899999999749
0.05601000000000056
0.02707799999999949
