0.07599999999999962
0.18700000000000028
0.29300000000000015
0.08399999999999963
0.32200000000000006
0.4139999999999997
0.08800000000000008
0.23099999999999987
0.07400000000000073
0.08699999999999974
0.5090000000000003
0.04699999999999971
0.492
0.1169999999999991
0.02400000000000091
0.015000000000000568
0.1509999999999998
0.051000000000000156
0.6159999999999997
0.06599999999999895
0.1070000000000011
0.5
0.3539999999999992
0.30799999999999983
0.23600000000000065
0.0730000000000004
0.0259999999999998
0.0259999999999998
0.1720000000000006
0.16000000000000014
0.34199999999999875
0.025000000000000355
0.03599999999999959
0.10100000000000087
0.02800000000000047
0.02999999999999936
0.02200000000000024
0.04800000000000004
0.0909999999999993
0.062000000000001165
0.026999999999999247
0.023999999999999133
0.1800000000000015
0.1039999999999992
0.0909999999999993
1.040000000000001
0.11100000000000065
0.09199999999999875
0.06800000000000139
0.26699999999999946
0.2140000000000004
0.5609999999999999
0.10899999999999999
0.21499999999999986
0.1399999999999988
0.19200000000000017
0.4139999999999997
0.05600000000000094
0.034000000000000696
0.17999999999999972
0.051000000000000156
0.1789999999999985
0.04899999999999949
0.0920000000000023
0.04299999999999926
0.08899999999999864
0.23200000000000287
0.07399999999999807
0.3689999999999998
0.18400000000000105
0.053999999999998494
0.2029999999999994
0.23900000000000077
0.0660000000000025
0.06299999999999883
0.04899999999999949
0.41000000000000014
0.03200000000000003
0.33500000000000085
0.036999999999999034
0.0259999999999998
0.11599999999999966
0.5919999999999987
0.4140000000000015
0.054999999999999716
0.3150000000000013
0.46399999999999864
0.0920000000000023
0.046999999999997044
0.06800000000000139
0.018000000000000682
0.045999999999999375
0.08999999999999986
0.14699999999999847
0.28500000000000014
0.06400000000000006
0.1130000000000031
0.24199999999999733
0.08600000000000207
0.27199999999999847
0.05000000000000071
0.20199999999999818
0.06800000000000139
0.03500000000000014
0.13100000000000023
0.08299999999999841
0.03200000000000003
0.11299999999999955
0.6030000000000015
0.08999999999999986
0.1269999999999989
0.05600000000000094
0.5399999999999991
0.08300000000000196
0.022999999999999687
0.02499999999999858
0.08800000000000097
0.11100000000000065
0.2289999999999992
