0.19740500000000072
0.27512579999999964
0.12289349999999999
0.09799060000000015
0.11489689999999975
0.08156500000000033
0.06906519999999983
0.013095499999999483
0.08947690000000019
0.04738450000000061
0.04066299999999945
0.4917560999999999
0.2292386999999998
0.056013300000000044
0.05407950000000028
0.12980760000000036
0.039399599999999424
0.056115800000000604
0.0792484
0.16957039999999957
0.022709599999999774
0.19406210000000002
0.07565560000000016
0.026793200000000184
0.09368399999999966
0.03008849999999974
0.09164580000000022
0.4140358000000006
0.21507390000000015
0.2920297999999999
0.11314119999999939
0.1526253000000004
0.05253349999999912
0.3180472999999999
0.037890800000001335
0.193295599999999
0.11678389999999972
0.07321130000000053
0.4701223999999993
0.12198220000000148
0.023054600000000036
0.21333819999999903
0.23998790000000092
0.24912009999999896
0.22955190000000059
0.09460230000000003
0.6006474999999991
0.7706172000000002
0.06989390000000029
0.051250200000000135
0.01680509999999913
0.030720000000000525
0.5157503999999999
0.0507742000000011
0.13913609999999998
0.2889189999999999
0.13585199999999986
0.2704650999999991
0.03890980000000077
0.08738569999999868
0.38403540000000014
0.015505400000000336
0.04690120000000064
0.5059716999999999
0.027136900000000352
0.032211199999998996
0.2539094000000013
0.21775889999999976
0.11442590000000052
0.3808056999999998
0.4954863999999972
0.04785600000000301
0.09350059999999871
0.0615351000000004
0.36350200000000044
0.01888620000000074
0.04652399999999801
0.21326480000000103
0.8992053999999996
0.04217129999999969
0.09337340000000083
0.07763999999999882
0.14716780000000185
0.038702999999998156
0.14480939999999975
0.06990430000000103
0.2567824999999999
0.03784130000000019
0.48339149999999975
0.03460970000000074
0.33278499999999767
0.25379080000000087
0.028829200000000554
0.23102929999999944
0.06110359999999915
0.026755600000001323
0.23124229999999812
0.19108610000000326
0.6194437999999991
0.9233830999999988
0.19663540000000168
0.27709729999999766
0.1896265000000028
0.0576447999999985
0.3818741999999986
0.055878800000002116
0.2541632000000007
0.09914189999999934
0.04788250000000005
