0.05489700000000042
0.008396999999999544
0.2832480000000004
0.22869600000000023
0.27007199999999987
0.07023599999999952
0.262416
0.13198500000000024
0.06752100000000016
0.18710700000000013
0.1490309999999999
0.1476329999999999
0.045245999999999675
0.4195380000000002
0.37113900000000033
0.009071999999999747
0.13097400000000015
0.1891020000000001
0.2763960000000001
0.021620999999999668
0.12880799999999937
0.039717000000001335
0.09348599999999863
0.05621100000000112
0.0963630000000002
0.04800000000000004
0.2834039999999991
0.014931000000000694
0.35009400000000035
0.0862229999999986
0.2688600000000001
0.25763400000000125
0.19357199999999963
0.23631600000000041
0.21272699999999922
0.444153
0.3725550000000002
0.30139799999999894
0.1177140000000012
0.18075900000000011
0.09329699999999974
0.10498800000000053
0.1885349999999999
0.43295999999999957
0.12841799999999992
0.11762700000000059
0.6937889999999989
0.30496199999999973
0.05387699999999995
0.06102900000000133
0.04052699999999909
0.30406200000000005
0.013023000000000451
0.1364819999999991
0.13013100000000044
0.06354900000000008
0.32155500000000004
0.13967700000000072
0.48131400000000113
0.1600559999999973
0.6231749999999998
0.16472700000000273
0.32355599999999995
0.26979299999999995
0.026801999999999992
0.26549400000000034
0.3950129999999987
0.3579599999999985
0.34937100000000143
0.29040600000000083
0.036263999999999186
0.13924799999999848
0.055209000000001396
0.09254400000000018
0.17209199999999925
0.4803120000000014
0.07394999999999996
0.46293899999999866
0.02558700000000158
0.5891069999999985
0.04211700000000107
0.17490899999999954
0.009599999999998943
0.19436699999999973
0.20399100000000203
0.21718199999999754
0.10572300000000112
0.00776700000000119
0.224498999999998
0.26147100000000023
0.060003000000001805
0.11726699999999823
0.5539380000000023
0.12463799999999736
0.10113000000000127
0.03301799999999844
0.009555000000002423
0.17408400000000057
0.1732680000000002
0.3328169999999986
0.058061999999999614
0.21492900000000148
