0.06259999999999977
0.0721999999999996
0.2279
0.08690000000000087
0.13509999999999955
0.056199999999999584
0.5254000000000003
0.17050000000000054
0.030199999999999783
0.06550000000000011
0.15799999999999947
0.21580000000000066
0.36109999999999953
0.06709999999999994
0.2453000000000003
0.7893999999999997
0.7961000000000009
0.034699999999999065
0.1919000000000004
0.46340000000000003
0.19619999999999926
0.15470000000000006
0.33009999999999984
0.08810000000000073
0.44090000000000096
0.25659999999999883
0.09980000000000011
0.013999999999999346
0.23680000000000057
0.3384999999999998
0.1288999999999998
0.020200000000000884
0.06789999999999985
0.1838999999999995
0.15639999999999965
0.1919000000000004
0.13870000000000005
0.08929999999999971
0.08280000000000065
0.1369000000000007
0.1365999999999996
0.09079999999999977
0.017799999999999372
0.2624000000000013
0.10549999999999926
0.14610000000000056
0.15850000000000009
0.5993999999999993
0.25810000000000066
0.043699999999999406
0.06370000000000076
0.009999999999999787
0.08179999999999943
0.04100000000000037
0.20110000000000028
0.08559999999999945
0.038899999999999935
0.22990000000000066
0.051000000000000156
0.15399999999999991
0.06119999999999948
0.15670000000000073
0.31019999999999825
0.05560000000000187
0.31230000000000047
0.1554000000000002
0.07819999999999894
0.1891999999999996
0.04980000000000118
0.4369999999999976
0.14339999999999975
0.29460000000000264
0.25659999999999883
0.22909999999999897
0.17890000000000228
0.11849999999999739
0.11530000000000129
0.0987000000000009
0.3116999999999983
0.03240000000000265
0.23519999999999897
0.08709999999999951
0.2911999999999999
0.020800000000001262
0.1711999999999989
0.1778000000000013
0.03569999999999851
0.05730000000000146
0.06629999999999825
0.08559999999999945
0.23659999999999926
0.5045000000000002
0.16630000000000322
0.2911999999999999
0.044899999999998386
0.08599999999999852
0.09980000000000189
0.06259999999999977
0.8582000000000001
0.03790000000000049
0.1819999999999986
0.19260000000000232
0.03569999999999851
0.21359999999999957
0.26060000000000016
0.4134999999999991
0.021399999999999864
0.03219999999999956
0.02230000000000132
0.11710000000000065
0.02319999999999922
0.11929999999999907
