0.2170741000000005
0.6888616000000001
0.09458519999999915
0.12552630000000065
0.051095099999999505
0.09813589999999994
0.057435400000000136
0.07929750000000002
0.11554450000000038
0.021984599999999688
0.35032260000000015
0.16670669999999976
0.44523190000000046
0.44342210000000026
0.3523071999999985
0.15762950000000053
0.4428540000000005
0.15008710000000036
0.11556940000000004
0.7024673999999997
0.05422759999999904
0.1290799000000007
0.28016230000000064
0.09155099999999905
0.19562720000000056
0.08903059999999918
0.25933460000000075
0.019035199999999364
0.15075769999999977
0.18870509999999996
0.23198690000000077
0.03181520000000049
0.33716409999999897
0.27095540000000007
0.04105050000000077
0.08577380000000012
0.1735313999999999
0.12356630000000024
0.0278419999999997
0.21032159999999855
0.5881745000000009
0.023305099999999968
0.42313940000000017
0.09948759999999979
0.16884639999999962
0.7643129000000002
0.5461989000000003
0.18196799999999946
0.26035300000000206
0.08733049999999665
0.16699930000000052
0.02653049999999979
0.39870300000000114
0.01842810000000128
1.4348788999999975
0.010361400000000742
0.19556950000000128
0.14160580000000067
0.10815549999999874
0.4058337999999999
0.03031920000000099
0.020026200000000216
0.19060589999999777
0.5589517000000015
0.11517689999999803
0.007053600000002547
0.547039299999998
0.10218150000000037
0.14475610000000216
0.03892059999999731
0.09961009999999959
0.8531680000000001
0.0530961000000012
0.07496970000000047
0.24334169999999844
0.0657545000000006
0.019416400000000777
0.08752799999999894
0.1825682999999998
0.2726924000000004
0.39258230000000083
0.19553880000000134
0.13054079999999857
0.19031269999999978
0.24241329999999905
0.0192742999999993
0.14386460000000056
0.16708480000000137
0.07708709999999996
0.07728439999999992
0.0812722000000008
0.013796199999998038
0.07581290000000251
0.0693673999999973
0.1901516000000001
