0.09872000000000014
0.017590000000000217
0.05356000000000005
0.2006899999999998
0.10541999999999963
0.14724000000000004
0.11968000000000067
0.13838999999999935
0.03773000000000071
0.1779199999999994
0.04905000000000026
0.1821900000000003
0.71089
0.09162999999999943
0.09207000000000054
0.1671800000000001
0.1001499999999993
0.027740000000000542
0.2684299999999995
0.39543000000000106
0.22312999999999938
0.21921999999999997
0.015560000000000684
0.16066999999999965
0.1261100000000006
0.18026999999999838
0.04923000000000144
0.016629999999999256
0.059340000000000614
0.17504999999999882
0.032849999999999824
0.5646000000000004
0.32256000000000107
0.728489999999999
0.4429400000000001
0.3276199999999996
0.31675000000000075
0.20223999999999975
0.0553600000000003
0.09376999999999924
0.41061000000000014
0.07294000000000089
0.11951
0.04405999999999999
0.30062999999999995
0.6336499999999994
0.0939899999999998
0.09276000000000018
0.1017500000000009
0.218869999999999
0.24044000000000132
0.13478999999999886
0.1585200000000011
0.14379999999999882
0.06576000000000093
0.1947600000000005
0.04373999999999967
0.05538999999999916
0.8440600000000007
0.008800000000000807
0.1970099999999988
0.08263000000000176
0.35444999999999993
0.024849999999997152
0.1779900000000012
0.18300999999999945
0.07632000000000261
0.5078399999999981
0.09933000000000192
0.13671999999999684
0.05677000000000021
0.05545000000000044
0.09694000000000003
0.01033999999999935
0.07106000000000279
0.25782999999999845
0.25071000000000154
0.01407999999999987
0.06526999999999816
0.016570000000001528
0.04602999999999824
0.12012999999999963
0.6899500000000032
0.3071699999999993
0.026839999999999975
0.08370999999999995
0.08529000000000053
0.29814000000000007
0.28993999999999787
0.2188200000000009
0.16263999999999967
0.5788200000000003
0.027709999999999013
0.07611999999999952
0.2061300000000017
0.15400999999999954
0.024519999999998987
0.01816000000000173
0.09757000000000104
0.2561499999999981
0.23995000000000033
0.1997
0.0869099999999996
0.17582000000000164
0.3586399999999976
0.08352000000000004
0.12607000000000212
0.13910999999999873
0.062120000000000175
0.3305599999999984
