0.1381899999999998
0.2211129999999999
0.006923000000000457
0.06777500000000014
0.12825099999999967
0.26220100000000013
0.24973199999999984
0.33120300000000036
0.12640399999999996
0.20530199999999965
0.05481900000000017
0.10425299999999993
0.14122199999999996
0.20865400000000012
0.11919199999999996
0.0744359999999995
0.06748400000000032
0.04399100000000011
0.10395600000000016
0.14318399999999976
0.064025
0.04259099999999982
0.14998000000000022
0.39210100000000025
0.18767099999999992
0.3436690000000002
0.10864099999999866
0.02123200000000125
0.18087699999999884
0.35939100000000046
0.03796800000000111
0.20807799999999865
0.023944000000000187
0.13323700000000116
0.20016299999999987
0.2636509999999994
0.023861999999999384
0.48204500000000117
0.18880599999999959
0.1227999999999998
0.025919999999999277
0.05561300000000102
0.09289399999999937
0.13373400000000046
0.04192899999999966
0.5141819999999999
0.2487510000000004
0.1293489999999995
0.129131000000001
0.49615799999999943
0.0780580000000004
0.19668300000000016
0.10203099999999843
0.2078160000000011
0.15282899999999877
0.05140100000000025
0.39415500000000137
0.0514689999999991
0.17471699999999935
0.047565000000000524
0.024198999999999415
0.17007600000000167
0.014730999999999383
0.15425800000000045
0.168944999999999
0.06492700000000085
0.0677859999999999
0.046507000000000076
0.14156000000000013
0.014909999999998647
0.4329850000000004
0.07307300000000083
0.4401930000000007
0.05288999999999788
0.01358499999999907
0.011687000000002001
0.14177899999999966
0.42080899999999843
0.023354000000001207
0.17898699999999934
0.040124999999999744
0.18129300000000015
0.5100900000000017
0.5310719999999982
0.1376950000000008
0.031648000000000565
0.055144999999999555
0.2141939999999991
0.5288140000000006
0.028386000000001133
0.030633999999999162
0.14412199999999942
0.14876600000000195
0.1974109999999989
0.021005999999999858
0.030304000000000997
0.25480599999999853
0.0592649999999999
0.40840100000000135
0.04306499999999858
0.04645800000000122
0.03291099999999858
0.14959200000000195
0.40179900000000046
0.292465
0.4370999999999974
0.7510360000000027
0.3463599999999971
0.08675500000000014
0.1616800000000005
0.06901399999999924
0.051618000000001274
0.11509900000000073
0.017737000000000336
0.2919699999999992
0.012688000000000699
0.15546999999999755
0.20825400000000016
0.007312999999999903
0.24062100000000086
