0.020999999999999908
0.13899999999999935
0.02600000000000069
0.05399999999999938
0.3260000000000005
0.18299999999999983
0.2969999999999997
0.08700000000000063
0.05099999999999927
0.09200000000000053
0.05400000000000027
0.4609999999999994
0.031000000000000583
0.028999999999999915
0.258
0.1299999999999999
0.49599999999999955
0.04400000000000048
0.6619999999999999
0.0860000000000003
0.16600000000000037
0.1349999999999998
0.270999999999999
0.25
0.125
0.20000000000000107
0.08499999999999908
0.13100000000000023
0.0730000000000004
0.04899999999999949
0.4350000000000005
0.08499999999999908
0.027000000000001023
0.03399999999999892
0.1120000000000001
0.04600000000000115
0.027999999999998693
0.11500000000000021
0.028999999999999915
0.049000000000001265
0.027999999999998693
0.4900000000000002
0.08300000000000018
0.03500000000000014
0.17800000000000082
0.12199999999999989
0.06400000000000006
0.2289999999999992
0.2110000000000003
0.15300000000000047
0.3409999999999993
0.47199999999999953
0.2759999999999998
0.051000000000000156
0.35800000000000054
0.13700000000000045
0.41999999999999993
0.023999999999999133
0.5350000000000001
0.2970000000000006
0.06400000000000006
0.023999999999999133
0.09600000000000009
0.012000000000000455
0.1769999999999996
0.09600000000000009
0.33500000000000085
0.17299999999999827
0.5820000000000007
0.054999999999999716
0.402000000000001
0.09799999999999898
0.16600000000000037
0.28000000000000114
0.3200000000000003
0.06899999999999906
0.11899999999999977
0.21399999999999864
0.06800000000000139
0.022999999999999687
0.23100000000000165
0.03999999999999915
0.05099999999999838
0.028000000000002245
0.33500000000000085
0.01699999999999946
0.15499999999999758
0.17800000000000082
0.06400000000000006
0.11299999999999955
0.08699999999999974
0.15200000000000102
0.18700000000000117
0.015000000000000568
0.14899999999999736
0.14199999999999946
0.05600000000000094
0.2029999999999994
0.2980000000000018
0.10899999999999821
0.06300000000000239
0.38700000000000045
0.08799999999999741
0.18700000000000117
0.33999999999999986
0.0259999999999998
0.11299999999999955
0.06099999999999994
0.0710000000000015
0.14000000000000057
0.36599999999999966
0.08599999999999852
0.01699999999999946
0.35999999999999943
0.45000000000000284
0.1609999999999978
0.24099999999999966
0.25
