0.034557999999999645
0.06969400000000014
0.8097979999999998
0.08351400000000009
0.2053729999999998
0.17115800000000014
0.026050999999999824
0.31632200000000044
0.05062099999999958
0.0905200000000006
0.10149899999999956
0.11487400000000036
0.1714449999999994
0.0669430000000002
0.1398010000000003
0.2892419999999998
0.009384999999999089
0.16245700000000163
0.27651299999999956
0.08540099999999917
0.22044300000000128
0.2899629999999984
0.6048120000000008
0.1452960000000001
0.06908899999999996
0.16175400000000018
0.16448100000000032
0.1072589999999991
0.10950399999999938
0.8956340000000012
0.06583200000000033
0.08534500000000023
0.6771759999999993
0.2646639999999998
0.24883200000000016
0.384093
0.04842599999999919
0.178033000000001
0.0547620000000002
0.04215999999999909
0.1469850000000008
0.008186000000000249
0.11708599999999869
0.042792000000000385
1.4297900000000006
0.12481199999999859
0.15267100000000156
0.3757899999999985
0.027359000000000577
0.1759719999999998
0.21252100000000063
0.376732999999998
0.1765180000000015
0.10813900000000132
0.23486699999999772
0.503304
0.3549870000000013
0.10163299999999964
0.29998799999999903
0.6691160000000025
0.1209150000000001
0.14711499999999944
0.44079799999999736
0.07324600000000103
0.04289200000000193
0.16809599999999847
0.29265000000000185
0.8206319999999998
0.11803199999999947
0.785857
0.046530000000000626
0.10021199999999908
0.12761099999999814
0.1640189999999997
0.218318
0.09046900000000235
0.2430640000000004
0.38181200000000004
0.9309089999999998
0.17529599999999945
0.2565509999999982
0.2374539999999996
