0.027449999999999974
0.07745699999999989
0.1467540000000005
0.017846999999999724
0.2019030000000006
0.15800699999999956
0.1059840000000003
0.15862199999999937
0.09191400000000005
0.024987000000000315
0.09412500000000001
0.05151000000000039
0.06093899999999941
0.09443400000000057
0.056678999999999924
0.20201099999999972
0.08236799999999977
0.04474800000000023
0.12261900000000026
0.22694100000000006
0.27577499999999944
0.14725500000000036
0.25588799999999967
0.15312000000000037
0.30116999999999905
0.46379700000000135
0.11084099999999886
0.3847890000000014
0.11571299999999951
0.1384559999999997
0.22679699999999947
0.8313660000000009
0.1887150000000002
0.029774999999998997
0.17569500000000104
0.31583399999999884
0.18293099999999995
0.15132300000000143
0.16490399999999994
0.0937260000000002
0.5134889999999999
0.19834499999999977
0.22344299999999961
0.09340199999999932
0.23036100000000026
0.4276440000000008
0.050951999999998776
0.07563600000000115
0.16502399999999895
0.22728900000000074
0.8984310000000004
0.0840449999999997
0.3338190000000001
0.11677500000000052
0.06016200000000005
0.35217299999999874
0.02071800000000046
0.20739299999999972
0.06425099999999873
0.21397200000000183
0.24862500000000054
0.15398099999999815
0.10102799999999945
0.776016000000002
0.2910959999999996
0.010214999999998753
0.24832800000000077
0.06823500000000138
0.005573999999999302
0.05523600000000073
0.07523099999999872
0.03801599999999894
0.27483900000000006
0.19890900000000045
0.08364300000000213
0.5334659999999971
0.3418920000000014
0.14024099999999962
0.06339900000000043
0.1522439999999996
0.028227000000001112
0.06680700000000073
0.21722999999999715
0.09258000000000166
0.06639300000000148
0.06122999999999834
0.011469000000001728
0.14380799999999994
0.15749699999999933
0.12329700000000088
0.04976699999999923
0.21983699999999828
0.16151400000000038
0.15253200000000078
0.3200460000000014
0.12392999999999788
0.25794600000000045
0.005991000000001634
0.6687509999999968
0.0405300000000004
0.3718980000000016
0.0798899999999989
0.28381200000000106
0.34360500000000016
0.42226499999999945
0.1857779999999991
