0.031200000000000117
0.3755999999999995
0.34780000000000033
0.08460000000000001
0.013700000000000045
0.02349999999999941
0.1803000000000008
0.3506999999999998
0.06280000000000019
0.30689999999999973
0.06730000000000036
0.12799999999999923
0.017900000000000027
0.02230000000000043
0.2575000000000003
0.022199999999999775
0.1546000000000003
0.39199999999999946
0.29939999999999944
0.06670000000000087
0.08729999999999905
0.1883000000000017
0.08089999999999975
0.015200000000000102
0.08119999999999905
0.21889999999999965
0.0815999999999999
0.06930000000000014
0.09100000000000108
0.022800000000000153
0.08419999999999916
0.113900000000001
0.27449999999999974
0.5533000000000001
0.10159999999999947
0.15199999999999925
0.1722999999999999
0.4186000000000014
0.019899999999999807
0.05790000000000006
0.019700000000000273
0.7832999999999988
0.626100000000001
0.0343
0.25450000000000017
0.13239999999999874
0.11320000000000086
0.0907
0.31869999999999976
0.40390000000000015
0.015700000000000713
0.15259999999999962
0.12819999999999965
0.47330000000000005
0.21529999999999916
0.3917999999999999
0.0495000000000001
0.10190000000000055
0.07220000000000049
0.20999999999999908
0.7068999999999992
0.06020000000000181
0.35490000000000066
0.11260000000000048
0.10939999999999728
0.2674000000000021
0.5629999999999988
0.3819000000000017
0.27139999999999986
0.3642000000000003
0.15899999999999892
0.08500000000000085
0.159399999999998
0.05930000000000035
0.07090000000000174
0.0680999999999976
0.06360000000000099
0.26399999999999935
0.06210000000000093
0.010400000000000631
0.29779999999999873
0.4338000000000015
0.09769999999999968
0.09179999999999922
0.1966000000000001
0.3304000000000009
0.1551000000000009
0.06469999999999843
0.15840000000000032
0.3056999999999981
0.11580000000000013
0.06780000000000186
0.4682999999999993
0.5002999999999993
0.27970000000000184
0.012100000000000222
0.0257000000000005
0.22679999999999723
0.021000000000000796
0.3696000000000019
0.07669999999999888
0.14339999999999975
0.13500000000000156
0.03999999999999915
0.08749999999999858
0.1501000000000019
