0.08900000000000041
0.10499999999999954
0.40800000000000036
0.016000000000000014
0.13899999999999935
0.0730000000000004
0.16699999999999982
0.015000000000000568
0.2729999999999997
0.0940000000000003
0.2129999999999992
0.08700000000000063
0.13899999999999935
0.06300000000000061
0.06299999999999972
0.07600000000000051
0.4159999999999995
0.5
0.15600000000000058
0.06400000000000006
0.14100000000000001
0.058999999999999275
0.10800000000000054
0.270999999999999
0.0990000000000002
0.4429999999999996
0.2220000000000013
0.3460000000000001
0.04899999999999949
0.2970000000000006
0.3330000000000002
0.08599999999999852
0.29300000000000104
0.04400000000000048
0.014999999999998792
0.06700000000000017
0.4039999999999999
0.12899999999999956
0.021000000000000796
0.06700000000000017
0.34299999999999997
0.12599999999999945
0.034000000000000696
0.1899999999999995
0.06099999999999994
0.09200000000000053
0.17099999999999937
0.09200000000000053
0.013999999999999346
0.18900000000000006
0.049000000000001265
0.2909999999999986
0.14300000000000068
0.034000000000000696
0.01899999999999835
0.0470000000000006
0.06099999999999994
0.07399999999999984
0.09600000000000009
0.04300000000000104
0.10899999999999999
0.129999999999999
0.08699999999999974
0.10800000000000054
0.02400000000000091
0.23499999999999943
0.07600000000000051
0.1769999999999996
0.3390000000000004
0.08399999999999963
0.125
0.025000000000000355
0.03799999999999848
0.014000000000001123
0.06199999999999939
0.05799999999999983
0.03700000000000081
0.051000000000000156
0.23599999999999888
0.26099999999999923
0.35600000000000165
0.045999999999999375
0.04299999999999926
0.04200000000000159
0.03399999999999892
0.6380000000000017
0.11799999999999855
0.18799999999999883
0.09800000000000253
0.1559999999999988
0.3200000000000003
0.03900000000000148
0.09699999999999775
0.21100000000000207
0.24399999999999977
0.29199999999999804
0.3780000000000001
0.30799999999999983
0.24200000000000088
0.13899999999999935
0.1039999999999992
0.19900000000000162
0.2510000000000012
0.09099999999999753
0.4350000000000023
0.015999999999998238
0.2259999999999991
0.42600000000000193
0.053000000000000824
0.05999999999999872
0.019999999999999574
0.0259999999999998
0.05700000000000216
0.055999999999997385
0.05900000000000105
0.045000000000001705
0.014999999999997016
0.08699999999999974
0.0920000000000023
0.34499999999999886
0.03300000000000125
0.1869999999999976
0.18300000000000338
0.08799999999999741
0.527000000000001
0.2190000000000012
0.18900000000000006
0.07199999999999918
0.4609999999999985
0.060000000000002274
0.1529999999999987
