0.1644060000000005
0.2548199999999996
0.12956400000000023
0.04512299999999936
0.03826200000000046
0.07302300000000006
0.11884199999999989
0.07882199999999973
0.1102950000000007
0.05411699999999975
0.18916500000000003
0.10078799999999966
0.2790930000000005
0.1647179999999997
0.45812399999999975
0.286632
0.16419300000000092
0.14438999999999957
0.659120999999999
0.08074200000000076
0.2371440000000007
0.22496099999999863
0.10488000000000142
0.08928899999999906
0.10845899999999986
0.2972999999999999
0.004362000000000421
0.15888900000000028
0.04375800000000041
0.24715199999999982
0.0313529999999993
0.08277600000000085
0.07758899999999969
0.15638099999999966
0.3027569999999997
0.07118100000000105
0.1967459999999992
0.04164000000000101
0.05831999999999837
0.10087500000000027
0.1797960000000014
0.06279299999999921
0.4839690000000001
0.1473089999999999
0.18698999999999977
0.28436100000000053
0.06736199999999926
0.03885600000000089
0.096722999999999
0.11960999999999977
0.4377690000000012
0.014396999999998883
0.41759400000000113
0.04401599999999917
0.02073900000000073
0.037502999999999176
0.3383490000000009
0.1329659999999997
0.05736899999999956
0.17416200000000082
0.028055999999999415
0.42980400000000074
0.21558600000000006
0.06691799999999937
0.16487400000000108
0.25192499999999995
0.0846209999999985
0.11455799999999883
0.14493900000000082
0.2304390000000005
0.3905940000000001
0.095324999999999
0.03903600000000296
0.12928799999999896
0.37100699999999875
0.3566280000000006
0.07442999999999955
0.271923000000001
0.1859909999999978
0.02541000000000082
0.01779900000000012
0.4395869999999995
0.24606299999999948
0.1840200000000003
0.0887190000000011
0.286365
0.10785900000000126
0.38286000000000087
0.2553479999999979
0.040224000000002036
0.0710639999999998
0.1544939999999997
0.07969800000000049
0.4180829999999993
0.0778049999999979
0.12585900000000194
0.0746009999999977
0.02289299999999983
0.05214300000000094
0.3045480000000005
0.07529699999999906
0.09959700000000282
0.022136999999997187
0.02411999999999992
0.148494000000003
0.3153809999999986
0.19841100000000012
0.509090999999998
0.047277000000001124
0.34914600000000107
0.35331899999999905
0.03381300000000209
0.03082199999999702
0.4120500000000007
