0.019999999999999574
0.09120000000000061
0.18579999999999952
0.4733999999999998
0.11870000000000047
0.26670000000000016
0.03689999999999927
0.20510000000000073
0.2342999999999993
0.24710000000000054
0.21039999999999992
0.9787999999999997
0.06189999999999962
0.06490000000000151
0.3315999999999999
0.01159999999999961
0.16910000000000025
0.11769999999999925
0.08960000000000079
0.03989999999999938
0.1747999999999994
0.010900000000001242
0.07749999999999879
0.024700000000001054
0.15449999999999875
0.024200000000000443
0.13039999999999985
0.19960000000000022
0.6217000000000006
0.06519999999999904
0.1095000000000006
0.03529999999999944
0.18560000000000088
0.0815999999999999
0.08680000000000021
0.08290000000000042
0.5129999999999999
0.2508999999999997
0.13030000000000008
0.036599999999999966
0.0943000000000005
0.31429999999999936
0.3462999999999994
0.02059999999999995
0.16860000000000142
0.2272999999999996
0.9120999999999988
0.07800000000000118
0.09740000000000038
0.16739999999999888
0.8021000000000011
0.1600999999999999
0.23820000000000086
0.10970000000000013
0.1097999999999999
0.37549999999999883
0.29169999999999874
0.06370000000000076
0.04520000000000124
0.02389999999999759
0.10100000000000264
0.11149999999999949
0.025900000000000034
0.1767000000000003
0.06390000000000029
0.18419999999999703
0.5451000000000015
0.19099999999999895
0.10989999999999966
0.1379000000000019
0.0666000000000011
0.0843999999999987
0.02260000000000062
0.08329999999999771
0.346700000000002
0.1308000000000007
0.36699999999999733
0.17710000000000292
0.11489999999999867
0.11149999999999949
0.15630000000000166
0.20319999999999894
0.36430000000000007
0.20720000000000027
0.01389999999999958
0.29820000000000135
0.5406999999999975
0.18290000000000006
0.060600000000000875
0.3027000000000015
0.07569999999999766
0.07550000000000168
0.18870000000000076
0.2353999999999985
0.05710000000000193
0.13489999999999824
0.0218999999999987
0.7509000000000015
0.07539999999999836
0.14450000000000074
0.5025000000000013
0.07699999999999818
0.12370000000000303
