0.03230000000000022
0.1383000000000001
0.34860000000000024
0.11249999999999982
0.12359999999999971
0.4009999999999998
0.10550000000000015
0.23720000000000052
0.10749999999999993
0.008099999999999774
0.5515999999999996
0.24210000000000065
0.10229999999999961
0.019400000000000084
0.036900000000000155
0.09269999999999978
0.13020000000000032
0.04349999999999987
0.3360999999999992
0.07140000000000057
0.15280000000000094
0.08589999999999876
0.06020000000000003
0.11120000000000019
0.7529000000000003
0.06879999999999953
0.15620000000000012
0.057299999999999685
0.05050000000000132
0.09820000000000029
0.2065999999999999
0.04529999999999923
0.14700000000000024
0.4145000000000003
0.0823999999999998
0.15879999999999939
0.20809999999999995
0.0710999999999995
0.023800000000001376
0.07679999999999865
0.25700000000000145
0.12209999999999965
0.2699999999999996
0.16270000000000095
0.10249999999999915
0.04279999999999973
0.18689999999999962
0.1997
0.19290000000000163
0.3489999999999984
0.13100000000000023
0.28969999999999985
0.009400000000001185
0.08349999999999902
0.05879999999999974
0.3562000000000012
0.0387000000000004
0.02049999999999841
0.12400000000000055
0.3509000000000011
0.054499999999999105
0.05039999999999978
0.01410000000000089
0.30189999999999984
0.08739999999999881
0.012600000000000833
0.06530000000000058
0.19229999999999947
0.15259999999999962
0.17290000000000028
0.1203000000000003
0.021900000000000475
0.2101999999999986
0.11990000000000123
0.04589999999999961
0.016899999999999693
0.23120000000000118
0.1062999999999974
0.10970000000000013
0.018700000000002603
0.16689999999999827
0.04449999999999932
0.607800000000001
0.2494000000000014
0.22269999999999968
0.07639999999999958
0.1479999999999997
0.05679999999999907
0.32310000000000016
0.41610000000000014
0.17210000000000036
0.6807000000000016
0.039699999999999847
0.20149999999999935
0.0987000000000009
0.02529999999999788
0.23930000000000007
0.08089999999999975
0.21550000000000225
0.0583999999999989
0.28500000000000014
0.2788000000000004
0.27139999999999986
0.13260000000000005
0.19569999999999865
0.09740000000000038
0.06909999999999883
0.27560000000000073
0.19890000000000185
0.07479999999999976
0.05529999999999902
0.09649999999999892
0.030100000000000904
0.17989999999999995
0.24930000000000163
0.01529999999999987
0.053599999999999426
0.015399999999999636
0.20520000000000138
0.08259999999999934
0.10820000000000007
0.25459999999999994
0.12369999999999948
0.12689999999999912
0.0771000000000015
0.010400000000000631
0.2370999999999981
0.05310000000000059
