0.32823000000000047
0.45237000000000016
0.3270799999999996
0.1600299999999999
0.0563400000000005
0.6763899999999996
0.16823999999999995
0.03753999999999991
0.02908000000000044
0.10660999999999987
0.016149999999999665
0.052240000000000286
0.07990999999999993
0.028750000000000497
0.21688999999999936
0.6021300000000007
1.0917399999999997
0.05274000000000001
0.7230799999999995
0.012070000000001357
0.44571000000000005
0.4584199999999985
0.11780000000000079
0.04410999999999987
0.2654300000000003
0.05480000000000018
0.7172299999999989
0.12018000000000129
0.14484999999999992
0.3423999999999996
0.3631499999999992
0.036310000000000286
0.0675800000000013
0.04543999999999926
0.13049999999999962
0.03823000000000043
0.011060000000000514
0.39053999999999967
0.17350000000000065
0.010739999999998417
0.20205000000000162
0.01790999999999876
0.2736400000000003
0.4621600000000008
0.07465999999999973
0.07798999999999978
0.01317000000000057
0.23300999999999839
0.22698000000000107
0.15781999999999918
0.17595000000000027
0.027840000000001197
0.2498199999999997
0.048510000000000275
0.24943000000000026
0.13215999999999894
0.16707999999999856
0.044350000000001444
0.08395000000000152
0.039809999999999235
0.5294600000000003
0.13381000000000043
0.03176999999999808
0.03357000000000099
0.24065999999999832
0.4985100000000031
0.11409999999999698
0.4691200000000002
0.01858000000000004
0.3140900000000002
0.15615999999999985
0.7746600000000008
0.1475200000000001
0.2488500000000009
0.20572999999999908
0.21323999999999899
0.04345999999999961
1.2218100000000014
0.05566999999999922
0.30851000000000184
0.21865999999999985
0.04429000000000016
0.1389499999999977
0.5800300000000007
0.1932399999999994
0.07347000000000037
0.09912000000000276
0.1309599999999982
