0.43386999999999976
0.16091999999999995
0.16918000000000077
0.43503999999999987
0.5885800000000003
0.3337299999999992
0.21995000000000076
0.3129799999999996
0.0872200000000003
0.10237000000000052
0.34952000000000005
0.0839199999999991
0.16151999999999944
0.12359000000000009
0.12841000000000058
0.00864999999999938
0.042820000000000746
0.21932999999999936
0.3723100000000006
0.20949000000000062
0.36475999999999864
0.046080000000001675
0.5647599999999997
0.05395000000000039
0.019549999999998846
0.2821100000000012
0.07606000000000002
0.06725999999999921
0.016980000000000217
0.22494000000000014
0.22607
0.12838999999999956
0.5677199999999996
0.05316999999999972
0.42289000000000065
0.02332999999999963
0.32624999999999993
0.2948800000000009
0.02833000000000041
0.07954999999999934
0.2896099999999997
0.07589000000000112
0.03620999999999874
0.02027000000000001
0.2553300000000007
0.03853999999999935
0.01871000000000045
0.0579300000000007
0.2837599999999991
0.23216000000000037
0.2682299999999991
0.04093000000000124
0.05550000000000033
0.054029999999999134
0.16805000000000092
0.04127999999999865
0.04848000000000141
0.010819999999998942
0.06719000000000008
0.6994999999999987
0.186160000000001
0.11746000000000123
0.3690099999999994
0.10536000000000101
0.03389999999999915
0.3782999999999994
0.4142299999999999
0.11140999999999934
0.16403000000000034
0.10595999999999961
0.011630000000000251
0.358900000000002
0.11538999999999788
0.49151000000000167
0.2069100000000006
0.10851999999999862
0.48574999999999946
0.4273300000000013
0.28910000000000124
0.6041199999999982
0.06578000000000017
0.10212999999999894
0.06320000000000192
0.1119899999999987
0.033680000000000376
0.14882000000000062
0.0681200000000004
0.31873999999999825
0.44284000000000034
0.16103999999999985
0.18140999999999963
0.2704000000000022
0.8050700000000006
0.03985999999999734
0.23815000000000097
