0.6330660000000004
0.4659259999999996
0.14989100000000022
0.06629400000000008
0.20852799999999938
0.2999520000000002
0.14105599999999985
0.07795800000000064
0.07125499999999985
0.20650799999999947
0.3164440000000006
0.03898499999999938
0.07950800000000058
0.2938029999999996
0.5818729999999999
0.38031400000000026
0.307739999999999
0.15558900000000087
0.7785810000000009
0.13890099999999883
0.5201069999999994
0.07620700000000014
0.538748
0.18096200000000096
0.04683700000000002
0.163492999999999
0.3131360000000001
0.06406100000000059
0.01609499999999997
0.10197499999999948
0.23565100000000072
0.21766500000000022
0.193562
0.2542489999999997
0.07048799999999922
0.7867750000000004
0.03188199999999952
0.0843430000000005
0.2217090000000006
0.09106799999999993
0.26016199999999934
0.09258699999999997
0.07014900000000068
0.059625999999999735
0.28813399999999945
0.01968000000000103
0.2026059999999994
0.010479000000000127
0.42266299999999823
0.01682000000000272
0.04057099999999991
0.45239799999999875
0.17716700000000074
0.12472100000000097
0.07543199999999928
0.12210800000000077
0.06259699999999668
0.1415450000000007
0.05612999999999957
0.05170100000000133
0.06221999999999994
0.01124799999999837
0.07487700000000075
0.7576
0.014583000000001789
0.32224700000000084
0.02629699999999957
0.20692499999999825
0.043862000000000734
0.04269700000000043
0.22612399999999866
0.022576000000000818
0.22603799999999907
0.4979399999999998
0.19196799999999925
0.40590400000000315
0.02296299999999718
0.14652900000000102
0.1147430000000007
0.07437499999999986
0.03649799999999814
0.048447000000003015
0.06423500000000004
0.125829999999997
0.3547210000000014
0.0381229999999988
0.5457000000000001
0.21429700000000196
0.39397400000000005
0.26418800000000076
0.03733999999999682
0.03677900000000278
0.048138999999999044
0.015520999999999674
0.32239999999999824
0.17805500000000052
0.5001379999999997
0.043717000000000894
0.29968600000000123
0.2501219999999975
0.0638910000000017
