0.04711999999999961
0.08067000000000046
0.47407489999999974
0.5225759000000005
0.09917459999999956
0.11959189999999964
0.08564230000000084
0.062068299999999965
0.05640699999999921
0.5966489000000008
0.08737139999999943
0.12310659999999984
0.026244800000000623
0.05211209999999955
0.5089766999999998
0.23529559999999972
0.34505300000000005
0.37854480000000024
0.035244800000000964
0.5085077999999985
0.21480920000000125
0.1761828999999988
0.34717390000000137
0.36783499999999947
0.1607120000000002
0.029455199999999238
0.10125619999999991
0.01876290000000047
0.4175625000000007
0.0074000999999999095
0.19476099999999974
0.5572283000000002
0.12044569999999943
0.14508030000000005
0.23405840000000033
0.0925900999999989
0.3392171000000008
0.10191869999999881
0.7726420000000012
0.08922789999999914
0.19733080000000136
0.08854619999999969
0.023307899999998938
0.049037600000000126
0.12261020000000045
0.41254039999999925
0.3274018999999999
0.06513980000000075
0.24224479999999993
0.19126580000000004
0.20714850000000062
0.8309294999999999
0.4906423000000011
0.25875179999999887
0.2188188000000011
0.2198917999999992
0.2603332999999992
0.1386775
0.23666860000000156
0.01883139999999983
0.16543019999999942
0.11348049999999787
0.1793344999999995
0.3333465000000011
0.07065659999999951
0.251743900000001
0.030028900000001357
0.4685220999999977
0.046777600000002195
0.24244839999999712
0.02341390000000132
0.017426499999999123
0.46782140000000183
0.12069040000000086
0.11241789999999696
0.12928970000000106
0.1734086000000019
0.023268099999999237
0.041733399999998255
0.05446680000000015
0.07389709999999994
0.19326940000000192
0.3459758999999991
0.371515500000001
0.7406674999999971
0.7445890000000013
0.2594926000000015
0.15445159999999802
0.16496539999999982
0.1553445999999994
0.1326480000000032
0.018447499999997063
