0.06034300000000048
0.19960674999999917
0.2507312500000003
0.50180325
0.18357899999999994
0.39281875
0.533563
0.11559775000000005
0.027448999999999835
0.1109530000000003
0.2763952500000002
0.031688250000000195
0.026143499999999875
0.12048225000000023
0.1609999999999996
0.28543200000000013
0.21911399999999936
0.10844325000000055
0.11838174999999929
0.2255432500000012
0.10700999999999894
0.167189500000001
0.05635425000000005
0.17718924999999963
0.3167307499999996
0.04091749999999905
0.10846425000000082
0.05735400000000013
0.06546950000000074
0.05245224999999998
0.10714299999999888
0.47087974999999993
0.08987875000000045
0.04665499999999945
0.03781024999999971
0.11868550000000155
0.1259472499999994
0.17929499999999976
0.03204400000000085
0.06301774999999843
0.20283799999999985
0.11001875000000005
0.11121225000000123
0.05941475000000018
0.3769589999999994
0.16350575000000056
0.17886624999999867
0.17090525000000056
0.014218500000000134
0.2708192500000006
0.3903839999999992
0.18879225000000055
0.043362999999999374
0.07984124999999942
0.04197300000000048
0.2165379999999999
0.29483175000000017
0.12059600000000081
0.0061632500000001755
0.23861424999999947
0.01577699999999993
1.0770917499999992
0.5260330000000017
0.02940024999999835
0.24693699999999907
0.5273927500000006
0.38262075000000095
0.521139999999999
0.06779575000000193
0.021844500000000266
0.36740649999999775
0.14950699999999983
0.26485600000000176
0.1863097499999995
0.08457650000000072
0.354291749999998
0.022785500000001235
0.039109749999997945
0.06019975000000244
0.27986624999999776
0.17124300000000048
0.13125125000000182
0.1371652499999989
0.3726117500000008
0.08074650000000005
0.024695250000000613
0.033436249999997614
0.33231699999999975
0.062073749999999706
0.056411750000002314
0.26762450000000015
0.22285499999999914
0.5905699999999996
0.01812825000000018
0.029293500000001416
0.26196524999999937
0.09910024999999933
0.16608224999999877
0.2268287500000028
0.05318224999999899
0.19670125000000027
0.0486994999999979
0.04059325000000058
0.03075150000000093
0.1711077500000009
0.018419999999998993
0.10807150000000121
0.028662749999998738
0.053546999999998235
0.17569725000000247
0.04706499999999991
0.272840249999998
0.08687725000000057
