0.35353299999999965
0.15668799999999994
0.4429590000000001
0.14092100000000052
0.4203890000000001
0.04813599999999951
0.442755
0.024198000000000164
0.09147399999999983
0.014764999999999695
0.3791790000000006
0.21792999999999996
0.15786299999999986
0.4012519999999995
0.07805399999999985
0.03373999999999988
0.03717100000000073
0.282214999999999
0.05618300000000076
0.11324699999999943
0.024885000000001156
0.2984340000000003
0.060221999999999554
0.03909799999999919
0.40828100000000056
0.34978599999999993
0.05148999999999937
0.07563999999999993
0.12532500000000013
0.09759400000000085
0.20209299999999963
0.6898070000000001
0.055752999999999275
0.021753000000000355
0.2637020000000003
0.11115599999999937
0.6399150000000002
0.1716160000000002
0.15915000000000035
0.13443499999999986
0.0673729999999999
0.03185099999999963
0.1424500000000002
0.2600099999999994
0.11207400000000156
0.2649089999999994
0.21398999999999901
0.037866000000001065
0.07892499999999991
1.1668950000000002
0.04979799999999912
0.6727819999999998
0.01531400000000005
0.06301500000000004
0.30208299999999966
0.040005000000000734
0.1027300000000011
0.1007429999999978
0.13221599999999967
0.2898600000000009
0.2231330000000007
0.06117400000000117
0.10579699999999903
0.05974199999999996
0.11840899999999976
0.1252980000000008
0.1594219999999993
0.28520500000000126
0.027227999999997365
0.27828400000000286
0.10525699999999816
0.9729700000000001
0.13094099999999997
0.20324600000000004
0.012002999999999986
0.08532100000000042
0.06368099999999899
0.07439199999999957
0.11560100000000162
0.07754800000000017
0.0853459999999977
0.1656480000000009
0.34749800000000164
0.0747889999999991
0.16958800000000096
0.597486
0.23315399999999897
0.04823499999999825
0.2354040000000026
0.16244099999999762
0.01969400000000121
0.026520999999998907
0.0988470000000028
0.33504899999999793
0.03262600000000049
0.07628599999999963
0.4093260000000001
0.18245500000000092
0.47975299999999876
0.04956800000000072
0.08142899999999997
0.18893599999999822
0.3613620000000033
