0.4062429999999999
0.2058365000000002
0.04013549999999988
0.0703655000000003
0.24618049999999947
0.023350000000000648
0.17932049999999933
0.25962900000000033
0.06671300000000002
0.06650150000000021
0.1893804999999995
0.6157165000000004
0.5511374999999994
0.03475850000000058
0.016059000000000268
0.05659999999999954
0.42502750000000056
0.03314199999999978
0.2768179999999987
0.9278285000000004
0.1415614999999999
0.018757500000001315
0.07174449999999943
0.5848324999999992
0.3303460000000005
0.04828949999999921
0.10733950000000014
0.5237210000000001
0.5286775000000006
0.20622350000000012
0.5959275000000002
0.5870179999999987
0.09886350000000022
0.1243154999999998
0.026047500000000667
0.08389250000000104
0.5124829999999996
0.19683850000000014
0.07695499999999988
0.30558649999999865
0.027981000000000478
0.4986955000000002
0.059447500000000986
0.12823799999999963
0.3992135000000001
0.5131270000000008
0.6780534999999972
0.2006900000000016
0.025141999999998887
0.10226950000000201
0.11274500000000032
0.4622889999999984
0.14939349999999862
0.4474499999999999
0.6709555000000016
0.07772299999999888
0.08683600000000169
0.1361699999999999
0.06273450000000125
0.05065099999999845
0.463436999999999
0.34249050000000025
0.4693995000000015
0.04708699999999766
0.46340600000000265
0.3158095000000003
0.0280719999999981
0.2456409999999991
0.3002395
0.037212500000002535
0.6460134999999987
0.06683400000000006
0.38928399999999996
0.10003400000000084
0.23045399999999816
0.12717050000000185
0.1960544999999989
0.5169409999999992
