0.060358500000000426
0.09534675000000004
0.24930899999999934
0.061056000000000665
0.33559275
0.14496599999999926
0.06312675000000034
0.18958500000000011
0.5332402500000004
0.28943849999999927
0.3129270000000002
0.5226877500000002
0.017799750000000003
0.08962649999999961
0.5089889999999997
0.046707000000001386
0.2767349999999986
0.067635000000001
0.6522854999999996
0.31972350000000027
0.13748625000000025
0.3038497499999995
0.21245399999999925
0.11121525000000076
0.33883875000000074
0.2921849999999999
0.281369999999999
0.25261575000000036
0.11093550000000008
0.26665649999999985
0.2547562499999998
0.0872812500000002
0.09543299999999988
0.3147427500000006
0.06976575000000018
0.05272574999999868
0.07620450000000112
0.22587000000000046
0.12248324999999838
0.17452425000000105
0.11529149999999966
0.24635475000000007
0.029180999999999457
0.1309672500000012
0.026443499999999176
0.12354299999999974
0.23231550000000034
0.1710067500000001
0.08028000000000013
0.11714549999999946
0.061904250000001326
0.021477749999998963
0.09113849999999957
0.05926650000000144
0.11724974999999915
0.025316999999999368
0.06375600000000148
0.15458624999999948
0.21578174999999966
0.09752699999999948
0.022998750000001067
0.17176349999999907
0.04791674999999884
0.03450675000000203
0.06249000000000038
0.2927894999999978
0.08927925000000059
0.09117224999999962
0.1307475000000018
0.15914550000000105
0.41551724999999706
0.2518740000000008
0.036440999999999946
0.13595550000000145
0.0613829999999993
0.4768912500000013
0.3308017499999991
0.122489250000001
0.09205199999999891
0.05867100000000036
0.15935400000000044
0.02944725000000048
0.059294249999997106
0.019990500000002243
0.1997384999999987
0.028791749999999894
0.011420250000000465
0.09915824999999856
0.02450175000000243
0.07593374999999725
0.044914500000000857
0.3636645000000023
0.08281874999999772
0.07175850000000139
0.3820597499999998
0.5050177500000004
0.013273500000000382
0.12782174999999896
0.15159075000000044
0.2018759999999986
0.335604
0.02157449999999983
0.20060550000000177
0.10344449999999838
0.12612375000000142
0.10163474999999877
0.10831124999999986
0.12490650000000159
0.11999699999999791
0.07712550000000107
0.17418525000000074
0.33453975000000113
0.24192150000000012
0.1609117499999968
0.3550740000000019
0.036310499999999024
0.2822602500000002
0.3775529999999989
