0.2851169999999996
0.12945600000000024
0.356166
0.4860180000000005
0.10731000000000002
0.24212699999999998
0.15170999999999957
0.13369199999999992
0.1771950000000002
0.04427100000000017
0.028500000000000192
0.30504899999999946
0.13362300000000005
0.06864899999999974
0.05550000000000033
0.23231100000000016
0.11235600000000012
0.28513199999999905
0.5013360000000002
0.12176999999999971
0.05558700000000094
0.04580099999999909
0.03094800000000042
0.03080399999999983
0.045435000000001224
0.02118899999999968
0.058446
0.007001999999999953
0.012236999999998943
0.05541600000000102
0.1878510000000002
0.35981999999999914
0.04622400000000049
0.21516300000000044
0.01716300000000004
0.3757589999999986
0.5371800000000011
0.41994299999999996
0.11106900000000053
0.48791099999999865
0.020376000000000616
0.11757599999999968
0.04748400000000075
0.4500869999999999
0.17768099999999976
0.039519000000000304
0.5676539999999992
0.13872000000000106
0.1304369999999988
0.3243930000000006
0.08719199999999994
0.10577699999999979
0.027741000000000682
0.16035600000000017
0.06594600000000028
0.015806999999998794
0.11329800000000034
0.4659809999999993
0.6951509999999992
0.5215380000000032
0.14868299999999834
0.09378600000000148
0.11324099999999859
0.06384600000000162
0.0509879999999967
0.03880499999999998
0.08765400000000056
0.2628839999999997
0.0720540000000014
0.05085599999999957
0.1483319999999999
0.4318470000000012
0.058799999999997965
0.1538010000000014
0.05597399999999908
0.06997499999999945
0.049971000000002874
0.0753869999999992
0.14197799999999816
0.0877049999999997
0.5681460000000023
0.2604210000000009
0.2381879999999974
0.18436800000000275
0.007745999999997366
0.6237630000000003
0.08294100000000171
0.016227000000000658
0.03827099999999817
0.17967300000000108
0.09897899999999993
0.43917300000000026
0.07656000000000063
0.1494509999999991
0.18919199999999847
0.01004999999999967
0.03004200000000168
0.1037789999999994
0.16406100000000023
0.849689999999999
0.07905900000000088
0.2964899999999986
0.12764699999999962
0.09903000000000262
0.04774799999999857
0.024215999999999127
0.05606400000000278
0.206630999999998
0.5770470000000003
0.060618000000001615
0.07987199999999817
0.13156800000000146
