0.2908654999999998
0.11390050000000063
0.39310249999999947
0.1975509999999998
0.1455295000000003
0.08287449999999996
0.02924199999999999
0.20865000000000045
0.046643999999999686
0.2053395
0.04281299999999977
0.16228949999999998
0.42870650000000055
0.8266539999999996
0.23106699999999947
0.5624525000000009
0.2310990000000004
0.1155615000000001
0.13999699999999926
0.1642954999999997
0.04198650000000015
0.2734489999999994
0.0373530000000013
0.032663999999998694
0.4254484999999999
0.2673570000000005
0.6771554999999996
0.03386200000000095
0.11855349999999909
0.1563800000000004
0.0326385000000009
0.01826749999999855
0.29667750000000126
0.04713199999999951
0.09090750000000014
0.06219600000000014
0.04026550000000029
0.1106789999999993
0.11251799999999967
0.558227500000001
0.20630749999999942
0.1416845000000002
0.27903449999999985
0.15267850000000038
0.07486849999999912
0.4358695000000008
0.06057949999999934
0.7115349999999996
0.06909300000000052
0.3167585000000006
0.053057499999999536
0.10638649999999927
0.0517120000000002
0.031563500000000744
0.0756534999999996
1.1634475000000002
0.16022299999999845
0.3070560000000029
0.22093099999999666
0.2860565000000008
0.3687509999999996
0.2506219999999999
0.02429300000000012
0.28948000000000107
0.06752099999999928
0.6671910000000025
0.01500249999999781
0.22118449999999967
0.09577300000000122
0.08594599999999986
0.26562849999999827
0.03954949999999968
0.4424620000000026
0.04761899999999741
0.0307025000000003
0.06415900000000008
0.0253475000000023
0.04509249999999909
0.15103750000000105
0.14613499999999746
0.18723850000000297
0.17622249999999795
0.12182999999999922
0.23305150000000197
0.17905899999999875
0.2938900000000011
0.14495849999999777
0.22728850000000023
0.011522000000002919
0.05586499999999717
0.23338750000000275
0.5488344999999981
0.32890700000000095
0.01986750000000015
0.12947600000000037
0.05686099999999783
0.11839000000000155
0.010007500000000391
