0.03716724999999954
0.5404855
0.20802875000000043
0.012771250000000123
0.02191174999999923
0.10391425000000076
0.1983239999999995
0.2805150000000003
0.18919975000000022
0.1494977499999992
0.20137500000000053
0.10330674999999978
0.07131000000000043
0.18462674999999962
0.03441150000000004
0.18306224999999987
0.7672509999999999
0.2048684999999999
0.08710725000000075
0.07366599999999934
0.04426100000000055
0.296956999999999
0.2999027500000011
0.0340152499999995
0.06278625000000027
0.34653825000000005
0.2705244999999987
0.39109575000000163
0.4222912499999989
0.12029000000000067
0.03131325000000018
0.025267999999998736
0.04569000000000045
0.052512999999999366
0.6446900000000007
0.9893254999999996
0.4483534999999996
0.07413725000000149
0.12428449999999991
0.39155124999999913
0.4146370000000008
0.03142524999999985
0.20801274999999997
0.08191349999999886
0.34786874999999995
0.1902517500000016
0.23538599999999832
0.10090175000000023
0.049013249999999786
0.008412750000001523
0.052266499999999994
0.23938149999999858
0.061479750000000166
0.19090650000000053
0.2921724999999995
0.15018699999999896
0.08188050000000047
0.13537725000000123
0.053222500000000394
0.05709799999999987
0.37482849999999956
0.014202999999998411
0.09279300000000035
0.02633624999999995
0.010831500000001881
0.39828550000000007
0.07593400000000017
0.11713449999999881
0.29185449999999946
0.28236725000000007
0.014152500000001567
0.07774075000000025
0.14008499999999913
0.2604790000000001
0.15642199999999917
0.3921334999999999
0.2948635000000017
0.0720799999999997
0.2602994999999986
0.12306974999999909
0.02832700000000088
0.10351800000000111
0.04288324999999915
0.039255250000000075
0.07785325000000043
0.10134975000000068
0.29521524999999826
0.49624999999999986
0.02604649999999964
0.10946300000000164
0.050234499999998405
0.012417750000000893
0.09551525000000183
0.11541774999999888
0.3673970000000004
0.06306924999999808
0.2745180000000005
0.4936732500000005
0.04441775000000092
0.20219625000000008
0.14040424999999956
0.43889899999999926
0.19464525000000066
0.40275899999999965
0.05082475000000031
0.2171737500000006
