0.2732355000000002
0.12761250000000057
0.48335749999999944
0.09872350000000019
0.0747435000000003
0.03704549999999962
0.1318520000000003
0.08613099999999996
0.13121099999999952
0.5147339999999998
0.04810100000000084
0.1968324999999993
0.20874850000000045
0.32156949999999984
0.07791450000000033
0.6108919999999989
0.3133100000000013
0.09344950000000019
0.04885499999999965
0.21643100000000004
0.05844100000000019
0.24545199999999845
0.07489300000000121
0.16220249999999936
0.010455999999999577
0.11116800000000104
0.019579499999998973
0.018942500000001417
0.11585249999999903
0.14210600000000007
0.23411450000000045
0.05284250000000057
0.27364499999999836
0.0824605000000016
0.29092449999999914
0.04032699999999956
0.025011000000001005
0.1723909999999993
0.3261655000000001
0.012753500000000528
0.3474384999999991
0.049979500000000954
0.8723010000000002
0.10059349999999867
0.10090549999999965
0.22177350000000118
0.03138350000000045
0.10467849999999856
0.22259200000000057
0.09070999999999962
0.09121700000000033
0.007119499999999945
0.3229784999999996
0.03550000000000075
0.052033999999999025
0.21310099999999998
0.20394250000000014
0.0281015
0.04318100000000058
0.7976340000000004
0.09236049999999985
0.594519
0.4314159999999987
0.0064765000000015505
0.133522499999998
0.03423800000000199
0.13955999999999946
0.1818685000000002
0.28640550000000076
0.2568154999999983
0.27398450000000096
0.3109099999999998
0.39584250000000054
0.08896299999999968
0.5564605
0.2627980000000001
0.1660535000000003
0.06441249999999954
0.12841549999999913
0.3183594999999997
0.040504000000002094
0.7165629999999972
0.31592350000000025
0.026889000000000607
0.305004499999999
0.036968000000001666
0.02008599999999916
0.20569850000000045
0.26451649999999916
0.0862355000000008
0.08581549999999893
0.1709530000000008
0.055393000000002246
0.10362649999999718
0.3370525000000022
0.02064449999999951
0.054127499999999884
0.2605605000000004
0.1784144999999988
0.020413500000000084
0.43232400000000126
0.03238349999999812
0.06422300000000192
0.025817499999998716
0.5989269999999998
0.0443080000000009
0.05812799999999996
0.10300750000000036
