0.06932400000000083
0.2715959999999997
0.2473799999999997
0.03525299999999998
0.16127700000000011
0.18893100000000018
0.06977100000000025
0.42981599999999975
0.038139000000000145
0.09169499999999964
0.052248000000000516
0.19827299999999948
0.11713799999999974
0.17706900000000036
0.5376029999999998
0.03715500000000027
0.02629799999999971
1.2326400000000008
0.1364970000000003
0.14100000000000001
0.12838799999999928
0.08909099999999981
0.28184700000000085
0.14765999999999835
0.008946000000001675
0.04668299999999981
0.12471899999999891
0.06329999999999991
0.10017299999999985
0.48296700000000037
0.06545700000000032
0.19646400000000064
0.01065599999999911
0.20232900000000065
0.14919899999999942
0.4307850000000002
0.25823399999999985
0.21625799999999984
0.026244000000000156
0.48086100000000087
0.19383000000000017
0.04217399999999927
0.10317299999999996
0.09665399999999913
0.3708690000000008
0.16112099999999963
0.048192000000000235
0.12418199999999935
0.31017900000000154
0.046022999999999925
0.16687499999999922
0.28020000000000067
0.05395799999999973
0.04070699999999938
0.512238
0.3096690000000013
0.16243799999999986
0.07605299999999993
0.02348699999999937
0.1502340000000011
0.08460299999999776
0.2350410000000025
0.2001509999999982
0.025542000000001508
0.20246099999999956
0.27287399999999806
0.6294900000000005
0.13384500000000088
0.16895999999999844
0.16157400000000166
0.22674599999999856
0.12614400000000003
0.3241560000000021
0.05024099999999976
0.19908900000000074
0.9462209999999978
0.167505000000002
0.08461799999999897
0.03497700000000137
0.2967689999999976
0.2681819999999995
0.03733200000000281
0.165029999999998
0.3474000000000004
0.017592000000000496
0.11439599999999928
0.10153199999999885
0.613233000000001
0.19714499999999902
0.33923400000000115
0.18228000000000222
0.02148899999999898
0.1623809999999999
0.02135099999999923
0.06172799999999867
0.2911350000000006
0.2476590000000023
0.06833099999999703
0.11278500000000236
0.1939080000000004
0.18107399999999885
0.332336999999999
0.09457500000000252
