0.2023999999999999
0.062399999999999345
0.07040000000000024
0.03220000000000045
0.23069999999999968
0.015200000000000102
0.23639999999999972
0.042500000000000426
0.2698999999999998
0.1346999999999996
0.10260000000000069
0.15050000000000008
0.6228999999999996
0.1936
0.1900000000000004
0.056400000000000006
0.16330000000000044
0.12069999999999936
0.6161999999999992
0.0387000000000004
0.0777000000000001
0.06980000000000075
0.12659999999999982
0.22219999999999906
0.0879000000000012
0.13030000000000008
0.02099999999999902
0.43180000000000085
0.1526999999999994
0.2751000000000001
0.026999999999999247
0.17660000000000053
0.22409999999999997
0.13400000000000034
0.12369999999999948
0.10460000000000136
0.11029999999999873
0.41830000000000034
0.02919999999999945
0.3719999999999999
0.13920000000000066
0.2789999999999999
0.13279999999999959
0.47880000000000145
0.28359999999999985
0.1365999999999996
0.2583000000000002
0.02880000000000038
0.4101999999999997
0.20579999999999998
0.22119999999999962
0.10810000000000031
0.19849999999999923
0.14510000000000112
0.3373999999999988
0.05730000000000146
0.27119999999999855
0.5656000000000017
0.23079999999999856
0.3622000000000014
0.3913999999999973
0.10590000000000188
0.14239999999999853
0.2710000000000008
0.13170000000000215
0.23699999999999832
0.1850999999999985
0.31310000000000215
0.21750000000000114
0.2518999999999991
0.21039999999999992
0.018799999999998818
0.1772999999999989
0.27060000000000173
0.4750000000000014
0.022399999999997533
0.028300000000001546
0.2245999999999988
0.13940000000000197
0.04679999999999751
0.13670000000000115
0.42790000000000106
0.3366000000000007
0.09389999999999787
0.6760000000000019
0.014399999999998414
0.02919999999999945
0.028700000000000614
0.16300000000000026
0.5067999999999984
0.3443000000000005
0.09939999999999927
0.48540000000000205
0.46770000000000067
0.19549999999999912
