0.22090999999999994
0.5194669999999997
0.19173799999999996
0.06661300000000026
0.2169730000000003
0.03197699999999948
0.2751619999999999
0.27095800000000025
0.7772579999999998
0.06920200000000065
0.15211599999999947
0.10504099999999994
0.22462600000000066
0.31417800000000007
0.2779139999999991
0.1799280000000003
0.21143499999999982
0.3184660000000008
0.5210969999999993
0.09224500000000013
0.3207159999999991
0.057159000000000404
0.419493000000001
0.04152699999999854
0.007541000000001574
0.15564799999999934
0.33209599999999995
0.18242700000000056
0.24474099999999943
0.14746300000000012
0.10715199999999925
0.4368970000000001
0.1702539999999999
0.22565800000000102
0.24726499999999874
0.1915880000000012
0.1367729999999998
0.2829289999999993
0.00868800000000114
0.1016149999999989
0.21324700000000085
0.14968700000000013
0.18676999999999921
0.3391750000000009
0.010533999999999821
0.25279399999999974
0.1448830000000001
0.5259839999999993
0.42646600000000134
0.14103300000000019
0.15748199999999812
0.12150400000000161
0.2812209999999986
0.5379550000000002
0.08970300000000009
0.21247599999999878
0.22472400000000192
0.06606499999999826
0.49243600000000143
0.028113000000001165
0.3499169999999978
0.03559600000000174
0.4031330000000004
0.13479099999999988
0.12431799999999882
0.23409999999999798
0.22992300000000299
0.16828599999999838
0.26766800000000046
0.27060499999999976
0.19284800000000146
0.09106099999999984
0.251223999999997
0.21121000000000123
0.1934989999999992
0.22712900000000147
0.21417800000000042
0.00938899999999876
0.06097300000000061
0.0655050000000017
0.02569599999999994
0.07089999999999819
0.2746959999999987
0.3877740000000003
0.34470300000000265
0.0973899999999972
0.35556500000000213
0.04485000000000028
0.33120899999999764
0.04018600000000205
0.016155999999998727
0.4912780000000012
0.06562500000000071
0.033891999999998035
