0.1343399999999999
0.11027000000000076
0.40782000000000007
0.17530999999999963
0.2816599999999996
0.06261000000000028
0.11790000000000056
0.43849999999999945
0.28012999999999977
0.04208000000000034
0.030620000000000758
0.07690000000000019
0.1757799999999996
0.05023999999999873
0.06051000000000073
0.08536999999999928
0.018680000000001584
0.06784999999999997
0.030979999999999563
0.05274999999999963
0.17276999999999987
0.08205000000000062
0.23227999999999938
0.10576000000000008
0.17440999999999995
0.0367999999999995
0.06979000000000113
0.22956999999999894
0.02926000000000073
0.1934699999999996
0.29406
0.5417500000000004
0.19294999999999973
0.06466999999999956
0.29630000000000045
0.034440000000000026
0.4443999999999999
0.06428999999999974
0.04035000000000011
0.35984000000000016
0.20101000000000013
0.12229000000000134
0.02175999999999867
0.6591199999999997
0.035100000000001685
0.09417999999999971
0.07068999999999903
0.5180900000000008
0.14743999999999957
0.04898999999999987
0.13209999999999944
0.10074000000000005
0.1573000000000011
0.06817000000000029
0.11148999999999987
0.16582000000000008
0.013419999999999987
0.027749999999999275
0.03424000000000049
0.10088000000000008
0.0358900000000002
0.051689999999998903
0.38022000000000133
0.28376999999999875
0.07134000000000107
0.19081999999999866
0.12789000000000073
0.2678200000000004
0.13034000000000034
0.19964999999999833
0.012100000000000222
0.07770999999999972
0.27490000000000236
0.1597799999999978
0.32057999999999964
0.016490000000001004
0.10398999999999958
0.47941000000000145
0.02617000000000047
0.029289999999999594
0.09558999999999784
0.03947000000000145
0.016380000000001615
0.10712999999999795
0.18633000000000166
0.05390999999999835
0.23339
0.26843000000000217
0.2023099999999971
0.2858400000000003
0.10545000000000115
0.05173999999999879
0.060650000000002535
0.05872999999999706
0.11775000000000091
0.03289000000000186
0.07409999999999783
0.39513000000000176
0.6201399999999992
0.03615999999999886
0.7127900000000018
0.2740799999999979
0.301280000000002
0.2794699999999999
0.06519000000000119
0.11088999999999771
0.031210000000001514
0.02628999999999948
0.11145000000000138
0.2008999999999972
0.024630000000001928
0.016619999999999635
0.11453999999999809
0.07835000000000036
0.15127999999999986
0.10026000000000224
0.17690999999999946
0.11064999999999969
0.09033000000000158
0.1609999999999978
0.19473999999999947
0.18191000000000201
