0.4870000000000001
0.35799999999999965
0.02800000000000047
0.10499999999999954
0.14800000000000058
0.10199999999999942
0.12199999999999989
0.2110000000000003
0.38400000000000034
0.17099999999999937
0.018000000000000682
0.040000000000000036
0.0389999999999997
0.48299999999999965
0.4170000000000007
0.01699999999999946
0.0259999999999998
0.018000000000000682
0.3100000000000005
0.13199999999999967
0.07599999999999874
0.6220000000000017
0.03999999999999915
0.31700000000000017
0.12899999999999956
0.13700000000000045
0.026999999999999247
0.30900000000000105
0.16699999999999982
0.11099999999999888
0.2480000000000011
0.08199999999999896
0.031000000000000583
0.3130000000000006
0.24600000000000044
0.14699999999999847
0.21200000000000152
0.5719999999999992
0.026999999999999247
0.6380000000000017
0.12599999999999945
0.04899999999999949
0.120000000000001
0.14699999999999847
0.09299999999999997
0.04600000000000115
0.06899999999999906
0.019000000000000128
0.2810000000000006
0.3719999999999999
0.49099999999999966
0.06300000000000061
0.2259999999999991
0.18400000000000105
0.05599999999999916
0.13100000000000023
0.19700000000000095
0.20699999999999896
0.08200000000000074
0.11100000000000065
0.384999999999998
0.26399999999999935
0.04900000000000304
0.02699999999999747
0.022000000000002018
0.134999999999998
0.2840000000000025
0.06400000000000006
0.1059999999999981
0.1180000000000021
0.1109999999999971
0.09700000000000131
0.04499999999999815
0.043000000000002814
0.08299999999999841
0.012000000000000455
0.31899999999999906
0.11899999999999977
0.05000000000000071
0.010000000000001563
0.36499999999999844
0.3410000000000011
0.14399999999999835
0.11200000000000188
0.277000000000001
0.06199999999999761
0.11400000000000077
0.31200000000000117
0.10200000000000031
0.21199999999999974
0.2839999999999989
0.49099999999999966
0.06599999999999895
0.2170000000000023
0.06299999999999883
0.2660000000000018
0.031999999999996476
0.11700000000000088
0.20400000000000063
0.09700000000000131
0.18599999999999994
0.14300000000000068
0.05999999999999872
0.05000000000000071
0.26899999999999835
0.6099999999999994
0.08000000000000185
0.3000000000000007
0.11399999999999721
0.45000000000000284
0.11899999999999977
