0.04600000000000026
0.12699999999999978
0.04100000000000037
0.13600000000000012
0.6079999999999997
0.08400000000000052
0.04499999999999993
0.17600000000000016
0.18299999999999983
0.05900000000000016
0.9279999999999999
0.08199999999999985
0.37899999999999956
0.05600000000000005
0.09399999999999942
0.7320000000000011
0.04899999999999949
0.32399999999999984
0.21600000000000108
0.18099999999999916
0.10999999999999943
0.359
0.16900000000000048
0.03500000000000014
0.02999999999999936
0.20300000000000118
0.1169999999999991
0.04400000000000048
0.1590000000000007
0.028999999999999915
0.20099999999999874
0.2090000000000014
0.14599999999999902
0.21600000000000108
0.1379999999999999
0.1689999999999987
0.12300000000000111
0.2579999999999991
0.04499999999999993
0.2560000000000002
0.06799999999999962
0.009999999999999787
0.33200000000000074
0.4480000000000004
0.3230000000000004
0.30100000000000016
0.05299999999999905
0.2970000000000006
0.4469999999999992
0.3670000000000009
0.04800000000000004
0.19799999999999862
0.08500000000000085
0.16499999999999915
0.14000000000000057
0.3849999999999998
0.1670000000000016
0.09399999999999764
0.38300000000000267
0.19200000000000017
0.0589999999999975
0.17099999999999937
0.35100000000000264
0.32399999999999807
0.18299999999999983
0.10500000000000043
0.03300000000000125
0.1319999999999979
0.04100000000000037
0.10600000000000165
0.17599999999999838
0.15500000000000114
0.11499999999999844
0.0870000000000033
0.022999999999999687
0.1280000000000001
0.03599999999999781
0.01600000000000179
0.11399999999999721
0.02300000000000324
0.9549999999999983
0.04200000000000159
0.021999999999998465
0.03300000000000125
0.027999999999998693
0.5889999999999986
0.12199999999999989
0.17900000000000205
0.04199999999999804
0.3810000000000002
0.0990000000000002
0.038000000000000256
0.593
0.03200000000000003
0.2430000000000021
0.536999999999999
0.012999999999998124
0.0470000000000006
0.13100000000000023
0.038000000000000256
0.12399999999999878
0.17900000000000205
0.01899999999999835
0.0259999999999998
0.07600000000000051
0.6509999999999998
