0.23649374999999928
0.21878550000000008
0.3975862500000007
0.3635092499999999
0.06386624999999935
0.018271499999999996
0.24004950000000047
0.2792715000000001
0.028106999999999438
0.13174950000000063
0.08278050000000015
0.0781597499999993
0.09723225000000024
0.06558975
0.016962000000000366
0.4038719999999998
0.19804050000000029
0.023900999999999506
0.13933949999999928
0.15188475000000068
0.08390774999999984
0.041740499999999514
0.34611075000000113
0.28814024999999965
0.06389399999999945
0.09998925000000014
0.24288000000000132
0.0732569999999999
0.29821799999999854
0.03238575000000132
0.7567649999999997
0.22421325000000003
0.13402199999999986
0.20371499999999898
0.21851775000000018
0.3192795000000004
0.07415250000000029
0.02836049999999979
0.028691999999999496
0.27438300000000027
0.592580250000001
0.4354117500000001
0.09135599999999933
0.1947915000000009
0.13577999999999868
0.01917599999999986
0.08304900000000082
0.2979637499999992
0.20946450000000105
0.5330017500000004
0.018002999999998437
0.1197765000000004
0.024386250000000942
0.06665399999999977
0.029868750000000333
0.03799650000000021
0.3761632499999994
0.04023824999999981
0.04773149999999937
0.21469200000000122
0.01284300000000016
0.3824347499999998
0.10428974999999951
0.18711599999999962
0.16580550000000116
0.08073149999999885
0.56908125
0.6392969999999991
0.15800325000000015
0.22039350000000013
0.03766725000000193
0.20444399999999874
0.3964995000000009
0.032435249999998916
0.08814225000000064
0.02621174999999809
0.10404150000000101
0.2438317500000018
0.027338999999997782
0.3798097499999997
0.11243775000000156
0.03026399999999896
0.4706632500000012
0.5008170000000014
0.5484937499999987
0.12712274999999806
0.32392650000000245
0.10258349999999794
0.12089625000000126
0.016907249999999152
0.7180642500000012
0.3723547499999995
0.7130392500000013
0.1047779999999996
0.18919125000000037
0.13188899999999748
0.05380125000000291
0.03946199999999678
0.17521650000000122
0.32698800000000006
0.023361749999999404
