0.27623
0.020010000000000083
0.015849999999999476
0.3655400000000002
0.04537000000000013
0.07972000000000001
0.4930899999999996
0.16035999999999984
0.37956000000000056
0.12263999999999964
0.55002
0.37986000000000075
0.06866000000000039
0.1212099999999996
0.04706999999999972
0.15653000000000006
0.1995199999999997
0.08257000000000048
0.74254
0.3865999999999996
0.09762000000000093
0.6332499999999985
0.19899000000000022
0.04658000000000051
0.13119000000000014
0.09882999999999953
0.023010000000001085
0.6554599999999997
0.3052299999999999
0.35914999999999964
0.1080400000000008
0.11421999999999954
0.24662000000000006
0.17186000000000057
0.11908999999999992
0.875729999999999
0.18218000000000067
0.7490199999999998
0.7011699999999994
0.24021000000000114
0.4498999999999995
0.1626000000000012
0.986539999999998
0.3382600000000018
0.05444999999999922
0.2981499999999997
0.045760000000001355
0.23462999999999923
0.0734400000000015
0.009769999999999612
0.0845400000000005
0.4052499999999988
0.13626999999999967
0.3129799999999996
0.013480000000001269
0.07619000000000042
0.04126999999999725
0.13922000000000168
0.2377299999999991
0.008630000000000138
0.16394999999999982
0.25322000000000244
0.27027
0.02372999999999692
0.012890000000002289
0.23579999999999757
0.2537400000000005
0.4712700000000005
0.1535800000000016
0.027999999999998693
0.33226000000000155
0.6015499999999996
0.039339999999999264
0.23045000000000115
0.020749999999999602
0.1869499999999995
0.3369499999999981
0.02681000000000111
0.06887000000000043
0.36815
0.10677000000000092
0.14432000000000045
0.12567999999999913
0.01921000000000106
