0.10518450000000001
0.17661999999999978
0.24035549999999972
0.035053000000000445
0.07046650000000021
0.4049909999999999
0.13681999999999928
0.036206500000000474
0.2606995000000003
0.1861524999999995
0.07595900000000011
0.16377699999999962
0.09250800000000048
0.32333199999999973
0.21395000000000053
0.018512000000000306
0.05698949999999847
0.07307950000000041
0.012354500000000712
0.07335149999999935
0.06096150000000122
0.031627999999999545
0.04500399999999871
0.04133200000000059
0.2241850000000003
0.18336249999999943
0.11368050000000096
0.28825649999999925
0.5703294999999997
0.1314340000000005
0.03572199999999981
0.49023599999999945
0.21077400000000068
0.12943450000000034
0.07538399999999967
0.2115954999999996
0.0514865000000011
0.11084199999999989
0.18115599999999965
0.04982199999999892
0.28347550000000155
0.14723549999999896
0.4183079999999997
0.3083550000000006
0.01726050000000079
0.40915249999999936
0.18146750000000011
0.26364300000000007
0.03832850000000043
0.2450884999999996
0.06260699999999986
0.10645249999999962
0.07994599999999963
0.2632300000000001
0.014504000000000516
0.02699149999999939
0.0759470000000011
0.3235754999999987
0.19622000000000028
0.07731500000000047
0.06623349999999917
0.08204400000000156
0.08181399999999961
0.05785399999999896
0.05617300000000114
0.04469499999999904
0.12896450000000037
0.049020499999999245
0.02457950000000153
0.21172799999999903
0.3265040000000017
0.130628999999999
0.08762899999999973
0.29510900000000007
0.10863349999999983
0.2418699999999987
0.12705800000000167
0.11624499999999927
0.08328699999999856
0.19104200000000304
0.04535249999999991
0.060722499999997126
0.038895500000002414
0.3005514999999974
0.30864050000000276
0.044793499999997266
0.0923985000000016
0.05355550000000164
0.014286999999999495
0.02827599999999819
0.023702000000000112
0.7688069999999989
0.07715350000000143
0.08803650000000118
0.2071159999999992
0.2082835000000003
0.03489199999999926
0.04720599999999919
0.11118150000000071
0.03142800000000179
0.24697049999999976
0.08386799999999894
0.17950199999999938
0.011559000000001873
0.02046149999999969
0.215761999999998
0.09496299999999991
0.1683140000000023
0.558482999999999
0.022773499999999558
0.10598549999999918
0.05163399999999996
0.3133770000000027
0.10183549999999997
0.17423649999999924
0.3704119999999982
0.7589159999999993
0.3606170000000013
0.15481499999999926
0.011297000000002555
0.06019049999999737
0.36078950000000276
0.45959399999999917
