0.1034670000000002
0.02693399999999979
1.1123669999999999
0.2577359999999995
0.39979800000000054
0.04244100000000017
0.2583449999999994
0.12130500000000044
0.20133599999999952
0.40746900000000075
0.5368889999999995
0.015242999999999896
0.28715700000000055
0.29392499999999977
0.1171830000000007
0.17538300000000007
0.043940999999998454
0.08452500000000107
0.030585000000000306
0.4454729999999998
0.10367699999999935
0.06424200000000013
0.49021500000000096
0.09134699999999896
0.15661799999999992
0.3010800000000007
0.02042400000000022
0.182817
0.17160299999999928
0.032384999999999664
0.025439999999999685
0.08966100000000132
0.029166000000000025
0.9192869999999989
0.16626899999999978
0.02403000000000155
0.008399999999999963
0.31658399999999887
0.10146300000000075
0.19829399999999886
0.16994400000000098
0.08425199999999933
0.5981520000000007
0.1753739999999997
0.06831599999999938
0.4729860000000006
0.04667399999999944
0.6120960000000011
0.3332100000000011
0.0197819999999993
0.21538499999999772
0.06727800000000173
0.10610099999999889
0.016277999999999793
0.45820499999999953
0.48974400000000173
0.0826020000000014
0.15548399999999774
0.22162499999999952
0.07860900000000015
0.084264000000001
0.07581300000000013
0.03728100000000012
0.038319000000001324
0.204464999999999
0.12688199999999838
0.23075100000000148
0.11231099999999827
0.1301009999999998
0.1392060000000015
0.21143400000000057
0.03391799999999989
0.017072999999999894
0.0332429999999988
0.8906310000000026
0.07799099999999726
0.3711480000000016
0.13192499999999896
0.17978100000000197
0.4823069999999987
0.09932099999999977
0.13931399999999883
0.16754700000000255
0.03474599999999839
0.06726000000000099
0.11859899999999968
0.5535330000000016
0.019514999999998395
1.135344
0.08363699999999952
0.25617599999999996
0.10149600000000092
0.07133999999999929
0.23080500000000015
0.10030800000000184
0.23131199999999907
