0.034105000000000274
0.05958799999999975
0.05571549999999981
0.24794250000000062
0.11415799999999976
0.22285749999999993
0.22885750000000016
0.038201499999999555
0.6822270000000001
0.0879954999999999
0.3073174999999999
0.15048900000000032
0.030909000000000297
0.021057499999999507
0.27818450000000006
0.18965799999999966
0.05520450000000032
0.8010305000000004
0.013101499999999433
0.7730565000000009
0.30287749999999924
0.0625940000000007
0.053861999999998744
0.6604799999999997
0.850676
0.7026625000000006
0.39226900000000064
0.44604549999999854
0.1820270000000015
0.3231214999999992
0.045756000000000796
0.20857799999999926
0.07146350000000012
0.30017349999999965
0.07201200000000085
0.20688149999999972
0.7716224999999994
0.14085449999999966
0.1129294999999999
0.12112850000000108
0.07372699999999988
0.023701499999999598
0.2517984999999996
0.3803770000000011
0.019900499999998544
0.05900300000000058
0.05272850000000062
0.417940999999999
0.10873450000000062
0.09821349999999995
0.12778949999999867
0.2271825000000014
0.21138799999999947
0.3633890000000015
0.2377874999999996
0.5139774999999993
0.07328649999999826
0.021576000000003148
0.11087649999999982
0.3583619999999996
0.022821499999999162
0.04988399999999871
0.1570695000000022
0.6265664999999991
0.042974000000000956
0.16233549999999752
0.16851700000000136
0.22898849999999982
0.01875100000000174
0.2586974999999967
0.11183049999999994
0.0832435000000018
0.10833149999999847
0.19849900000000176
0.4059439999999981
0.12563600000000008
0.12428250000000318
0.014980500000000063
0.06820849999999723
0.054145000000001886
0.03351199999999821
0.06806150000000244
0.060241999999998797
0.30373949999999894
0.6655675000000016
0.05450649999999868
0.06778699999999915
0.3367135000000019
0.33573849999999794
0.12987200000000243
0.22602099999999936
0.07959849999999946
0.030131499999999534
0.022779500000002173
0.2833539999999992
