0.2979900000000004
0.12436799999999959
0.10763999999999996
0.23627100000000034
0.049115999999999715
0.3678030000000003
0.16166999999999998
0.09535800000000005
0.14204099999999986
0.01596300000000017
0.11162700000000036
0.07697999999999983
0.23854799999999976
0.09035100000000007
0.25119899999999973
0.24436200000000063
0.044441999999999204
0.22990500000000047
0.09330299999999969
0.05663099999999943
0.20925000000000082
0.25324799999999925
0.26814300000000024
1.0296390000000013
0.027188999999999908
0.0740369999999988
0.10285200000000039
0.25932899999999925
0.09891000000000005
0.231306
0.22472700000000145
0.08199299999999887
0.06707399999999986
1.2053190000000011
0.3784919999999996
0.48298499999999933
0.8297790000000003
0.26137800000000055
0.14438999999999957
0.0734250000000003
0.07977600000000074
0.021584999999999965
0.2491979999999998
0.035912999999998974
0.08927700000000094
0.09636599999999973
0.012491999999999948
0.12356400000000001
0.1697039999999994
0.023607000000000156
0.09610200000000013
0.288177000000001
0.15514799999999873
0.12416100000000085
0.11174700000000115
0.12825299999999729
0.04380000000000095
0.14017199999999974
0.1202430000000021
0.15395699999999835
0.028551000000000215
0.17480700000000127
0.3403349999999996
0.09542399999999773
0.06875100000000245
0.0611309999999996
0.06334799999999774
0.6722460000000012
0.3808620000000005
0.07432800000000128
0.03070499999999754
1.1502870000000023
0.07883700000000005
0.09868799999999922
0.011777999999999622
0.2594069999999995
0.39051299999999856
0.16624200000000044
0.03521700000000294
0.14626200000000011
0.15289799999999687
0.326823000000001
0.07913999999999888
0.1930019999999999
0.15275700000000114
0.03247800000000112
0.0867629999999977
0.02929200000000165
0.04328399999999988
0.09544800000000109
0.05260499999999979
0.6344519999999996
0.07401300000000077
0.4973879999999973
0.5853090000000023
0.07447499999999962
0.04675500000000099
0.06666299999999836
0.3033570000000019
0.010154999999997472
0.009548999999999808
0.145698000000003
0.28651499999999785
