0.2944956999999997
0.09360129999999955
0.20565429999999996
0.1536414000000006
0.16564129999999988
0.4125768000000001
0.3933635999999998
0.10136569999999967
0.5716372999999999
0.039129700000000156
0.0681889
0.6001845999999995
0.08426709999999993
0.5593028000000011
0.12299739999999915
0.09333379999999991
0.010666300000000462
0.017160499999999246
0.17912180000000077
0.06359130000000057
0.14696059999999989
0.3372516000000001
0.03707099999999919
0.13598140000000036
0.21438569999999935
0.1349853999999997
0.646176800000001
0.1523778
0.0497949000000002
0.08918339999999958
0.055932000000000315
0.031061700000000414
0.21787879999999937
0.011713900000000166
0.033249500000000154
0.13386929999999886
0.3354531000000005
0.16367950000000064
0.23878120000000003
0.10392429999999919
0.18197179999999946
0.49875930000000146
0.03266960000000019
0.0862021999999989
0.044694700000000864
0.7835209999999986
0.13009050000000144
0.015595899999999219
0.14957550000000097
0.37756289999999915
0.37522779999999933
0.24251970000000078
0.03945979999999949
0.12734660000000098
0.33886850000000024
0.7544019999999989
0.11516359999999892
0.012124100000001192
0.03644069999999999
0.07718930000000057
0.24088889999999807
0.2457837000000005
0.04598299999999966
0.2265080000000026
0.09995449999999906
0.16608109999999954
0.16729979999999856
0.16897800000000274
0.04724899999999721
0.09935200000000322
0.5208514999999991
0.4222812999999981
0.2292529000000023
0.07249219999999923
0.04984130000000064
0.2716949999999976
0.1594001000000027
0.07186349999999919
0.38244609999999923
0.08549379999999829
0.023738400000002713
0.0793319999999973
0.030350200000000882
0.042281600000002584
0.07334329999999767
0.11623630000000063
0.04058300000000159
0.0808556999999972
0.6524899000000026
0.07337909999999681
0.03517480000000006
0.23127290000000045
0.2275790999999998
0.1582466000000018
0.34124599999999816
0.27463110000000057
0.2904769000000016
0.024182899999999563
0.019944599999998758
0.02970990000000029
0.1883903000000018
0.2066127999999985
0.03849729999999951
0.013721000000000316
0.22342250000000163
0.1378743
0.2942658999999992
0.09876200000000068
