0.16249999999999964
0.46646000000000054
0.08786000000000005
0.05122999999999944
0.42035
0.21799999999999997
0.09761000000000042
0.6016199999999996
0.09460000000000068
0.8443000000000005
0.23494999999999955
0.36336999999999975
0.2600800000000003
0.13766000000000034
0.0253199999999989
0.4438500000000012
0.029659999999999798
0.70045
0.37546999999999997
0.5026399999999995
0.1743900000000007
0.107899999999999
0.04438000000000031
0.03560000000000052
0.041999999999999815
0.16671000000000014
0.025919999999999277
0.25505000000000067
0.02120000000000033
0.22466000000000008
0.12743000000000038
0.3576099999999993
0.0799000000000003
0.1663800000000002
0.5890599999999999
0.03553999999999924
0.14175999999999966
0.04738000000000042
0.371830000000001
0.006129999999998859
0.1873699999999996
0.8051100000000009
0.050029999999999575
0.018119999999999692
0.04208000000000034
0.02416000000000018
0.10674000000000028
0.2461599999999997
0.11429000000000045
0.5038900000000002
0.6723399999999984
0.2441100000000027
0.23470999999999975
0.05221999999999838
0.28134000000000015
0.029779999999998807
0.057840000000002334
0.16522999999999755
0.4787700000000008
0.07225999999999999
0.060300000000001575
0.18966999999999956
0.3622300000000003
0.010020000000000806
0.07813999999999766
0.13687000000000182
0.2824799999999996
0.10623999999999967
0.45949999999999847
0.15967000000000198
0.6023199999999989
0.008300000000001972
0.22607999999999961
0.016519999999999868
0.04171999999999798
0.020369999999999777
0.05406000000000333
0.0157299999999978
0.4442900000000023
0.03532999999999831
0.46073000000000164
0.04391999999999996
0.2494199999999971
0.08772000000000091
0.0603599999999993
0.11051000000000144
0.34683000000000064
0.2819299999999991
0.07316000000000145
0.08045999999999864
0.13100999999999985
0.01548000000000016
0.17239000000000004
0.011209999999998388
0.25694000000000017
0.023920000000000385
0.11990000000000123
0.06721999999999895
0.05993000000000137
