0.026648299999999736
0.19340720000000022
0.38683349999999983
0.17394160000000003
0.30143450000000005
0.02216359999999984
0.30696490000000054
0.026459499999999636
0.19781449999999978
0.09753960000000017
0.0241756999999998
0.02211720000000028
0.06134850000000025
0.5582326000000002
0.09646799999999978
0.03552309999999981
0.0498466999999998
0.28439309999999995
0.01871800000000068
0.02114239999999956
0.35480159999999916
0.1425540000000005
0.08415079999999975
0.34491780000000105
0.9118766999999988
0.04236520000000077
0.7588962000000006
0.09024579999999993
0.21025669999999863
0.5037548000000012
0.2411701999999991
0.0591923000000012
0.11655509999999936
0.011451700000000287
0.04051720000000003
0.8886374000000004
0.010082199999999375
0.3390191999999992
0.1341384000000012
0.10832849999999894
0.06957290000000071
0.23168959999999927
0.04133600000000115
0.2314600999999996
0.07943359999999977
0.14523490000000017
0.043545999999999196
0.32869810000000044
0.5097299
0.08279519999999962
0.022512000000000754
0.07559219999999911
0.1733937000000001
0.07475400000000043
0.023351699999999198
0.04365800000000064
0.40504600000000046
0.024740399999998886
0.07067170000000011
0.10707909999999998
0.13715279999999908
0.12206060000000107
0.15608450000000218
0.05347369999999785
0.10054840000000098
0.322132400000001
0.09526979999999696
0.1608167000000016
0.012530900000001566
0.19559389999999865
0.20251989999999864
0.021976099999999832
0.2557381999999997
0.0745950999999998
0.5202846000000001
0.08098020000000261
0.4647599999999983
0.08405460000000176
0.15318729999999903
0.03526600000000002
0.632957900000001
0.09002269999999868
0.2647686
0.7408932999999998
0.40764529999999866
0.18997230000000087
0.052847200000002204
0.07530069999999967
0.26428989999999786
0.04143990000000031
0.1683581000000025
0.04697559999999967
0.18047929999999823
0.09677170000000146
0.6323363999999998
0.13073389999999918
0.12659830000000127
0.16042719999999733
0.146680700000001
0.034890400000001875
0.0410012999999978
0.010584999999998956
0.18447400000000158
0.020848099999998482
0.19697860000000134
0.1458200000000005
0.23356250000000145
0.04847999999999786
0.07916790000000162
0.07873969999999986
