0.18327000000000027
0.1747399999999999
0.05773000000000028
0.020480000000000054
0.0958799999999993
0.29966000000000026
0.19057000000000013
0.0277099999999999
0.19123
0.4930900000000005
0.01764999999999972
0.11674999999999969
0.02694000000000063
0.24512999999999963
0.08408999999999978
0.2328600000000005
0.9315599999999993
0.41655000000000086
0.11068999999999996
0.0529200000000003
0.03340000000000032
0.04805999999999955
0.07081999999999944
0.021280000000000854
0.1711999999999989
0.1654099999999996
0.12033000000000094
0.17144000000000048
0.05442000000000036
0.10323999999999955
0.031749999999998835
0.5396900000000002
0.07683000000000106
0.1539400000000004
0.18807999999999936
0.8867200000000004
0.013539999999998997
0.35374000000000017
0.02224999999999966
0.2020300000000006
0.8720700000000008
0.3262900000000002
0.19716999999999985
0.17614000000000019
0.1583199999999998
0.16397999999999868
0.1028600000000015
0.05799999999999983
0.13499000000000017
0.6139099999999988
0.2605500000000003
0.0640900000000002
0.15905000000000058
0.11408999999999914
0.03845000000000098
0.013999999999999346
0.23404999999999987
0.17044999999999888
0.4389200000000031
0.09878999999999749
0.148810000000001
0.034430000000000405
0.0837299999999992
0.025950000000001694
0.1972699999999996
0.23019999999999996
0.16376999999999953
0.02826999999999913
0.1137599999999992
0.03909000000000162
0.060069999999999624
0.18656999999999968
0.21906999999999854
0.04591000000000278
0.06296999999999997
0.18191999999999808
0.26975000000000193
0.11562999999999946
0.025159999999999627
0.05865999999999971
0.3726699999999994
0.17948000000000164
0.012959999999999638
0.3622499999999995
0.40401999999999916
0.06848000000000098
0.013709999999999667
0.07596000000000203
0.05262999999999707
0.08299000000000234
0.4739699999999978
0.2197400000000016
0.21883000000000052
0.11229999999999762
0.21103000000000094
0.8442800000000013
0.07416999999999874
0.05970999999999904
0.0691800000000029
0.018889999999998963
0.23264999999999958
0.11311999999999856
0.1355200000000032
0.046709999999997365
0.062120000000000175
0.3546900000000015
0.3889499999999977
0.15665000000000262
0.16460000000000008
