0.3698580000000007
0.2715209999999999
0.23179099999999941
0.1959780000000002
0.078843
0.1088849999999999
0.10024299999999986
0.1249210000000005
0.09938999999999965
0.2843460000000002
0.10800300000000007
0.2485489999999997
0.15337500000000048
0.07759699999999992
0.040928000000000075
0.1508319999999994
0.05458500000000033
0.014117999999999853
0.09519300000000008
0.029029000000000416
0.22484699999999957
0.17752300000000076
0.034841999999999373
0.06841200000000036
0.9158469999999994
0.31223199999999984
0.017433999999999727
0.12189200000000078
0.1207969999999996
0.0727720000000005
0.14872300000000038
0.8379269999999988
0.15866300000000066
0.06229399999999963
0.021240000000000592
0.8518019999999993
0.19946299999999972
0.3896740000000012
0.012051999999998841
0.16384700000000052
0.12683
0.12163100000000071
0.17145699999999842
0.1412570000000013
0.1532979999999995
0.019710999999999146
0.04892500000000055
0.039084000000000785
0.27688199999999874
0.12689899999999987
0.38154100000000035
0.14251100000000072
0.578087
0.23947800000000008
0.07896399999999915
0.04995800000000017
0.11448400000000092
0.47328300000000034
0.02065199999999834
0.03565199999999891
0.1883410000000012
0.4151890000000016
0.18453199999999725
0.011377000000003079
0.25674199999999914
0.17441499999999976
0.09131100000000103
0.23334799999999944
0.374527999999998
0.20310600000000179
0.3363979999999991
0.3072380000000017
0.1225619999999985
0.29528000000000176
0.025715999999999184
0.05961599999999834
0.3916159999999991
0.09773100000000312
0.22818399999999883
0.13254699999999886
0.1596650000000004
0.33542699999999925
0.08088800000000163
0.09567799999999949
0.029156000000000404
0.328284
0.37573799999999835
0.03175300000000192
0.0571579999999976
0.13455100000000186
0.017403999999999087
0.18829099999999954
0.046114000000002875
0.1522839999999981
0.10906599999999855
0.21965900000000005
0.11064200000000213
0.026195999999998776
0.027309999999999945
0.2663630000000019
0.05635299999999788
0.03239800000000059
0.11451600000000184
0.0940519999999978
0.054771000000002346
0.41121699999999706
0.05587099999999978
0.07444300000000226
0.21061500000000066
0.5241129999999998
0.019363999999999493
0.09824700000000064
0.11476599999999948
0.11309699999999978
