1.1948310000000006
0.10152800000000006
0.04011399999999998
0.02875199999999989
0.22872700000000012
0.02102999999999966
0.6734770000000001
0.0514859999999997
0.843776000000001
0.09439899999999923
0.2576009999999993
0.4353170000000013
0.058988999999998626
0.4099630000000012
0.2828159999999986
0.02088000000000001
0.02183800000000069
0.055799000000000376
0.13617799999999924
0.18899600000000127
0.13826800000000006
0.4498819999999988
0.026099000000000316
0.06231900000000046
0.09052299999999924
0.024032000000000053
0.10939199999999971
0.10045700000000046
0.3178389999999993
0.5470830000000007
0.06953299999999984
0.22849300000000028
0.3990740000000006
0.03913599999999917
0.13684899999999978
0.20111800000000102
0.04419399999999918
0.06424499999999966
0.0857720000000004
0.05024500000000032
0.017227999999999355
0.06291599999999953
0.20861600000000102
0.0957410000000003
0.315669999999999
0.11490299999999998
0.14310700000000054
0.09592999999999918
0.24312900000000148
0.03458899999999865
0.163786
0.051275000000000404
0.04641600000000068
0.24199600000000032
0.6530229999999992
1.0662160000000007
0.14689599999999814
0.1430390000000017
0.09033200000000008
0.23706299999999914
0.09040399999999948
0.5629410000000021
0.06273399999999896
0.5418190000000003
0.10262299999999769
0.06328800000000001
0.08809000000000111
0.1223540000000014
0.2608089999999983
0.4041880000000013
0.123425000000001
0.09108799999999917
0.01621099999999842
0.7344159999999995
0.19515400000000227
0.7102959999999996
0.5473560000000006
0.07829499999999712
0.1375680000000017
0.03083600000000075
0.1878700000000002
0.27446199999999976
0.005786999999997988
0.08117900000000233
0.27766699999999744
0.07043000000000177
0.20898799999999795
0.05557300000000254
0.07743400000000022
0.05427800000000005
0.36587399999999803
0.05387400000000042
0.2548889999999986
0.22580400000000012
0.030454000000002424
0.14311899999999866
