0.0199429999999996
0.016337599999999952
0.07511440000000036
0.09014740000000021
0.7590462999999996
0.09332750000000001
0.04171440000000004
0.44692620000000005
0.23116550000000036
0.12970330000000008
0.0673729999999999
0.2556969999999996
0.5649761
0.1836708000000007
0.0148944999999987
0.039662400000000986
0.0525386000000001
0.0924429
0.17852040000000002
0.1697495999999994
0.08760069999999942
0.24345000000000105
0.1896898999999994
0.03368509999999958
0.02131540000000065
0.1391208000000006
0.3305238999999993
0.062320700000000784
0.012673500000000004
0.10960769999999975
0.02745019999999876
0.17056860000000107
0.14818819999999988
0.06765440000000034
0.2127453999999993
0.36315330000000046
0.06418249999999937
0.0740520999999994
0.3332775000000012
0.0658297999999995
0.5218530000000001
0.06625149999999991
0.4524626000000005
0.14624459999999928
0.18917070000000002
0.021000499999999533
0.057146100000000644
0.05057689999999937
0.25616899999999987
0.10682080000000127
0.7146352
1.0276058
0.5164939999999998
0.03707119999999975
0.02179519999999968
0.6354143000000008
0.055907999999998736
0.12475510000000156
0.1951484999999984
0.10938980000000242
0.012539999999997775
0.030145499999999714
0.2837834000000008
0.13285610000000148
0.07288569999999694
0.15105520000000183
0.3995014999999995
0.04286779999999979
0.11676879999999912
0.05023650000000046
0.060984700000002334
0.10626539999999807
0.37273910000000043
0.14252330000000057
0.019771699999999726
0.029598000000000013
0.18107459999999875
0.06109130000000107
0.08256390000000025
0.03849049999999821
0.16491570000000166
0.1120833999999995
0.40246210000000104
0.024798099999998158
0.3814161000000027
0.08062369999999675
0.32039609999999996
0.22848860000000215
0.07092300000000051
0.01394990000000007
0.09008169999999893
0.8530856
0.21020779999999917
0.07544440000000208
0.1939598999999994
0.05020419999999959
0.1289309999999979
0.06976200000000077
0.01663250000000005
0.03354360000000156
0.9344286000000004
0.011797200000000174
0.2913558999999992
0.39662489999999906
0.1708797000000004
0.1254932999999987
0.02484770000000225
0.1906770999999985
0.016429900000002107
