0.03652500000000014
0.0901139999999998
0.0634560000000004
0.5380770000000004
0.08088599999999957
0.0671759999999999
0.10357199999999978
0.6920670000000007
0.0949289999999996
0.14938500000000055
0.28278599999999976
0.13357499999999956
0.4261890000000008
0.0256949999999998
0.1100399999999997
0.12147899999999989
0.16941899999999954
0.03155399999999986
0.128838
0.02204100000000153
0.2986349999999991
0.03423000000000087
1.0171079999999986
0.19049700000000058
0.045420000000000016
0.04885499999999965
0.08551800000000043
0.05903999999999954
0.6745530000000013
0.12034199999999906
0.043250999999999706
0.13589100000000087
0.3288840000000004
0.08282699999999998
0.1387919999999987
0.01721400000000095
0.06756000000000029
0.10894799999999982
0.18897299999999895
0.015560999999999936
0.02183400000000013
0.2367120000000007
0.042612000000000094
0.015086999999999406
0.027881999999999962
0.1095600000000001
0.15236100000000086
0.1161569999999994
0.19157399999999924
0.03216000000000108
0.10904999999999987
0.1929180000000006
0.19070399999999843
0.015600000000000946
0.17398500000000006
0.1733759999999993
0.3864239999999999
0.04113000000000078
0.3170850000000005
0.46526399999999946
0.012339000000000766
0.0927359999999986
0.022215000000000984
0.5097179999999994
0.04499099999999956
0.10135499999999986
0.0221309999999999
0.01858200000000032
0.09558299999999953
0.040442999999999785
0.046587000000002377
0.45483600000000024
0.06169500000000028
0.1535039999999981
0.27888300000000044
0.12750600000000034
0.32171400000000006
0.0263220000000004
0.2362739999999981
0.14431199999999933
0.35041800000000123
0.04554900000000117
0.26240100000000055
0.18267599999999717
0.2936790000000009
0.1567709999999991
0.3806400000000032
0.09028499999999795
0.03617399999999904
0.21296400000000304
0.1312919999999984
0.4507259999999995
0.3501839999999987
0.38543400000000005
0.052554000000000656
0.1867289999999997
0.5719260000000013
0.07567200000000085
0.040760999999999825
0.09310499999999777
0.15966600000000142
0.2351789999999987
0.17551500000000075
0.04931399999999897
0.2622510000000027
0.06241499999999789
0.1623480000000015
0.06714900000000057
0.44396700000000067
0.05748599999999726
0.12432000000000087
0.026942999999999273
0.05662500000000037
0.021651000000002085
0.16466999999999743
0.3099480000000021
0.2149259999999984
0.04183800000000204
