0.03541499999999953
0.045090000000000074
0.25166999999999984
0.32012399999999985
0.015063000000000493
0.4359510000000002
0.023012999999999728
0.04913999999999952
0.06943800000000078
0.40133699999999983
0.033947999999999645
0.19669200000000053
0.04593599999999931
0.045285000000000686
0.015113999999999628
0.24738300000000013
0.39499499999999976
0.2614679999999998
0.13920000000000066
0.10159499999999966
0.07936199999999971
0.3464849999999995
0.3448410000000006
0.042771000000000114
0.039234000000000435
0.4539299999999997
0.7465589999999995
0.736695000000001
0.09072299999999878
0.23694600000000143
0.0719549999999991
0.15406800000000054
0.09597899999999981
0.21724799999999966
0.2717010000000002
0.01592699999999958
0.21866699999999994
0.07568100000000122
0.14411099999999877
0.31103400000000114
0.451649999999999
0.02292000000000094
0.1516289999999998
0.027006000000000085
0.04960499999999968
0.6130139999999997
0.14790600000000076
0.04050900000000013
0.5216069999999995
0.13262999999999892
0.13267200000000123
0.41005799999999937
0.27720000000000056
0.06803099999999951
0.034593000000000984
0.10069199999999867
0.14540700000000228
0.10360499999999817
0.032993999999998636
0.10602300000000042
0.15313500000000246
0.04862400000000022
0.19485599999999792
0.13190400000000224
0.2521919999999973
0.05044799999999938
0.0339090000000013
0.04241100000000131
0.7926660000000005
0.4128809999999987
0.04294499999999957
0.30409799999999976
0.12894299999999959
0.024876000000002563
0.2739869999999982
0.5542830000000016
0.2743380000000002
0.16131599999999935
0.17364599999999797
0.21679500000000118
0.19749300000000147
0.557579999999998
0.11368500000000026
0.016754999999999853
0.08288699999999949
0.13742399999999932
0.11826000000000292
0.16713299999999975
0.5976870000000005
0.16554899999999861
0.3709559999999996
0.16668900000000164
0.007928999999997188
0.17581500000000005
0.046386000000001815
0.09007199999999926
0.07535700000000034
0.38067900000000066
0.3252929999999985
0.11457599999999957
0.20313300000000112
0.034199999999998454
