0.009507000000000154
0.3002279999999997
0.18561300000000003
0.07074000000000069
0.17680499999999988
0.24098099999999967
0.2010329999999998
0.2708010000000005
0.08465100000000003
0.13065899999999964
0.037685999999999886
0.013029000000000401
0.17880900000000022
0.1949999999999994
0.305307
0.057315000000000005
0.23641800000000046
0.08771400000000007
0.22344599999999915
0.031938000000000244
0.4607910000000004
0.27658500000000075
0.15502499999999841
0.11613000000000007
0.022341000000000832
0.3300029999999996
0.08994299999999988
0.3280170000000009
0.22384499999999896
0.2983140000000013
0.14563499999999863
0.2536740000000002
0.04360199999999992
0.07362900000000039
0.04997400000000063
0.25938899999999876
0.27043200000000134
0.014495999999999398
0.8306579999999997
0.07599900000000126
0.03589799999999954
0.0671280000000003
0.03695699999999924
0.05253899999999945
0.034458000000000766
0.17882099999999923
1.0796700000000001
0.26087400000000116
0.23119799999999913
0.18512400000000007
0.4266780000000008
0.023441999999999297
0.04751100000000008
0.16790699999999958
0.409872
0.13576800000000055
0.3459779999999988
0.10957800000000262
0.08098499999999831
0.20893200000000078
0.1541250000000005
0.07404599999999917
0.18149700000000024
0.09601800000000082
0.12216300000000047
0.05833499999999958
0.04015799999999814
0.14039100000000104
0.42256499999999875
0.01638900000000021
0.35537100000000166
0.5286749999999998
0.07746900000000068
0.0211529999999982
0.08022899999999922
0.131730000000001
0.10240500000000097
0.0245609999999985
0.03900300000000101
0.05783399999999972
0.5511389999999992
0.07970699999999908
0.12396300000000338
0.047063999999998885
0.07260899999999992
0.344811
0.3361859999999979
0.4468589999999999
0.36406800000000317
0.07939199999999857
0.2762670000000007
0.21062999999999832
0.11655000000000015
0.024066000000001253
0.5182560000000009
0.02011800000000008
0.15773399999999782
0.43530900000000017
0.16973700000000136
0.009449999999997516
0.03668100000000152
0.04808399999999935
0.38166900000000226
0.11281199999999814
