0.054999999999999716
0.3390000000000004
0.33499999999999996
0.014000000000000234
0.05600000000000005
0.5199999999999996
0.036000000000000476
0.19099999999999984
0.03000000000000025
0.03999999999999915
0.14200000000000035
0.4009999999999998
0.47299999999999986
0.31200000000000117
0.31899999999999906
0.15499999999999936
0.10600000000000165
0.27399999999999913
0.36100000000000065
0.08499999999999908
0.23399999999999999
0.25
0.26200000000000045
0.045999999999999375
0.08699999999999974
0.15600000000000058
0.2870000000000008
0.15499999999999936
0.15499999999999936
0.0470000000000006
0.08800000000000097
0.1039999999999992
0.0389999999999997
0.17999999999999972
0.04400000000000048
0.26699999999999946
0.33200000000000074
0.02099999999999902
0.2840000000000007
0.6229999999999993
0.14000000000000057
0.0990000000000002
0.13199999999999967
0.04499999999999993
0.017000000000001236
0.06999999999999851
0.04200000000000159
0.045999999999999375
0.2370000000000001
0.028999999999999915
0.036999999999999034
0.019000000000000128
0.07900000000000063
0.5719999999999992
0.24900000000000055
0.17999999999999972
0.0860000000000003
0.20400000000000063
0.04100000000000037
0.22199999999999953
0.0649999999999995
0.7560000000000002
0.0940000000000012
0.055999999999997385
0.30100000000000193
0.1479999999999997
0.038000000000000256
0.5109999999999992
0.3670000000000009
0.01899999999999835
0.21100000000000207
0.15199999999999747
0.08500000000000085
0.012000000000000455
0.120000000000001
0.07600000000000051
0.0779999999999994
0.20599999999999952
0.045999999999999375
0.045999999999999375
0.019999999999999574
0.16400000000000148
0.022999999999999687
0.036999999999999034
0.08399999999999963
0.03400000000000247
0.015000000000000568
0.11499999999999844
0.14300000000000068
0.022999999999999687
0.26200000000000045
0.05000000000000071
0.022999999999999687
0.09499999999999886
0.3219999999999992
0.6910000000000025
0.565999999999999
0.05999999999999872
0.3019999999999996
0.35900000000000176
0.062000000000001165
0.07399999999999807
0.1479999999999997
0.1769999999999996
0.8049999999999997
0.08300000000000196
0.4259999999999984
0.13500000000000156
0.054999999999999716
0.08599999999999852
0.07500000000000284
0.05999999999999872
0.018000000000000682
0.12899999999999778
0.1680000000000028
