0.16199999999999992
0.4269999999999996
0.02600000000000069
0.019999999999999574
0.21499999999999986
0.10099999999999998
0.2290000000000001
0.07900000000000063
0.08899999999999952
0.36599999999999966
0.08400000000000052
0.11899999999999977
0.258
0.13999999999999968
0.034000000000000696
0.12399999999999967
0.15399999999999991
0.2240000000000002
0.3330000000000002
0.2159999999999993
0.04499999999999993
0.14100000000000001
0.22300000000000075
0.0860000000000003
0.011999999999998678
0.20700000000000074
0.24300000000000033
0.058999999999999275
0.09200000000000053
0.08699999999999974
0.19500000000000028
0.03999999999999915
0.5550000000000015
0.2400000000000002
0.08199999999999896
0.05400000000000027
0.016000000000000014
0.24399999999999977
0.3819999999999997
0.1590000000000007
0.10699999999999932
0.42300000000000004
0.6050000000000004
0.1739999999999995
0.062000000000001165
0.34299999999999997
0.0519999999999996
0.35599999999999987
0.24399999999999977
0.6099999999999994
0.28300000000000125
0.11899999999999977
0.05400000000000027
0.2919999999999998
0.1899999999999995
0.08399999999999963
0.036000000000001364
0.05599999999999916
0.31900000000000084
0.16699999999999804
0.8820000000000014
0.03200000000000003
0.11499999999999844
0.20000000000000284
0.3559999999999981
0.0259999999999998
0.129999999999999
0.3360000000000021
0.3829999999999991
1.1829999999999998
0.0730000000000004
0.022999999999999687
0.08200000000000074
0.14399999999999835
0.030000000000001137
0.05699999999999861
0.12900000000000134
0.2480000000000011
0.0990000000000002
0.029999999999997584
0.08100000000000307
0.03999999999999915
0.02499999999999858
0.28300000000000125
0.46999999999999886
0.2510000000000012
0.16199999999999903
0.021000000000000796
0.09299999999999997
0.5700000000000003
0.08599999999999852
0.13700000000000045
0.3200000000000003
0.02499999999999858
0.30700000000000216
0.16699999999999804
0.08200000000000074
0.19900000000000162
0.5399999999999991
