0.16592699999999994
0.029905499999999918
0.11224125000000029
0.38526599999999966
0.1784865
0.13735725
0.3073792500000003
0.18476849999999967
0.11651550000000022
0.09236474999999977
0.46243950000000034
0.10831874999999958
0.4812029999999998
0.1766197500000004
0.17473125000000067
0.3949297499999993
0.016605750000000086
0.23364150000000095
0.4840485000000001
0.17740949999999955
0.5414534999999994
0.019160250000000545
0.07270424999999925
0.4066004999999997
0.2627175000000008
0.34694249999999904
0.5175007500000017
0.08530574999999985
0.4841639999999998
0.24738674999999866
0.03108075000000099
0.007866749999999811
0.08465774999999987
0.20986949999999993
0.031064999999999898
0.4807559999999995
0.25219725000000004
0.11324025000000049
0.16736775000000037
0.15308100000000024
0.41291849999999997
0.3970140000000004
0.1026202499999993
0.04233299999999929
0.3734002500000013
0.013680749999998909
0.04318875000000055
0.6509714999999989
0.6584970000000006
0.15804675000000046
0.0870382499999991
0.07326225000000264
0.0174734999999977
0.30618000000000123
0.5709029999999977
0.32571000000000083
0.050354999999999706
0.012358500000001271
0.03132825000000139
0.20028749999999818
0.08240174999999894
0.08603775000000269
0.0982582499999971
0.4918417500000025
0.03174075000000087
0.2733082499999995
0.18217124999999967
0.07614900000000091
0.13300724999999858
0.32065649999999835
0.09185400000000143
0.14741550000000103
0.013534499999998673
0.33410399999999996
0.28705275000000086
0.07828650000000081
0.2821972499999994
0.14346374999999867
0.27401174999999967
0.03246075000000204
0.27734399999999937
0.16396950000000032
0.04108725000000035
0.16517400000000038
0.05829599999999857
0.07052549999999869
0.4340047499999997
0.08898824999999988
0.49997325000000004
0.11938350000000142
0.398409749999999
0.0574942500000013
