0.024341999999999864
0.26973300000000044
0.20898899999999987
0.08940899999999985
0.5626949999999997
0.035961000000000354
0.28832400000000025
0.22211399999999948
0.009624000000000521
0.39459599999999995
0.23085600000000017
0.4061849999999998
0.162704999999999
0.07208400000000026
0.24825600000000136
0.5022659999999988
0.0578580000000013
0.2546009999999992
0.013619999999999521
0.12081599999999959
0.30477300000000085
0.040907999999999944
0.12709800000000016
0.1090529999999994
0.2860050000000012
0.03153000000000006
0.1328699999999987
0.1023720000000008
0.18771300000000046
0.7477229999999988
0.4046010000000013
0.24611099999999908
0.1301369999999995
0.18660299999999985
0.2888970000000004
0.23306700000000014
0.05400900000000064
0.361502999999999
0.08331000000000088
0.30927600000000055
0.12239999999999895
0.2735339999999997
0.19720799999999983
0.49794300000000113
0.0189989999999991
0.13660800000000073
0.09743100000000027
0.21344399999999908
0.17188800000000093
0.010025999999999868
0.12950399999999895
0.04784700000000086
0.22554000000000052
0.1405290000000008
0.059294999999998765
0.0123660000000001
0.18895200000000045
0.02289299999999983
0.03042299999999898
0.03252900000000025
0.1880279999999992
0.11598900000000256
0.07112099999999799
0.2129070000000013
0.18285900000000055
0.06897299999999973
0.017531999999999215
0.6770159999999983
0.05523000000000167
0.1414110000000015
0.5214989999999986
0.01526399999999839
0.039153000000002436
0.6917219999999986
0.5637390000000018
0.06306299999999965
0.11411399999999716
0.21001200000000253
0.20712899999999834
0.5504610000000021
0.16226999999999947
0.10826699999999789
0.04025700000000043
0.6125880000000024
0.221390999999997
0.09985200000000205
0.07467899999999972
0.16679699999999897
0.15924900000000264
0.14350499999999755
0.09817500000000123
0.25121700000000047
0.026733000000000118
0.15206999999999837
0.16405200000000164
0.7229849999999978
0.07962300000000155
0.05531699999999873
0.00618300000000005
0.09252299999999991
0.19911600000000007
0.05337600000000009
0.09036899999999903
0.1000230000000002
