0.05348550000000074
0.026465499999999587
0.2806139999999999
0.45118749999999963
0.2547220000000001
0.37007550000000045
0.3080959999999999
0.16546150000000015
0.009308499999999498
0.19027200000000022
0.29599050000000027
0.16105400000000003
0.05431649999999966
0.1331344999999997
0.13467750000000045
0.21490200000000037
0.4135099999999987
0.3077190000000005
0.6144499999999997
0.37024850000000065
0.19351449999999915
0.5413700000000006
0.09025950000000016
0.12342399999999998
0.07643799999999956
0.03383250000000082
0.18162599999999962
0.114236
0.3058254999999992
0.13644800000000146
0.06294749999999993
0.13707449999999888
0.014307500000001028
0.5117820000000002
0.01227149999999888
0.34166000000000096
0.019948999999998662
0.26947600000000094
0.1348009999999995
0.027929999999999566
0.14247150000000097
0.12535249999999998
0.16042249999999925
0.830524500000001
0.13003999999999927
0.3458939999999995
0.06740300000000055
0.09741299999999953
0.055889500000001036
0.15309300000000015
0.014651999999999887
0.15024399999999893
0.10744750000000103
0.1643119999999989
0.7184554999999992
0.0288320000000013
0.11772050000000078
0.2806539999999984
0.11435249999999897
0.1373525000000022
0.08969649999999874
0.046802500000001857
0.052327999999999264
0.11453949999999935
0.9318515000000005
0.02020949999999999
0.03945500000000024
0.09283699999999939
0.09985049999999873
0.011152500000001453
0.028849000000001013
0.11494549999999748
0.06539150000000049
0.030544500000001307
0.27660900000000055
0.08392399999999967
0.05997299999999939
0.035182999999999964
0.20346449999999905
0.09989500000000007
0.7155625000000008
0.05221949999999964
0.2458600000000004
0.028711000000001263
0.06414099999999934
0.034465000000000856
0.17757250000000013
0.186515
0.08645099999999672
0.11398100000000255
0.1421664999999983
0.02173349999999985
0.2093170000000022
0.03610699999999767
0.2744940000000007
0.44053750000000136
0.05336600000000047
0.06930149999999813
0.13705150000000188
0.09083649999999821
0.05957649999999859
0.14758950000000226
0.08675099999999958
0.11533550000000048
0.10753899999999916
0.21637700000000137
0.3207209999999989
0.15146950000000103
0.22146499999999847
0.0745135000000019
0.0974359999999983
0.5738544999999995
