0.07739299999999982
0.14757275000000014
0.030861250000000062
0.019530999999999743
0.2793607500000004
0.015931250000000396
0.3061372499999999
0.13811149999999994
0.2703224999999998
0.5304962499999997
0.15510750000000062
0.1574087499999992
0.3227365000000004
0.0807007500000001
0.04362224999999942
0.027137000000000633
0.16335325000000012
0.32336224999999974
0.21410599999999924
0.1663577500000013
0.026296499999999057
0.08544649999999976
0.2770557500000006
0.21302749999999904
0.036339000000001676
0.0432479999999984
0.034608000000000416
0.05427000000000071
0.16081924999999941
0.11162275000000044
0.06422300000000014
0.15829624999999936
0.11864650000000054
0.09220050000000057
0.0429094999999986
0.08730275000000098
0.2064207499999995
0.09637999999999991
0.11162249999999929
0.39316250000000075
0.3124924999999994
0.2078585000000004
0.0694669999999995
0.15137550000000033
0.024359500000000978
0.31645849999999953
0.41250825000000013
0.11917350000000049
0.5790689999999987
0.014414000000000371
0.3000544999999999
0.22774599999999978
0.5636142500000005
0.6916004999999998
0.1450010000000006
0.9478527500000009
0.1930317499999994
0.03473074999999781
0.017441000000001594
0.07051449999999804
0.19420125000000255
0.283624249999999
0.03804350000000056
0.043554249999999683
0.046039249999999754
0.31218524999999886
0.1880800000000029
0.1806289999999997
0.09936450000000008
0.07111774999999909
0.15901874999999777
0.22880900000000182
0.8808542499999987
0.15707825000000142
0.44258199999999803
0.1200947499999998
0.3670912500000014
0.04996699999999876
0.052947000000003186
0.13131699999999924
0.06342850000000055
0.3549232499999988
0.04224849999999947
0.05784450000000163
0.03684149999999775
0.25373525000000186
0.22740124999999978
0.0551364999999997
0.02248674999999878
0.07378549999999962
0.20672275000000084
0.07911724999999947
0.1009139999999995
0.2849029999999999
0.1031985000000013
0.20258025000000046
0.07088299999999848
0.054891000000001355
0.04394724999999866
0.13605525000000185
0.0074872500000005004
0.8460509999999992
0.382927500000001
0.7354004999999972
0.025560750000000354
0.14671650000000014
