0.010299999999999976
0.21811999999999987
0.14694999999999947
0.17321000000000009
0.22459000000000007
0.17002000000000006
0.21358000000000033
0.022789999999999644
0.0656699999999999
0.31074
0.10223000000000049
0.25755000000000017
0.1499600000000001
0.15122999999999998
0.05723999999999929
0.021240000000000592
0.43632000000000026
0.01574999999999971
0.1734599999999995
0.007060000000000954
0.3323199999999993
0.6241099999999999
0.8526699999999998
0.014820000000000277
0.012030000000001095
0.03139000000000003
0.12798999999999872
0.028370000000000672
0.11359999999999992
0.3382500000000004
0.22675999999999874
0.14437999999999995
0.12338000000000093
0.1294500000000003
0.04129999999999967
0.12036999999999942
0.21446000000000076
0.07689000000000057
0.988389999999999
0.04783000000000115
0.05384999999999884
0.3996600000000008
0.11018999999999934
0.36500999999999983
0.14151999999999987
0.24501000000000062
0.3181100000000008
0.5350999999999999
0.02113999999999905
0.07221000000000011
0.025000000000000355
0.008369999999999322
0.023279999999999745
0.06514000000000131
0.15817000000000014
0.10519999999999996
0.0908800000000003
0.03327999999999953
0.13492999999999888
0.03379000000000154
0.023569999999999425
0.35859999999999914
0.12890999999999941
0.05250000000000199
0.13093999999999895
0.10914999999999964
0.5141600000000004
0.10070999999999941
0.09341000000000221
0.059429999999998984
0.07281000000000049
0.040979999999997574
0.04123000000000232
0.22952000000000083
0.02254999999999896
0.024850000000000705
0.1792599999999993
0.2520099999999985
0.16718000000000188
0.4726399999999984
0.32890000000000086
0.17672999999999917
0.1382000000000012
0.19211999999999918
0.3726699999999994
0.05977000000000032
0.28359999999999985
0.1616099999999996
0.17727000000000004
0.07759000000000071
0.13389000000000095
0.30593000000000004
0.20309999999999917
1.1184000000000012
0.023409999999998377
0.254290000000001
0.02043000000000106
0.06237999999999744
0.3422600000000031
0.7357499999999995
0.14555000000000007
0.16603999999999886
0.4237700000000011
0.03223999999999805
0.21484000000000236
0.1280399999999986
