0.22169650000000019
0.05753219999999981
0.3542714999999994
0.11200610000000033
0.34529099999999957
0.24266250000000067
0.10908240000000013
0.38287539999999964
0.10376899999999978
0.018987700000000274
0.13739339999999967
0.17845159999999982
0.2446812000000005
0.01357219999999959
0.2392411000000001
0.03383230000000026
0.07021220000000028
0.015216699999999861
0.059705700000000306
0.1915698999999993
0.06716439999999935
0.14708580000000104
0.06816989999999912
0.23719600000000085
0.046071599999999435
0.31257410000000085
0.07058769999999903
0.022380899999999926
0.8755521000000002
0.3036328000000008
0.08537739999999872
0.29571840000000016
0.6056655000000006
0.052710599999999275
0.0808996000000004
0.21776440000000008
0.09571299999999994
0.986062200000001
0.2824561999999986
0.21845279999999967
0.3988188000000008
0.3264151000000002
0.7325728999999992
0.17709850000000138
0.17031169999999918
0.034939800000000076
0.06439710000000076
0.39461429999999886
0.027129099999999795
0.1794715999999994
0.31529330000000044
0.033088800000001584
0.03096249999999756
0.08831140000000204
0.12381140000000102
0.2822275999999988
0.3266176999999999
0.4505033999999988
0.06903820000000138
0.4319260999999983
0.057727400000000983
0.19433520000000115
0.018347199999997343
0.09512790000000138
0.2144914
1.8670352000000001
0.09459250000000097
0.4456187000000007
0.6202253999999989
0.23146480000000125
0.18832059999999728
0.4289631000000007
0.07676520000000053
0.15847619999999907
0.3911218000000005
0.058691799999998295
0.016284200000001192
0.6909394000000013
0.03664410000000018
0.3725720999999993
