0.07817480000000021
0.1790339999999997
0.7046253
0.07835190000000036
0.2250476999999993
0.2484839000000001
0.07862029999999987
0.09512140000000002
0.01826600000000056
0.5610868
0.01877749999999967
0.3232172000000002
0.02954100000000004
0.8463315999999992
0.13304330000000064
0.026781299999999675
0.5168195999999998
0.17205200000000076
0.10859789999999947
0.02270730000000043
0.600079899999999
0.3761001000000004
0.3207880999999997
0.08851790000000115
0.3930296000000002
0.24642689999999945
0.5946765000000003
0.5762167999999992
0.224097200000001
0.16094719999999896
0.25532369999999993
0.5407969999999995
0.05408950000000168
0.117118099999999
0.3478388999999993
0.12411450000000102
0.21781979999999912
0.11851590000000023
0.5561217999999997
0.03355340000000062
0.254881300000001
0.1970130000000001
0.29663799999999796
0.3205588000000006
0.08111829999999998
0.07899790000000095
0.4935293999999999
0.09576829999999958
0.3787249000000017
0.2729713999999994
0.07244679999999803
0.10302360000000022
0.021415700000002147
0.1605503999999982
0.021129800000000643
0.3989635000000007
0.09464789999999823
0.12199290000000218
0.1346868999999984
0.09979450000000156
0.01441379999999981
0.19787990000000022
1.1639751999999994
0.35939939999999737
0.08861100000000022
0.12346910000000122
0.10215379999999996
0.14430660000000017
0.04935010000000162
0.31848159999999837
0.402520599999999
0.26370540000000275
0.4049163999999976
0.014015600000000461
0.189766800000001
0.01183329999999927
0.01797380000000004
0.08199619999999896
0.15430800000000033
0.6952707999999994
0.03785350000000065
0.022021399999999858
0.017767700000000275
0.08222070000000059
0.009796300000001423
0.14475369999999899
0.3189454999999981
0.12863880000000094
