0.04479999999999951
0.2749000000000006
0.5442999999999998
0.22699999999999942
0.2008000000000001
0.24560000000000048
0.04079999999999995
0.32430000000000003
0.22989999999999977
0.04809999999999981
0.2362000000000002
0.18350000000000044
0.12219999999999942
0.11950000000000038
0.2845999999999993
0.20440000000000147
0.055399999999998784
0.5582000000000011
0.014499999999999957
0.22560000000000002
0.03810000000000002
0.05269999999999975
0.18109999999999893
0.13310000000000066
0.08230000000000004
0.17440000000000033
0.010799999999999699
0.1316000000000006
0.06439999999999912
0.24130000000000074
0.23109999999999964
0.16119999999999912
0.12170000000000059
0.028399999999999537
0.24120000000000097
0.03759999999999941
0.404300000000001
0.35379999999999967
0.008699999999999264
0.28200000000000003
0.12819999999999965
0.08689999999999998
0.2259000000000011
0.10339999999999883
0.11450000000000138
0.14209999999999923
0.29359999999999964
0.15300000000000047
0.1333000000000002
0.14339999999999975
0.04889999999999972
0.14869999999999983
0.033200000000000784
0.1869999999999994
0.0495000000000001
0.06140000000000079
0.033299999999998775
0.08170000000000144
0.11040000000000028
0.26209999999999845
0.08300000000000018
0.1725000000000012
0.21779999999999866
0.2497000000000007
0.12959999999999994
0.19599999999999973
0.08300000000000018
0.04640000000000022
0.22519999999999918
0.0359000000000016
0.010500000000000398
0.30989999999999895
0.02400000000000091
0.23879999999999768
0.15630000000000166
0.04469999999999885
0.3243000000000009
0.01839999999999975
0.15530000000000044
0.2900999999999989
0.18430000000000035
0.4665999999999997
0.13400000000000034
0.46280000000000143
0.014099999999999113
0.08539999999999992
0.11090000000000089
0.39069999999999894
0.4724000000000004
0.02319999999999922
0.7272999999999996
0.15060000000000073
0.07369999999999877
0.11380000000000123
0.11370000000000147
0.3546999999999976
0.15360000000000085
0.042200000000001125
0.5114999999999981
0.06960000000000122
0.5152000000000001
0.2079999999999984
0.0835000000000008
0.2591000000000001
0.06610000000000227
0.19259999999999877
0.23160000000000025
0.034499999999997755
0.0406000000000013
0.136099999999999
0.3558000000000021
0.2589000000000006
