0.516
0.11099999999999977
0.11500000000000021
0.10800000000000054
0.2759999999999998
0.04699999999999971
0.16699999999999982
0.10500000000000043
0.45399999999999974
0.06400000000000006
0.1850000000000005
0.03200000000000003
0.16799999999999926
0.2680000000000007
0.04499999999999993
0.27699999999999925
0.019000000000000128
0.15800000000000125
0.29499999999999993
0.05099999999999838
0.22900000000000098
0.16000000000000014
0.2839999999999989
0.11600000000000144
0.02200000000000024
0.08899999999999864
0.19899999999999984
0.02000000000000135
0.04800000000000004
0.07099999999999973
0.4939999999999998
0.04800000000000004
0.10699999999999932
0.03200000000000003
0.22900000000000098
0.18299999999999983
1.0120000000000005
0.010999999999999233
0.2259999999999991
0.25900000000000034
0.08000000000000007
0.26700000000000124
0.21999999999999886
0.05900000000000105
0.09499999999999886
0.19000000000000128
0.10499999999999865
0.015000000000000568
0.13000000000000078
0.05999999999999872
0.03599999999999959
0.038000000000000256
0.2810000000000006
0.026999999999999247
0.14200000000000124
0.03500000000000014
0.02200000000000024
0.2909999999999986
0.24100000000000144
0.536999999999999
0.06799999999999962
0.016000000000000014
0.2789999999999999
0.10599999999999987
0.17600000000000016
0.09200000000000053
0.1750000000000007
0.1319999999999979
0.2640000000000029
0.14499999999999957
0.07199999999999918
0.19699999999999918
0.5770000000000017
0.1769999999999996
0.8149999999999977
0.03900000000000148
0.05900000000000105
0.21099999999999852
0.4540000000000006
0.11100000000000065
0.4969999999999999
0.10099999999999909
0.46999999999999886
0.08600000000000207
0.00999999999999801
0.08100000000000307
0.12399999999999878
0.14399999999999835
0.08600000000000207
0.3099999999999987
0.29299999999999926
0.045000000000001705
0.1460000000000008
0.06700000000000017
0.1509999999999998
0.1509999999999998
0.028999999999999915
0.44599999999999795
0.14000000000000057
0.45500000000000185
0.04999999999999716
0.3420000000000023
0.10999999999999943
0.05699999999999861
0.08300000000000196
0.012000000000000455
0.21599999999999753
0.04100000000000037
0.07900000000000063
0.20800000000000196
0.2779999999999987
0.2729999999999997
