0.04329999999999945
0.20744000000000007
0.23934999999999995
0.027200000000000557
0.3223399999999996
0.25295999999999985
0.18843999999999994
0.05571000000000037
0.09110999999999958
0.02940000000000076
0.14162999999999926
0.13442000000000043
0.014409999999999812
0.15866999999999987
0.4578300000000004
0.19695000000000018
0.2927200000000001
0.08182999999999918
0.13994000000000106
0.6742399999999993
0.04161000000000037
0.09447999999999901
0.10763999999999996
0.05028000000000077
0.42374000000000045
0.317969999999999
0.026140000000001606
0.0194599999999987
0.9889500000000009
0.23109000000000002
0.09515999999999991
0.239609999999999
0.6204300000000007
0.021580000000000155
0.46939000000000064
0.08369999999999855
0.12002000000000024
0.3288600000000006
0.7339599999999997
0.09279000000000082
0.2800999999999991
0.144540000000001
0.08208999999999911
0.04020000000000046
0.06887000000000043
0.13421999999999912
0.11702000000000012
0.39501000000000097
0.4984199999999994
0.20449999999999946
0.17334999999999923
0.14287000000000205
0.1569900000000004
0.6809499999999993
0.1924500000000009
0.3823599999999985
0.25350999999999857
0.48051000000000244
0.16798999999999964
0.06569999999999965
0.04532999999999987
0.33658000000000143
0.07833999999999719
0.12889000000000195
0.8444800000000008
0.18120000000000047
0.1907199999999989
0.048749999999998295
0.029200000000003
0.05135999999999896
0.012069999999997805
0.4252500000000019
0.008759999999998769
0.14422000000000068
0.19949000000000083
0.12191999999999936
0.04427000000000092
0.009299999999999642
0.36026999999999987
0.2072800000000008
0.15371999999999986
0.19606999999999886
0.11962000000000117
0.16387999999999892
0.16086999999999918
0.05460000000000065
0.013680000000000803
0.0442399999999985
0.1429399999999994
0.008570000000002409
0.1934599999999982
0.1593599999999995
0.09155000000000157
0.1484899999999989
0.20952000000000126
0.15437000000000012
0.04919999999999902
