0.09200000000000053
0.10899999999999999
0.3569999999999993
0.15800000000000036
0.5200000000000005
0.19899999999999984
0.38099999999999934
0.2680000000000007
0.11099999999999977
0.1849999999999996
0.3200000000000012
0.2569999999999997
0.44099999999999895
0.36600000000000144
0.1659999999999986
0.702
0.05500000000000149
0.049999999999998934
0.1379999999999999
0.034000000000000696
0.5030000000000001
0.24399999999999977
0.5570000000000004
0.06199999999999939
0.10500000000000043
0.05599999999999916
0.19700000000000095
0.10899999999999999
0.038000000000000256
0.07899999999999885
0.45899999999999963
0.2560000000000002
0.04499999999999993
0.12199999999999989
0.734
0.1460000000000008
0.0129999999999999
0.2010000000000005
0.28800000000000026
0.24099999999999966
0.054999999999999716
0.11899999999999977
0.05000000000000071
0.16300000000000026
0.0259999999999998
0.14700000000000024
0.21999999999999886
0.06400000000000006
0.034000000000000696
0.23299999999999876
0.15199999999999925
0.12100000000000222
0.1059999999999981
0.02500000000000213
0.019999999999999574
0.11400000000000077
0.08199999999999719
0.20900000000000318
0.2029999999999994
0.08200000000000074
0.07199999999999918
0.06499999999999773
0.277000000000001
0.013000000000001677
0.01899999999999835
0.2270000000000003
0.1819999999999986
0.1650000000000027
0.347999999999999
0.04100000000000037
0.1750000000000007
0.30299999999999727
0.06400000000000006
0.18100000000000094
0.019000000000001904
0.03500000000000014
0.07399999999999807
0.16400000000000148
0.6409999999999982
0.01699999999999946
0.05700000000000216
0.0329999999999977
0.2940000000000005
0.019000000000001904
0.25900000000000034
0.18099999999999739
0.07400000000000162
0.01699999999999946
0.12600000000000122
0.4209999999999994
0.04299999999999926
0.36299999999999955
0.021000000000000796
0.06899999999999906
0.26699999999999946
0.2950000000000017
0.15500000000000114
0.2579999999999991
0.07499999999999929
0.05900000000000105
0.3069999999999986
0.08300000000000196
0.08099999999999952
0.03200000000000003
0.03399999999999892
0.17999999999999972
0.1039999999999992
0.3910000000000018
0.05799999999999983
0.045999999999999375
0.054999999999999716
0.13200000000000145
