0.31960000000000033
0.15050000000000008
0.23599999999999977
0.012699999999999712
0.1770000000000005
0.35360000000000014
0.19059999999999988
0.8720999999999997
0.1811000000000007
0.17079999999999984
0.009399999999999409
0.08230000000000004
0.6403999999999996
0.8657000000000004
0.014300000000000423
0.17459999999999987
0.018000000000000682
0.11509999999999998
0.10799999999999876
0.6720000000000006
0.4558
0.15530000000000044
0.049300000000000566
0.01609999999999978
0.3993000000000002
0.22589999999999932
0.11710000000000065
0.027999999999998693
0.07920000000000016
0.05030000000000001
0.009600000000000719
0.5507999999999988
0.04380000000000095
0.04860000000000042
0.4413999999999998
0.1012000000000004
0.27389999999999937
0.3139000000000003
0.20870000000000033
0.11500000000000021
0.5847999999999995
0.8064999999999998
0.041700000000000514
0.15139999999999887
0.1341000000000001
0.5740000000000016
0.31959999999999766
0.08770000000000167
0.19729999999999848
0.34240000000000137
0.059499999999999886
0.17220000000000013
0.07399999999999807
0.06410000000000338
0.04399999999999693
0.01010000000000133
0.01670000000000016
0.12869999999999848
0.2118000000000002
0.030900000000002592
0.02049999999999841
0.2132000000000005
0.13009999999999877
0.1191999999999993
0.1203000000000003
0.06150000000000233
0.2644999999999982
0.047399999999999665
0.32670000000000243
0.05059999999999931
0.06039999999999779
0.06950000000000145
0.17790000000000106
0.08129999999999882
0.8279999999999994
0.11730000000000018
0.01120000000000232
0.2367999999999988
0.04720000000000013
0.0782999999999987
0.06020000000000181
0.07409999999999783
0.11410000000000053
0.21069999999999922
0.0686
0.03900000000000148
0.20730000000000004
0.2886999999999986
0.018000000000000682
0.06050000000000111
1.0220999999999982
0.10090000000000288
0.06819999999999737
0.12509999999999977
0.3575000000000017
0.05430000000000135
0.4688999999999979
