0.36743600000000054
0.20989449999999987
0.2447524999999997
0.5625515000000005
0.01320349999999948
0.02707200000000043
0.13370999999999977
0.6593129999999991
0.3884850000000011
0.25029649999999926
0.19136500000000112
0.038966499999999016
0.01673300000000033
0.054905500000000274
0.10186099999999954
0.8863055000000006
0.11101349999999854
0.03059150000000166
0.3844929999999991
0.2045469999999998
0.3405345000000004
0.019999000000000322
0.04353749999999934
0.18772050000000107
0.03338799999999864
0.1705635000000001
0.6709270000000007
0.39437199999999883
0.4382014999999999
0.009384999999999977
0.05275500000000122
0.03379949999999887
0.1658690000000007
0.4959404999999997
0.5507550000000005
0.09300999999999959
0.5034720000000004
0.23380000000000045
0.13309649999999884
0.3322509999999994
0.2209815000000006
0.11384299999999925
0.08109750000000204
0.11362249999999818
0.08098650000000163
0.17641000000000062
0.07338649999999802
0.011108000000000118
0.22159500000000065
0.10208499999999887
0.059252499999999486
0.5252840000000027
0.14116599999999835
0.296580500000001
0.19022550000000038
0.07061749999999734
0.04012600000000077
0.06790550000000195
0.022353999999999985
0.028410499999999672
0.0836484999999989
0.1826509999999999
0.04792499999999933
0.5365595000000027
0.19763049999999893
1.0305764999999987
0.11690100000000214
0.15726199999999935
0.5205005000000007
0.45155449999999675
0.16126400000000274
0.27591649999999746
0.0856375000000007
0.19537400000000105
0.11146049999999974
0.048877499999999685
0.27645499999999856
0.04166050000000254
0.1301079999999999
0.4283350000000006
0.02055599999999913
0.03165249999999986
0.5187334999999997
0.03656450000000078
0.12459050000000005
0.3229679999999995
0.03960299999999961
