0.0420000000000007
0.3119999999999994
0.18599999999999994
0.019000000000000128
0.036000000000000476
0.024999999999999467
0.03900000000000059
0.968
0.06899999999999995
0.052999999999999936
0.38900000000000023
0.03799999999999937
0.17499999999999982
0.18700000000000028
0.06599999999999984
0.08000000000000007
0.05400000000000027
0.4689999999999994
0.2140000000000004
0.03599999999999959
0.09299999999999997
0.06099999999999994
0.053000000000000824
0.1739999999999995
0.07099999999999973
0.07800000000000118
0.022999999999999687
0.1980000000000004
0.125
0.17999999999999972
0.03999999999999915
0.1460000000000008
0.036999999999999034
0.19200000000000017
0.19700000000000095
0.016000000000000014
0.0990000000000002
0.33399999999999963
0.08499999999999908
0.062000000000001165
0.0259999999999998
0.40499999999999936
0.19500000000000028
0.06799999999999962
0.15300000000000047
0.057000000000000384
0.0129999999999999
0.26699999999999946
0.09299999999999997
0.10999999999999943
0.3240000000000016
0.14699999999999847
0.10300000000000153
0.06599999999999895
0.025000000000000355
0.022999999999999687
0.04100000000000037
0.025000000000000355
0.3490000000000002
0.5239999999999991
0.3550000000000004
0.23499999999999943
0.018000000000000682
0.06799999999999962
0.05799999999999983
0.09399999999999942
0.07600000000000051
0.10500000000000043
0.6009999999999991
0.21000000000000085
0.07600000000000051
0.11299999999999955
0.28500000000000014
0.24899999999999878
0.3689999999999998
0.19400000000000261
0.18599999999999994
0.0779999999999994
0.2010000000000005
0.012999999999998124
0.05600000000000094
0.05799999999999983
0.3030000000000008
0.03399999999999892
0.045000000000001705
0.2029999999999994
0.41499999999999915
0.012999999999998124
0.03900000000000148
0.03300000000000125
0.18299999999999983
0.14499999999999957
0.062000000000001165
0.05999999999999872
0.10200000000000031
0.013999999999999346
0.08500000000000085
0.04100000000000037
0.06599999999999895
0.23900000000000077
0.6879999999999988
0.1440000000000019
0.09199999999999875
0.11899999999999977
0.05600000000000094
0.5969999999999978
0.21499999999999986
0.04900000000000304
0.2779999999999987
0.11599999999999966
0.07600000000000051
0.3739999999999988
0.009000000000000341
0.2560000000000002
0.036000000000001364
0.038999999999997925
0.12400000000000233
0.40199999999999747
0.10999999999999943
0.04200000000000159
0.1769999999999996
0.10200000000000031
0.0259999999999998
0.13400000000000034
0.379999999999999
0.0990000000000002
0.12400000000000233
0.2889999999999979
0.07700000000000173
0.0799999999999983
