0.030269999999999797
0.04964000000000013
0.12103999999999981
0.07167000000000012
0.2650199999999998
0.046640000000000015
0.1654
0.37844000000000033
0.0842299999999998
0.13328000000000007
0.04516000000000009
0.2004999999999999
0.3447899999999997
0.0340600000000002
0.5381400000000003
0.19571999999999967
0.3694299999999995
0.16184000000000154
0.5434599999999996
0.0836199999999998
0.2692200000000007
0.2356499999999997
0.0736100000000004
0.11217999999999861
0.6291700000000002
0.2147199999999998
0.2354800000000008
0.1836500000000001
0.004170000000000229
0.4102599999999992
0.011520000000000863
0.08312999999999882
0.10275000000000034
0.05367999999999995
0.3464400000000012
0.023699999999999832
0.05023999999999873
0.0686700000000009
0.08150000000000013
0.09259999999999913
0.03389000000000131
0.071159999999999
0.055609999999999715
0.02073000000000036
0.026619999999999422
0.026210000000000733
0.44761000000000095
0.21865999999999985
0.07082999999999906
0.24606999999999957
0.1336700000000004
0.0971700000000002
0.06733999999999973
0.10052000000000127
0.13996999999999993
0.08901000000000003
0.0853799999999989
0.291030000000001
0.02505999999999986
0.17779999999999951
0.052860000000000795
0.008169999999999789
0.2743899999999986
0.09973000000000098
0.35657999999999923
0.01812000000000147
0.4040299999999988
0.17450999999999972
0.09386000000000116
0.1216399999999993
0.009240000000001913
0.4240599999999972
0.11484000000000094
0.15708000000000055
0.031980000000000786
0.22231999999999985
0.663409999999999
0.13665999999999912
0.07586000000000226
0.45533999999999963
0.07686999999999955
0.02411999999999992
0.13665999999999912
0.08512999999999948
0.325210000000002
0.046520000000001005
0.04024999999999679
0.23648999999999987
0.12056000000000111
0.04965999999999937
0.33211999999999975
0.4464000000000006
0.17858000000000018
0.1178600000000003
0.04673000000000016
0.015560000000000684
0.006109999999999616
0.14291000000000054
0.17360000000000042
0.1660599999999981
0.01069000000000031
0.04007000000000005
0.2704400000000007
0.20489999999999853
0.26629000000000147
0.10929000000000144
0.31445999999999685
0.20965000000000344
0.1193599999999968
0.13132000000000232
0.26899999999999835
0.0966300000000011
0.2711800000000011
0.11174999999999713
0.15872000000000241
0.23841999999999786
0.19136000000000308
0.5215499999999977
