0.011030000000000761
0.5143899999999997
0.5750400000000004
0.21290999999999993
0.7832299999999996
0.049120000000000275
0.11613000000000007
0.22525999999999957
0.09199000000000002
0.09602999999999984
0.5248999999999997
0.0916800000000002
0.09018000000000015
0.4493400000000012
0.2411999999999992
0.25919000000000025
0.030530000000000612
0.1708999999999996
0.06047000000000047
0.12374999999999936
0.21857999999999933
0.4414100000000012
0.029729999999998924
0.2035600000000013
0.10007999999999839
0.10609000000000002
0.008800000000000807
0.5058199999999999
0.1561199999999996
0.09487000000000023
0.27857999999999983
0.017910000000000537
0.06216000000000044
0.08776999999999902
0.16267999999999994
0.2669700000000006
0.8287700000000005
0.5252999999999997
0.07441999999999993
0.26282999999999923
0.13983000000000168
0.05579999999999963
0.050530000000000186
0.03482999999999947
0.29739000000000004
0.05105000000000004
0.014920000000000044
0.0278299999999998
0.4547900000000009
0.18459999999999965
0.3009500000000003
0.050619999999998555
0.0800699999999992
0.01599000000000217
0.15197999999999823
0.2313900000000011
1.1928300000000007
0.45748999999999995
0.008379999999998944
0.30301000000000045
0.08795999999999893
0.27505999999999986
0.054460000000002395
0.24300999999999817
0.06760000000000232
0.04198999999999842
0.47364999999999924
0.13229000000000113
0.0763399999999983
0.09409000000000134
0.08359000000000094
0.48461
0.17145999999999972
0.3741999999999983
0.08560000000000301
0.22087999999999752
0.09994000000000014
0.7391700000000014
0.1913499999999999
0.050039999999999196
0.18647999999999954
0.22025999999999968
0.20078000000000173
0.46743999999999986
0.13244999999999862
0.3217099999999995
0.17589000000000254
0.051259999999999195
0.04035999999999973
0.03049000000000035
0.08918999999999855
0.19378000000000029
0.033210000000000406
0.02248000000000161
