0.19900000000000073
0.04099999999999948
0.15800000000000036
0.14100000000000001
0.16299999999999937
0.016000000000000014
0.036000000000000476
0.14499999999999957
0.016000000000000014
0.05900000000000016
0.05900000000000016
0.8090000000000002
0.19399999999999995
0.28200000000000003
0.1070000000000002
0.5840000000000005
0.3099999999999987
0.04400000000000048
0.15000000000000036
0.11500000000000021
0.15499999999999936
0.19899999999999984
0.3119999999999994
0.2550000000000008
0.11999999999999922
0.03300000000000125
0.27999999999999936
0.30900000000000105
0.14899999999999913
0.09399999999999942
0.034000000000000696
0.02999999999999936
0.10100000000000087
0.04499999999999993
0.07000000000000028
0.05799999999999983
0.20399999999999885
0.13700000000000045
0.08399999999999963
0.2560000000000002
0.33200000000000074
0.11299999999999955
0.18700000000000117
0.1559999999999988
0.08300000000000018
0.23600000000000065
0.0779999999999994
0.11100000000000065
0.375
0.18299999999999983
0.19699999999999918
0.017000000000001236
0.32099999999999973
0.657
0.06400000000000006
0.2579999999999991
0.0519999999999996
0.34299999999999997
0.19200000000000017
0.4120000000000008
0.028999999999999915
0.015000000000000568
0.045999999999999375
0.10600000000000165
0.020999999999997243
0.045999999999999375
0.43900000000000006
0.267000000000003
0.15199999999999747
0.23300000000000054
0.060000000000002274
0.16499999999999915
0.09799999999999898
0.21799999999999997
0.03399999999999892
0.015000000000000568
0.0259999999999998
0.037000000000002586
0.19699999999999918
0.1739999999999995
0.31899999999999906
0.26500000000000057
0.01899999999999835
0.05500000000000327
0.07599999999999696
0.30200000000000315
0.022999999999999687
0.027999999999998693
0.010000000000001563
0.3879999999999981
0.04800000000000182
0.541999999999998
0.15800000000000125
0.0799999999999983
0.0730000000000004
0.24600000000000222
0.03499999999999659
0.125
0.28800000000000026
0.15600000000000236
0.0779999999999994
0.13200000000000145
0.0589999999999975
0.054999999999999716
0.01699999999999946
0.028000000000002245
0.021000000000000796
0.3589999999999982
0.2220000000000013
0.5139999999999993
0.23300000000000054
0.2740000000000009
0.06499999999999773
0.07000000000000028
0.05100000000000193
0.08799999999999741
0.013000000000001677
0.012999999999998124
0.05799999999999983
0.05799999999999983
0.03100000000000236
0.0470000000000006
0.36599999999999966
0.134999999999998
0.1739999999999995
0.21000000000000085
