0.042167000000000066
0.21332499999999932
0.08692800000000034
0.08393799999999985
0.17084999999999972
0.10226700000000033
0.11434199999999972
0.009835000000000704
0.015098000000000056
0.053746999999999545
0.02240399999999987
0.03911700000000007
0.08813400000000016
0.3893069999999996
0.3087179999999998
0.30084600000000083
0.08323299999999989
0.012080999999999342
0.14915700000000065
0.452979
0.2958280000000002
0.027092999999998923
0.2731560000000002
0.2519550000000006
0.10149399999999886
0.1371330000000004
0.09694800000000114
0.16604099999999988
0.350066
0.4616389999999999
0.15149899999999938
0.12717499999999937
0.07202600000000103
0.34483900000000034
0.022606999999998934
0.18890799999999963
0.35128500000000074
0.04695000000000071
0.03344799999999992
0.0154639999999997
0.4451999999999998
0.3366959999999999
0.2797009999999993
0.023279000000000494
0.11065800000000081
0.0529099999999989
0.13243699999999947
0.12733400000000117
0.018345000000000056
0.49087199999999953
0.3220580000000002
0.09655500000000039
0.01533500000000032
0.02889699999999884
0.20890900000000023
0.048052000000000206
1.0035740000000004
0.16149799999999992
0.04573899999999931
0.07311100000000081
0.05134400000000028
0.836764999999998
0.30150500000000235
0.05114199999999869
0.009465999999999752
0.2060139999999997
0.1495740000000012
0.08908399999999972
0.019027999999998713
0.39201300000000217
0.5094449999999995
0.2027979999999978
0.30149700000000124
0.1216840000000019
0.04764499999999927
0.3116570000000003
0.07135099999999994
0.1194740000000003
0.6734069999999974
0.021778000000001185
0.16175099999999887
0.019090999999999525
0.18714200000000147
0.08404099999999914
0.3169530000000016
0.198363999999998
0.11430000000000007
0.015511000000000053
0.2740720000000003
0.31388800000000217
0.20205299999999937
0.24352499999999822
0.23456600000000094
0.2605719999999998
0.2783599999999993
0.04509600000000091
0.01669199999999904
0.10478000000000165
0.5397999999999996
0.22401999999999944
0.10228999999999999
0.11233700000000013
0.14150199999999913
0.11362700000000103
0.03566599999999909
0.07206800000000158
0.2229399999999977
0.21982000000000212
