0.044233499999999815
0.013636500000000495
0.2496262499999995
0.34294275000000063
0.7307939999999995
0.6979777500000006
0.11006099999999996
0.06658124999999959
0.014319000000000415
0.03515924999999953
0.03738750000000035
0.7120237500000002
0.09329549999999998
0.09226724999999902
0.2523060000000008
0.14574750000000058
0.5122537499999993
0.0916964999999994
0.4296210000000009
0.269838
0.02798999999999907
0.14238900000000143
0.057714749999998816
0.1673550000000006
0.0912127500000004
0.01056749999999873
0.15655049999999981
0.08243550000000077
0.29167275000000004
0.05331374999999916
0.12600750000000005
0.03611850000000061
0.019345500000000015
0.0723704999999999
0.23861175000000046
0.03664799999999957
0.04989675000000027
0.23534324999999967
0.4806967499999999
0.04894200000000026
0.27946949999999937
0.1806825000000014
0.1055167499999996
0.020633999999999375
0.40583550000000024
0.27612524999999977
0.024295500000000914
0.03320025000000015
0.05595600000000012
0.1577504999999988
0.16579124999999983
0.09288825000000145
0.035422499999999246
0.028420499999999294
0.1819657500000016
0.09906974999999996
0.009172500000000028
0.09433049999999987
0.3697582499999985
0.020962500000001327
0.3334724999999992
0.2250727500000007
0.382575000000001
0.19702274999999858
0.22789350000000042
0.10736699999999999
0.022278749999998126
0.22632375000000238
0.008194499999998328
0.23094825000000085
0.20769824999999997
0.7300995000000015
0.259172999999997
0.14664825000000192
0.17667900000000003
0.23711774999999946
0.02837925000000041
0.05019449999999992
0.12164475000000152
0.3181162499999992
0.08855099999999894
0.1113660000000003
0.2169540000000012
0.564824999999999
0.10780349999999927
0.08915024999999943
0.03533250000000265
0.04489724999999822
0.18558524999999904
0.054276000000001545
0.061946999999999974
0.24274799999999885
0.2182530000000007
0.09979200000000077
0.08203650000000096
0.028454999999997455
0.3902527500000019
0.22124774999999985
0.3837892499999995
0.11148675000000097
0.14393099999999848
0.026147250000001065
0.14208224999999786
0.04484850000000051
0.11837099999999978
0.07412174999999976
0.4369259999999997
0.0433335000000028
0.06891674999999964
0.043115249999999605
0.3784485000000011
0.09058799999999678
0.06714600000000104
0.2546999999999997
