0.08098399999999994
0.625718
0.4929940000000004
0.11361299999999996
1.06569
0.10031799999999969
0.07156200000000013
0.05230300000000021
0.06955499999999937
0.02402400000000071
0.29289399999999954
0.03203000000000067
0.052531000000000105
0.4200780000000002
0.08289599999999986
0.2151879999999995
0.6418199999999992
0.025830000000000908
0.12226300000000023
0.2780119999999986
0.0951530000000016
0.09515999999999991
0.2392639999999986
0.1195320000000013
0.1533029999999993
0.6029529999999994
0.12084700000000126
0.7027509999999992
0.3269529999999996
0.029055000000001385
0.17958499999999944
0.13400399999999912
0.0255510000000001
0.04225200000000129
0.22715499999999977
0.08875299999999875
0.1626360000000009
0.27106599999999936
0.02487299999999948
0.5847570000000015
0.019230999999999554
0.018200000000000216
0.07332499999999875
0.013592000000000937
0.07279199999999975
1.0693560000000009
0.10310999999999915
0.08914299999999997
0.17931899999999956
0.13251499999999972
0.04624699999999926
0.12452400000000097
0.09538200000000074
0.2889160000000004
0.16948899999999867
0.2115159999999996
0.12086900000000256
0.3285929999999979
0.06981800000000149
0.1982929999999996
0.03447500000000048
0.0964589999999994
0.020634999999998627
0.1157970000000006
0.17363900000000143
0.37385300000000043
0.061765999999998655
0.5432079999999999
0.17476699999999923
0.1319119999999998
0.17588900000000152
0.14454299999999876
0.10516799999999904
0.18597700000000117
0.19450000000000145
0.04310299999999856
0.01531400000000005
0.07321100000000058
0.04917499999999819
0.10949900000000312
0.029218999999997664
0.5864650000000005
0.1325010000000013
0.07617699999999772
0.1436150000000005
0.04435799999999901
0.22600000000000264
0.1754509999999989
0.5603090000000002
0.14894500000000122
0.03099499999999722
0.1416150000000016
0.122717999999999
0.342843000000002
0.9152570000000004
0.0330479999999973
0.2263610000000007
0.4986719999999991
