0.05761700000000047
0.10966399999999954
1.0300390000000004
0.17965799999999987
0.04722899999999974
0.2951629999999996
0.2911450000000002
0.08123600000000053
0.3184389999999997
0.11019600000000018
0.48479899999999887
0.04779300000000042
0.02863199999999999
0.1687290000000008
0.15054199999999973
0.05398499999999906
0.27102000000000004
0.08935000000000137
0.23375399999999935
0.031145999999999674
0.09166500000000077
0.043108000000000146
0.04018499999999925
0.15353800000000106
0.07130399999999959
0.14023699999999906
0.339500000000001
0.04673999999999978
0.1269809999999989
0.20383300000000126
0.01406399999999941
0.23824800000000046
0.044603999999999644
0.28436400000000006
0.012622999999999607
0.21620599999999968
0.19026600000000116
0.10720099999999988
0.017861999999999156
0.1687480000000008
0.2135859999999994
0.3401580000000006
0.3306369999999994
0.25288300000000064
0.1531950000000002
0.06096799999999902
0.031181000000000125
0.11206300000000091
0.13193399999999933
0.3893210000000007
0.6464659999999984
0.14434500000000128
0.037976999999999705
0.23269499999999965
0.057297999999999405
0.10989900000000041
0.732304000000001
0.18435500000000005
0.06326699999999974
0.22670300000000054
0.28954399999999936
0.34514199999999917
0.04817300000000202
0.2548829999999995
0.12500099999999748
0.08288399999999996
0.07200399999999973
0.030545000000000044
0.011277000000003312
0.02565299999999837
0.2587420000000016
0.05444299999999913
0.35656200000000027
0.1318339999999978
0.17680900000000221
0.052334999999999354
0.07962999999999809
0.13762300000000138
0.2367689999999989
0.2872640000000004
0.15015299999999954
0.08994700000000222
0.2545219999999979
0.2642930000000021
0.012710999999999473
0.05529800000000051
0.06515100000000018
0.045235999999999166
0.06820199999999943
0.08092900000000114
0.048346999999999696
0.2177599999999984
0.2848469999999992
0.6127740000000017
0.3959459999999986
0.29476999999999975
0.08581200000000067
0.11106900000000053
0.06333599999999961
0.08662900000000207
0.6262809999999988
0.13531499999999852
0.2437010000000015
0.008264000000000493
0.04063599999999923
1.1186240000000005
0.014434999999998865
0.07999900000000082
