0.7700149999999999
0.04800000000000004
0.41915000000000013
0.02194399999999952
0.0343024999999999
0.019708000000000503
0.2342044999999997
0.21364550000000015
0.07325800000000005
0.12947750000000013
0.05781100000000006
0.25306549999999994
0.2666124999999999
0.29137349999999973
0.1173769999999994
0.8062050000000003
0.39884900000000023
0.20916150000000044
0.1431345000000004
0.19891349999999974
0.19300299999999915
0.43152850000000065
0.05300499999999886
0.34422450000000104
0.03681100000000015
0.3525974999999999
0.43914350000000013
0.10611699999999935
0.08382500000000093
0.08466649999999909
0.02265049999999924
0.1066275000000001
0.4046555000000005
0.5194150000000004
0.3596824999999999
0.24212600000000073
0.03339399999999948
0.25053199999999975
0.13709599999999966
0.09101800000000004
0.2878135000000004
0.031557499999999905
0.023894000000000304
0.07308349999999919
0.03569650000000024
0.14570849999999957
0.03561100000000117
0.3250239999999991
0.05283149999999992
0.11336250000000092
0.04011649999999989
1.016970500000001
0.04296049999999951
0.42634749999999855
0.32620700000000014
0.1607465000000019
0.0830024999999992
0.4305659999999989
0.3577894999999991
0.030834999999999724
0.08570800000000034
0.09350700000000245
0.1128089999999986
0.04564799999999991
0.04647549999999967
0.12180199999999886
0.03110200000000063
0.12525850000000105
0.042358499999998855
0.1618770000000005
0.5717420000000004
0.0656055000000002
0.057072500000000304
0.03573249999999817
0.012540000000001328
0.05681149999999846
0.2388805000000005
0.1830715000000005
0.07803550000000214
0.1113769999999974
0.08639649999999932
0.08213050000000166
0.16452699999999965
0.08065799999999967
0.6290849999999999
0.05420300000000111
0.22777699999999967
0.1338815000000011
0.04183450000000022
0.01831099999999708
0.13229850000000098
0.12397749999999874
0.4720630000000021
0.01728999999999914
0.03551649999999995
0.073245
0.5015074999999989
0.0535400000000017
0.1429854999999982
0.02737650000000258
0.02818100000000001
0.04337349999999773
0.06840800000000158
0.039162999999998505
0.10020749999999978
0.20392849999999996
0.4217050000000029
0.574545999999998
