0.04205330000000007
0.42940500000000004
0.3217454000000002
0.08169599999999999
0.11192729999999962
0.38475079999999995
0.0187160000000004
0.01640689999999978
0.15277049999999992
0.2089850000000002
0.13666350000000005
0.22578099999999957
0.04859290000000005
0.21424090000000007
0.35987800000000014
1.2853083000000005
0.11977879999999885
0.060394099999999895
0.30963890000000127
0.5467832000000001
0.5731062999999992
0.1780860000000004
0.4708186999999988
0.7724592000000001
0.06286300000000011
0.1939220000000006
0.07746219999999937
0.052046300000000656
0.18570489999999928
0.5568507
0.32333000000000034
0.025957000000000008
0.10226910000000089
0.13027819999999934
0.008792899999999548
0.025152000000000285
0.10040429999999922
0.37659280000000095
0.33315250000000063
0.11039909999999864
0.010356800000000277
0.03830519999999993
0.33299380000000056
0.0234842000000004
0.7059259999999998
0.006614400000000131
0.18197259999999815
0.043812500000001364
0.01545369999999835
0.00953280000000234
0.0271486000000003
0.026841999999998478
0.37002629999999925
0.30574590000000157
0.026497499999997842
0.04106370000000226
0.053123899999999225
0.22478279999999984
0.2580184999999986
0.07732840000000252
0.16854249999999737
0.30120080000000016
0.2913546000000018
0.0384974999999983
0.07278090000000148
0.05689160000000015
0.5994664000000007
0.18467079999999925
0.16239630000000105
0.2993580999999992
0.37588009999999983
0.6941352999999992
0.22879930000000215
0.15181439999999924
0.07787509999999997
0.03865120000000033
0.1262617999999982
0.3509834000000005
0.04377360000000152
0.18057529999999744
0.10051950000000076
0.0962840000000007
0.6604026000000012
0.15881769999999662
0.06134010000000245
0.025162399999999252
0.04799080000000089
0.2149341999999983
0.0804791999999992
0.01861300000000199
0.023511400000000293
0.12815609999999822
0.047921300000002276
0.22583589999999987
0.19560989999999734
0.1308920000000029
0.16685009999999778
0.014093400000000145
0.05972399999999922
