0.04004299999999983
0.2646090000000001
0.10773499999999991
0.40151999999999965
0.6635660000000003
1.0322300000000002
0.3628159999999987
0.5002690000000012
0.3725740000000002
0.03978500000000018
0.7079379999999986
0.13552100000000067
0.2559299999999993
0.010315000000000296
0.13145199999999946
0.19186100000000117
0.04507100000000008
0.056383000000000294
0.5474689999999995
0.31158299999999883
0.196276000000001
0.0510439999999992
0.041420000000000456
0.26883500000000105
0.15584499999999935
0.09226499999999938
0.30277200000000093
0.2022669999999991
0.06342400000000126
0.12890399999999858
0.24849299999999985
1.3336780000000008
0.19102400000000053
0.07481199999999966
0.08930799999999905
0.25193200000000004
0.22023599999999988
0.08689000000000036
0.017895000000001104
0.25402299999999833
0.297759000000001
0.6989619999999981
0.3155500000000018
0.6818519999999992
0.18470999999999904
0.05328900000000303
0.5253099999999975
0.6940060000000017
0.2610639999999975
0.2581150000000001
0.08392100000000013
0.1378440000000012
0.007726999999999151
0.3362400000000001
0.16876399999999947
0.1662530000000011
0.09739899999999935
0.1093970000000013
0.5056529999999988
0.12649800000000155
0.5998850000000004
0.21700500000000034
0.41693799999999825
0.41016799999999876
0.009770000000003165
0.09293599999999813
0.2395619999999994
0.40098899999999915
0.6876090000000019
