0.6895940000000005
0.052664999999999296
0.3959730000000006
0.29477699999999984
0.2730990000000002
0.21370299999999975
0.2804169999999999
0.1466459999999996
0.03445799999999988
0.03190900000000063
0.28699799999999964
0.21438500000000094
0.21464199999999956
0.41319700000000026
0.33320299999999925
0.12919699999999956
0.062442000000000775
0.16654899999999984
0.0636499999999991
0.6407290000000003
0.4255379999999995
0.009391000000000815
0.0768109999999993
0.09169500000000141
0.2895059999999994
0.053620000000000445
0.2402369999999987
0.08914000000000044
0.20267500000000105
0.08727099999999943
0.2683889999999991
0.2938900000000011
0.5282719999999994
0.2419229999999999
0.16878499999999974
0.6000650000000007
0.20629600000000003
0.2648060000000001
0.0884059999999991
0.13850400000000107
0.20639999999999858
0.27930600000000005
0.5463210000000007
0.455368
0.053160000000000096
0.19894600000000118
0.7912429999999979
0.3183550000000004
0.13318900000000156
0.10406300000000002
0.5871119999999976
0.025293000000001342
0.32267500000000027
0.047591000000000605
0.14656199999999941
0.22539599999999993
0.08023799999999781
0.4653000000000027
0.09975799999999779
0.23487599999999986
0.2883040000000001
0.1467140000000029
0.22621499999999983
0.10438899999999762
0.2069340000000004
0.17418500000000137
0.07595799999999997
0.25563
0.9477589999999978
0.1637580000000014
0.21828899999999862
0.06128299999999953
0.04073500000000152
0.4443960000000011
0.25346799999999803
0.0108460000000008
0.2704090000000008
0.060210999999998904
0.3493080000000006
0.03785299999999836
0.23004800000000003
0.13289500000000132
0.004288999999999987
0.06159600000000154
