0.7596045
0.12664649999999966
0.2842545000000003
0.053256750000000075
0.0945727500000002
0.041360999999999315
0.01584225000000039
0.36948450000000044
0.18557325000000002
0.16811099999999968
0.05111624999999975
0.12218775000000015
0.252618
0.24545100000000009
0.3932512500000005
0.3293865
0.0874214999999996
0.16390200000000021
0.3378262499999991
0.05051324999999984
0.023400750000000414
0.0639195000000008
0.1799332499999995
0.08588325000000019
0.09191399999999916
0.18868200000000002
0.46637850000000114
0.36529275000000005
0.16210949999999968
0.30909299999999895
0.11852700000000027
0.13277550000000105
0.04722600000000021
0.14185949999999892
0.14013075000000086
0.3692864999999994
0.10472325000000104
0.3655229999999996
0.35031000000000034
0.24813824999999845
0.034357500000000485
0.050031750000000486
0.134948249999999
0.29623050000000006
0.10859925000000104
0.11056574999999924
1.07002125
0.39621375000000114
0.13430475000000008
0.3936727499999986
0.5914185000000014
0.061701750000001
0.5619982499999985
0.03311250000000143
0.08480774999999952
0.1399589999999975
0.1250827500000007
0.05589750000000038
0.07712774999999894
0.7016512500000012
0.03215550000000178
0.15410099999999716
0.48058650000000114
0.0336855000000007
0.24076274999999825
0.09242174999999975
0.4346917500000025
0.3562154999999976
0.06268500000000188
0.3979949999999981
0.12390975000000282
0.3860369999999982
0.43508475000000146
0.04168574999999919
0.09918300000000002
0.014726249999998942
0.9362775000000028
0.22249649999999832
0.04511099999999857
0.2812627499999998
0.023186250000001962
0.06944400000000073
0.019794749999999084
0.15134774999999934
0.036233250000002215
0.40549575000000004
0.03308024999999759
0.41213550000000154
0.007132500000000874
0.2650679999999994
0.3742777499999974
