0.044190000000000396
0.24625999999999948
0.04269000000000034
0.22891999999999957
0.18603000000000058
0.030559999999999476
0.01905000000000001
0.04672000000000054
0.36243999999999943
0.19038999999999984
0.041410000000000835
0.07583999999999946
0.5293900000000002
0.03462000000000032
0.31222999999999956
0.1594800000000003
0.18588000000000005
0.08164999999999978
0.034849999999999604
0.19070000000000054
0.14508999999999972
0.1518499999999996
0.2357900000000015
0.15661999999999843
0.8110700000000008
0.16684000000000054
0.11017999999999972
0.26272999999999946
0.01609000000000016
0.04400000000000048
0.51389
0.09705999999999904
0.5310400000000008
0.5782799999999995
0.049140000000001294
0.17738999999999905
0.28390000000000093
0.22200999999999915
0.08370000000000033
0.4437099999999994
0.055279999999999774
0.23693000000000097
0.03378000000000014
0.0637799999999995
0.01937000000000033
0.6847300000000001
0.04814000000000007
0.05739999999999945
0.3223300000000009
0.21903999999999968
0.27089999999999925
0.059319999999999595
0.10910000000000153
0.12777999999999956
0.09555999999999898
0.015710000000000335
0.16849000000000025
0.025460000000000704
0.03369999999999962
0.27909000000000006
0.09789999999999921
0.6148600000000002
0.04346999999999923
0.0374900000000018
0.2898700000000005
0.02301999999999893
0.21189999999999998
0.02027999999999963
0.05191999999999908
0.13329000000000235
0.1647999999999996
0.01115000000000066
0.34907999999999717
0.288450000000001
0.43088000000000193
0.12079999999999913
0.2453499999999984
0.04089000000000098
0.13844999999999885
0.01395000000000124
0.1593599999999995
0.577650000000002
0.051959999999997564
0.2185200000000016
0.18847999999999843
0.3432700000000004
0.3074300000000001
0.05870000000000175
0.09105999999999881
0.4858499999999992
0.05693000000000126
0.27724999999999866
0.16354000000000113
0.13525999999999883
0.22081000000000017
0.12371000000000265
0.2692399999999999
0.06079999999999686
0.38958000000000226
0.025539999999999452
0.39757000000000176
0.34309999999999974
0.04122999999999877
0.017260000000000275
0.02979999999999805
0.2972900000000003
