0.06067999999999962
0.4517100000000003
0.008289999999999687
0.5843600000000002
0.009459999999999802
0.1969600000000007
0.3754900000000001
0.10111999999999988
0.06761000000000017
0.4623899999999992
0.2379800000000003
0.8931900000000006
0.15681000000000012
0.10775999999999897
0.03952000000000133
0.1437399999999993
0.20412999999999926
0.059169999999999945
0.5427400000000002
0.45523000000000025
0.19540000000000113
0.19410999999999845
0.05869000000000035
0.5948200000000003
0.31100999999999956
0.09820999999999991
0.18840000000000146
0.035660000000000025
0.27707000000000015
0.16748999999999903
0.18373000000000062
0.025979999999998782
0.11957000000000129
0.01792999999999978
0.1998899999999999
0.20626999999999995
0.06549000000000049
0.03493999999999886
0.3055400000000006
0.2403499999999994
0.012140000000000484
0.2122200000000003
0.022710000000000008
0.03622000000000014
0.3073800000000002
0.12955999999999968
0.27682000000000073
0.01992999999999867
0.011440000000000339
0.3416200000000007
0.10421999999999976
0.17953999999999937
0.036279999999999646
0.9154700000000009
0.3699900000000014
0.44995999999999725
0.19582000000000122
0.13403999999999883
0.022290000000001697
0.052199999999999136
0.152709999999999
0.02974000000000032
0.16666000000000025
0.2521300000000011
0.07582000000000022
0.03439999999999799
0.07158000000000087
0.1482600000000005
0.05696999999999974
0.10492999999999952
0.05965000000000131
0.1944499999999998
0.06073999999999913
0.5285800000000016
0.3975299999999997
0.02073999999999998
0.20419000000000054
0.09702000000000055
0.3945799999999977
0.15090000000000003
0.12405000000000044
0.055050000000001376
0.04707999999999757
0.14056000000000068
0.20453000000000188
0.2627299999999977
0.19524000000000186
0.015799999999998704
0.06433000000000177
0.7080799999999989
0.5305
0.27405999999999864
0.49842000000000297
0.12396999999999991
0.11242000000000019
