0.023478500000000402
0.1313569999999995
0.06508050000000054
0.06730150000000013
0.08720799999999951
0.42189549999999976
0.18802550000000018
0.08344899999999988
0.2979289999999999
0.1323705000000004
0.11702600000000007
0.8129650000000002
0.01614249999999995
0.02055600000000002
0.1263424999999998
0.11113700000000026
0.1376254999999995
0.05114550000000051
0.16408299999999887
0.34457550000000126
0.12804899999999897
0.09033699999999989
0.10892300000000077
0.3902645000000007
0.27392399999999917
0.17718699999999998
0.02484450000000038
0.0743855
0.05340200000000017
0.16031800000000018
0.021726999999998498
0.21049849999999992
0.06899900000000159
0.07013499999999873
0.04285100000000064
0.06262599999999985
0.05562049999999985
0.03153250000000085
0.22911099999999962
0.0403064999999998
0.1287900000000004
0.20598449999999957
0.2859820000000006
0.13677599999999934
0.3172379999999997
0.33372899999999994
0.7430760000000003
0.2819845000000001
0.11382449999999977
0.49329099999999926
0.33387100000000025
0.24304300000000012
0.3536070000000002
0.22685000000000066
0.1774609999999992
0.11469250000000031
0.10218350000000065
0.13780099999999962
0.05788949999999993
0.15078999999999887
0.09355850000000032
0.12808949999999975
0.022127000000001118
0.648887499999999
0.13726400000000183
0.03800399999999726
0.11614250000000226
0.5830020000000005
0.8671984999999971
0.36449700000000007
0.03779800000000222
0.08836999999999762
0.07220800000000338
0.060174999999997425
0.23678800000000066
1.081685499999999
0.24604650000000206
0.09511249999999905
0.29261650000000117
0.1665159999999979
0.05464500000000072
0.16692400000000163
0.40957500000000024
0.026470999999997247
0.3574335000000026
0.21966399999999808
0.10183050000000193
0.0665869999999984
0.03524399999999872
0.01663600000000187
0.13834950000000035
0.18897699999999773
0.0103160000000031
0.1480479999999993
0.01092299999999824
0.0910119999999992
0.09003500000000031
0.43914450000000116
0.023641000000001355
0.08261949999999985
0.15238649999999865
0.48594449999999867
0.19861600000000124
0.036134000000000555
0.19906899999999794
0.014971000000002732
