0.27700000000000014
0.0649999999999995
0.2990000000000004
0.19200000000000017
0.03200000000000003
0.20599999999999952
0.12400000000000055
0.17799999999999994
0.08000000000000007
0.08599999999999941
0.3879999999999999
0.17400000000000038
0.20399999999999974
0.12600000000000033
0.21300000000000008
0.04999999999999982
0.3389999999999995
0.03300000000000125
0.3409999999999993
0.5579999999999998
0.03200000000000003
0.041999999999999815
0.20899999999999963
0.03700000000000081
0.08499999999999908
0.11600000000000144
0.42799999999999905
0.09200000000000053
0.04299999999999926
0.4930000000000003
0.44599999999999973
0.5800000000000001
0.027000000000001023
0.28200000000000003
0.24499999999999922
0.593
0.2810000000000006
0.14700000000000024
0.23399999999999999
0.07000000000000028
0.03799999999999848
0.023000000000001464
0.2919999999999998
0.02200000000000024
0.2649999999999988
0.22000000000000064
0.07499999999999929
0.28200000000000003
0.2270000000000003
0.0860000000000003
0.24399999999999977
0.49799999999999933
0.011000000000001009
0.022999999999999687
0.15800000000000125
0.16399999999999793
0.06500000000000128
0.0519999999999996
0.07700000000000173
0.6899999999999977
0.16900000000000048
0.07900000000000063
0.28300000000000125
0.19299999999999784
0.22500000000000142
0.038000000000000256
0.01899999999999835
0.06700000000000017
0.2950000000000017
0.09699999999999775
0.06099999999999994
0.04400000000000048
0.4510000000000005
0.13899999999999935
0.03900000000000148
0.27699999999999747
0.21600000000000108
0.38599999999999923
0.05600000000000094
0.0710000000000015
0.17499999999999716
0.3290000000000006
0.19200000000000017
0.07199999999999918
0.1490000000000009
0.05600000000000094
0.26000000000000156
0.19099999999999895
0.5790000000000006
0.1509999999999998
0.03399999999999892
0.036000000000001364
0.11399999999999721
0.019000000000001904
0.29799999999999827
0.022000000000002018
0.10699999999999932
0.05999999999999872
0.11100000000000065
0.15300000000000225
0.038999999999997925
0.015000000000000568
0.12600000000000122
0.16999999999999815
0.06899999999999906
0.04600000000000293
0.09299999999999997
0.0799999999999983
0.1460000000000008
0.08800000000000097
0.03399999999999892
0.010999999999999233
0.018000000000000682
0.20400000000000063
0.06099999999999994
0.054999999999999716
0.06799999999999784
