0.058743000000000656
0.3725639999999997
0.12401700000000027
0.07143899999999981
0.025733999999999924
0.17318699999999954
0.04860000000000042
0.10089599999999965
0.20455800000000046
0.5178839999999996
0.10586699999999993
0.28690200000000043
0.03480300000000014
0.03252900000000025
0.06499799999999922
0.18063900000000022
0.4763850000000005
0.4414410000000002
0.2623079999999991
0.16108499999999992
0.4097010000000001
0.020070000000000476
0.09356999999999971
0.40431300000000014
0.3395759999999992
0.4788690000000013
0.20210699999999981
0.12053399999999925
0.35569200000000123
0.2271959999999993
0.12572399999999995
0.15634499999999996
0.05988299999999924
0.024081000000000685
0.5377320000000001
0.10885500000000015
0.09693299999999994
0.14878200000000064
0.046133999999998565
0.3685500000000008
0.10179899999999975
0.08478900000000067
0.04396500000000003
0.11666999999999916
0.8787420000000008
0.07700999999999958
0.23623500000000064
0.056537999999999755
0.10019699999999965
0.07728900000000039
0.25783799999999957
0.2858370000000008
0.0724739999999997
0.17190300000000036
0.1544939999999997
0.061169999999998836
0.7600200000000008
0.09500999999999848
0.024927000000001698
0.08752499999999941
0.10483500000000134
0.023816999999997535
0.0683370000000032
0.041321999999997416
0.11984700000000004
0.015471000000001567
0.04668900000000065
0.3322919999999989
0.1161929999999991
0.03253199999999978
0.11070600000000042
0.06728100000000126
0.048849000000000586
0.21210299999999904
0.13678799999999924
0.2968200000000003
0.17732099999999917
0.4083330000000025
0.08899199999999752
0.5316089999999996
0.23655300000000068
0.09880199999999917
0.253698
0.0352800000000002
0.26463000000000036
0.1890660000000004
0.1130040000000001
0.5364539999999991
0.08160900000000026
0.020901000000002057
0.23054999999999737
1.3196070000000013
0.5019090000000013
0.2075490000000002
0.4359359999999981
0.15161700000000167
0.2605140000000006
