0.2164034999999993
0.5839747500000003
0.044007750000000456
0.3751394999999995
0.04141575000000053
0.041069999999999496
0.19099425000000014
0.5598464999999999
0.41229225000000014
0.8710859999999991
0.03983850000000011
0.2727270000000015
0.06636374999999894
0.03376800000000024
0.04181924999999964
0.1729762499999996
0.1120012500000005
0.041583000000001036
0.37086674999999936
0.13959975000000036
0.32872274999999895
0.2619607500000001
0.14803500000000014
0.0353872500000012
0.20249774999999914
0.08421749999999939
0.27964125000000095
0.035069249999999386
0.15718275000000048
0.03821474999999985
0.1738597500000001
0.09786000000000072
0.581897249999999
0.1602945000000009
0.1199129999999986
0.20205375000000103
0.037279500000000354
0.16656524999999966
0.39217049999999887
0.06297900000000034
0.04511549999999964
0.28564275000000094
0.061717500000000314
0.4755029999999998
0.025854750000000593
0.4801694999999988
0.09278025000000056
0.08993549999999928
0.37546200000000063
0.06638775000000052
0.0303344999999986
0.7100790000000003
0.06541350000000001
0.17322749999999942
0.024195750000000515
0.5227702500000007
0.18677549999999954
0.012096750000001322
0.05231625000000051
0.029063999999998202
0.30730349999999973
0.008106749999999607
0.09565124999999952
0.2912857500000001
0.014770500000000908
0.1590397500000016
0.09222674999999825
0.2912332500000012
0.24382724999999894
0.14257500000000078
0.07261649999999875
0.1221097499999999
0.139657500000002
0.1886272499999997
0.4304729999999992
0.23532450000000082
0.049556249999998414
0.24784500000000165
0.3968542500000005
0.10295024999999924
0.096858000000001
0.6652432499999996
0.5767837500000006
0.07369499999999718
0.13888125000000073
0.17110500000000073
0.17472150000000042
0.0932594999999985
0.06826650000000001
0.3579712500000021
0.061163999999998
0.19047000000000125
0.056707499999998134
0.1315537500000019
0.09074924999999823
0.03762750000000281
0.17262749999999727
0.1673467500000001
0.049181250000000176
0.04896225000000243
0.531079499999997
0.20554875000000195
