0.030217999999999634
0.07980199999999993
0.14654100000000003
0.28404000000000007
0.0711769999999996
0.3255620000000006
0.33611199999999997
0.06067100000000014
0.039965999999999724
0.11600900000000003
0.5759039999999995
0.043864000000000125
0.21940700000000035
0.20316899999999993
0.11492400000000025
0.6783529999999995
0.16319099999999942
0.09581200000000045
0.08112299999999983
0.14361400000000124
0.31306699999999843
0.49101200000000134
0.09985899999999859
0.3502680000000016
0.34590299999999985
0.20825299999999913
0.5771069999999998
0.15026600000000023
0.3803289999999997
0.08793200000000034
0.03193300000000043
0.13364499999999957
0.045125000000000526
0.14232900000000015
0.011446999999998653
0.07349800000000073
0.2675300000000007
0.057550999999998353
0.3914030000000004
0.10520700000000005
0.419906000000001
0.08525099999999952
0.2736610000000006
0.13181599999999882
0.19669299999999978
0.09101900000000107
0.20629399999999976
0.3134730000000001
0.20898599999999945
0.1210710000000006
0.19055
0.2992019999999993
0.3012290000000011
0.587885
0.11382000000000048
0.07927899999999966
0.05463400000000007
0.6811349999999976
0.33169800000000293
0.26210999999999984
0.345523
0.02056299999999922
0.030535999999997898
0.2824730000000031
0.21810499999999777
0.03580300000000136
0.17099899999999835
0.09876900000000077
0.05088500000000096
0.03337399999999846
0.03904800000000108
0.3576529999999991
0.11471200000000081
0.1609809999999996
0.5637979999999985
0.30632400000000004
0.5495320000000028
0.09151999999999916
0.10293000000000063
0.05318199999999962
0.23386999999999958
0.3282659999999993
0.03280000000000172
0.295144999999998
0.1547610000000006
0.4578719999999983
0.18064400000000091
0.09481399999999951
0.05079600000000184
0.13029500000000027
0.32528999999999897
0.1208910000000003
0.02183300000000088
0.20852499999999807
0.022718000000001126
0.11806699999999992
0.10996000000000095
0.026353999999997768
