0.1109726000000002
0.11417529999999942
0.044627200000000755
0.1552237999999999
0.10006939999999975
0.01068490000000022
0.028299599999999536
0.031647000000000425
0.3566181999999998
0.13587550000000004
0.20648469999999985
0.04503970000000024
0.34202069999999996
0.13424290000000028
0.22641559999999927
0.06740680000000054
0.030458900000000177
0.5434142
0.13141809999999943
0.02679490000000051
0.06015519999999963
0.5434628000000004
0.060954299999998796
0.02702150000000003
0.26199940000000055
0.7234698999999996
0.010831500000000105
0.2579799000000005
0.1475811999999994
0.19230990000000148
0.09189369999999997
0.19739939999999834
0.046230700000000624
0.39372760000000007
0.08908790000000089
0.061918199999999146
0.09076849999999936
0.07823980000000041
0.4906322000000003
0.02292190000000005
0.12040389999999945
0.1718106000000006
0.2956454999999991
0.12965349999999987
0.43645650000000025
0.04855120000000035
0.07530760000000036
0.01340129999999995
0.09579880000000074
0.1301584999999985
0.37123720000000127
0.07029339999999884
0.4048069000000005
0.15572060000000043
0.05764299999999878
0.14598460000000024
0.13098040000000033
0.1428811999999997
0.2740133
0.12348360000000014
0.14556210000000114
0.34994129999999934
0.2863685
0.13775910000000025
0.15196870000000118
0.126399499999998
0.11645299999999992
0.4349291999999991
0.20379250000000226
0.07135939999999863
0.31478300000000203
0.258733399999997
0.8095895000000013
0.22460129999999978
0.023261699999999053
0.218523900000001
0.26723679999999916
0.03937880000000149
0.05923509999999865
0.19814580000000248
0.010304699999998945
0.37016380000000026
0.3058431000000006
0.09143489999999943
0.09523599999999988
0.00612199999999774
0.09376880000000298
0.32854669999999686
0.037753000000002146
0.31961009999999845
0.026816000000000173
0.45716970000000146
0.42114150000000095
0.3414414999999984
0.09365079999999892
0.17794179999999926
0.4387502000000012
0.171710700000002
0.03425730000000016
0.0750985999999969
0.7395545000000006
0.15506170000000097
0.06987429999999861
0.4170833000000016
