0.46187425000000015
0.04302124999999979
0.038407750000000185
0.019358999999999682
0.6508709999999995
0.5046077500000008
0.20788824999999989
0.06582499999999936
0.10139250000000022
0.6248957500000003
0.192291
0.01854900000000015
0.397346999999999
0.14127000000000045
0.060550750000000875
0.45455999999999896
0.13404850000000046
0.18063450000000003
0.10163200000000039
0.1941834999999994
0.6527884999999998
0.12027375000000085
0.04346599999999867
0.16891475000000078
0.01721000000000039
0.055114999999998915
0.03174100000000024
0.10347750000000033
0.06607499999999966
0.13302050000000065
0.1656499999999994
0.05750775000000097
0.18862124999999885
0.12972249999999974
0.4782489999999999
0.319998
0.09292700000000131
0.2889792499999988
0.09700525000000049
0.45654225000000004
0.2832225000000008
0.2051949999999998
0.09915249999999887
0.07219625000000107
0.1073574999999991
0.13344999999999985
0.055940750000001316
0.11318124999999846
0.030676750000001363
0.5625237499999987
0.458123500000001
0.10371099999999878
0.3300282500000016
0.7566714999999977
0.05546475000000228
0.11168724999999924
0.4927475000000001
0.31236450000000104
0.09989324999999738
0.7928075000000021
0.25270824999999775
0.17445600000000283
0.012345249999999197
0.3817249999999994
0.18917850000000058
0.3318317499999992
0.1865124999999992
0.11208150000000217
0.4884972499999982
0.47672925000000177
0.17695424999999787
0.03007649999999984
0.24646800000000013
0.30727124999999944
0.03541350000000065
0.03756150000000247
0.08232274999999944
0.09766674999999836
0.15117599999999953
0.00925175000000067
0.13485100000000116
0.04506049999999817
0.32466300000000103
0.025443249999998585
0.028965750000001123
0.10634925000000095
0.19716550000000055
0.09982399999999814
0.3313680000000012
0.01689825000000056
0.02240124999999793
0.18654775000000257
0.01796549999999897
0.06842499999999774
0.07262725000000003
0.42986375000000265
0.5571449999999984
0.04898675000000097
