0.08586949999999938
0.46443050000000063
0.026721499999999843
0.1666539999999994
0.151173
0.011341000000000712
0.3430534999999999
0.087167
0.011817999999999884
0.011864499999999722
0.010905000000000165
0.4591130000000003
0.14537649999999935
0.13019800000000004
0.14566450000000053
0.23696450000000002
0.08938249999999925
0.049635499999999944
0.1586155000000007
0.527207999999999
0.01286800000000099
0.12981549999999942
0.04754100000000072
0.032750499999998794
0.1229565000000008
0.05805550000000004
0.13269599999999926
0.02036050000000067
0.07413400000000081
0.5177309999999995
0.1332930000000001
0.029201999999999728
0.22673799999999922
0.1406925000000001
0.01108450000000083
0.13990800000000014
0.2977249999999998
0.33272999999999975
0.12949399999999933
0.14347150000000042
0.13550350000000044
0.15997600000000034
0.7026564999999998
0.49168399999999934
0.19609450000000095
0.1908114999999988
0.07016450000000063
0.030008499999999216
0.4857005000000001
0.05564649999999993
0.2556965000000009
0.3415555000000001
0.07008999999999865
0.09400650000000077
0.5827460000000002
0.03540100000000024
0.13209299999999935
0.8970030000000015
0.05730399999999847
0.1592480000000016
0.28038549999999773
0.2073235000000011
0.3256799999999984
0.16847950000000012
0.08692650000000057
0.1934705000000001
0.16577900000000056
0.02478049999999854
0.4180480000000024
0.0415549999999989
0.3254835000000007
0.4018934999999999
0.08306199999999819
0.08997049999999973
0.1222100000000026
0.12724000000000046
0.26474399999999676
0.46110900000000044
0.15209899999999976
0.7440055000000001
0.25209800000000016
0.1804635000000019
0.2776575000000001
0.6368444999999987
0.3427305000000018
0.5065239999999989
0.4955059999999989
0.12443800000000138
0.5831139999999984
0.2184695000000012
0.22549000000000063
