0.9994404999999995
0.5100075000000004
0.01897350000000042
0.2484434999999996
0.6769575000000003
0.45656999999999925
0.534694
0.2626679999999997
0.09627150000000029
0.08091049999999989
0.7354690000000002
0.10897199999999962
0.653511
0.05861150000000137
0.17534949999999938
0.06770249999999933
0.030465500000000034
0.0642535000000013
0.058691999999998856
0.19081049999999955
0.2595080000000003
0.013276499999999913
0.47234450000000017
0.14272400000000118
0.0853394999999999
0.35499549999999935
0.22729600000000083
0.17582199999999837
0.02037450000000085
0.4608574999999995
0.4303170000000005
0.16074949999999966
0.14502700000000068
0.02891400000000033
0.09966149999999985
0.8075644999999998
0.18408349999999984
0.20933050000000009
0.15780649999999952
0.3409399999999998
0.10330749999999966
0.07178049999999914
0.3964545000000008
0.1858290000000018
0.37443099999999774
0.25084050000000246
0.15008599999999817
1.0122849999999985
0.5728210000000011
0.010316500000001838
0.17981299999999933
0.07944149999999794
0.1783360000000016
0.04346299999999914
0.0339154999999991
0.38316149999999993
0.07704050000000251
0.041394000000000375
0.016912500000000108
0.018723500000000115
0.31057899999999705
0.11727800000000244
0.17327149999999847
0.5532070000000004
0.21818349999999853
0.0497595000000004
0.5389550000000014
0.2553805000000011
0.681306499999998
0.07999949999999956
0.23605300000000184
0.009735499999997899
0.20680550000000153
0.018527999999999878
0.18999799999999922
0.18564250000000015
0.20823150000000012
0.03163900000000197
0.1472479999999976
0.0706085000000023
0.19573549999999784
0.1046465000000012
0.11364599999999925
