0.1689210000000001
0.1086425000000002
0.3496559999999995
0.2667704999999998
0.08265900000000048
0.7002934999999999
0.037670000000000314
0.2567754999999998
0.39535499999999946
0.011522000000000254
0.08022050000000025
0.16931549999999973
0.10203499999999988
0.10449649999999977
0.20448350000000115
0.4561199999999985
0.10006800000000027
0.6265824999999996
0.1117385000000013
0.00525999999999982
0.03318349999999981
0.24484550000000027
0.16883900000000018
0.467039999999999
0.22125150000000104
0.0625284999999991
1.5574709999999996
0.06789100000000126
0.0401694999999993
0.18754900000000063
0.2551255000000001
0.053895999999999944
0.25899749999999955
0.20537549999999882
0.7830845000000011
0.13103100000000012
0.7144879999999993
0.08488050000000058
0.2194269999999996
0.4379749999999998
0.057966000000000406
0.25548599999999944
0.06060450000000017
0.0190550000000016
0.08551549999999963
0.230068499999998
0.12926750000000098
0.6290365000000016
0.2396659999999997
0.1386714999999974
0.1251445000000011
0.09359750000000133
0.11749700000000018
0.3992104999999988
0.24377850000000123
0.4634830000000001
0.40944949999999736
0.03920000000000101
0.2756350000000012
0.09002399999999966
0.1399310000000007
0.12058099999999783
0.14839450000000198
0.024731499999997908
0.6267595000000021
0.7600695000000002
0.13931849999999812
0.05344949999999926
0.13046549999999968
0.30799200000000226
0.12879449999999792
0.17667950000000232
0.05054750000000041
0.4367069999999984
0.0361079999999987
0.08998449999999991
0.2151270000000025
0.014350999999997782
0.22595899999999958
0.09678750000000136
0.15497549999999904
0.12514350000000007
0.010481000000002183
0.189725499999998
0.2022200000000005
0.14606399999999908
0.17288750000000164
0.00967550000000017
0.0530450000000009
0.05850949999999955
