0.11509999999999998
0.16659999999999986
0.04079999999999995
0.019300000000000317
0.007799999999999585
0.1673
0.02120000000000033
0.6353
0.2862999999999998
0.011700000000000266
0.1025999999999998
0.04269999999999996
0.006199999999999761
0.025500000000000078
0.0849000000000002
0.025000000000000355
1.1985000000000001
0.36549999999999905
0.03300000000000125
0.3521000000000001
0.08029999999999937
0.15509999999999913
0.09450000000000003
0.3977000000000004
0.05489999999999995
0.06259999999999977
0.12310000000000088
0.025100000000000122
0.8845999999999989
0.3891000000000009
0.06419999999999959
0.07150000000000034
0.14869999999999983
0.3144000000000009
0.5673999999999992
0.05460000000000065
0.08339999999999925
0.019700000000000273
0.2605000000000004
0.26479999999999926
0.1767000000000003
0.051000000000000156
0.011200000000000543
0.14589999999999925
0.07569999999999943
0.2640000000000011
0.2088000000000001
0.06689999999999863
0.13730000000000153
0.21229999999999905
0.3841999999999999
0.2065999999999999
0.05290000000000106
0.15629999999999988
1.062100000000001
0.14149999999999707
0.011300000000002086
0.04230000000000089
0.13039999999999807
0.01670000000000016
0.07440000000000069
0.06789999999999807
0.23700000000000188
0.04479999999999862
0.08060000000000045
0.1142000000000003
0.23359999999999914
0.09210000000000207
0.04240000000000066
0.1822999999999979
0.18700000000000117
0.027499999999999858
0.23199999999999932
0.22330000000000183
0.35639999999999716
0.039400000000000546
0.03160000000000096
0.29380000000000095
0.03229999999999933
0.016200000000001324
0.4695999999999998
0.05489999999999995
0.3067999999999991
0.01899999999999835
0.05000000000000071
0.49820000000000064
0.9894999999999996
0.12979999999999947
0.08020000000000138
0.0367999999999995
0.09219999999999828
1.3027000000000015
0.3287000000000013
0.0329999999999977
0.3734000000000002
0.34380000000000166
0.13860000000000028
0.02049999999999841
