0.3906999999999998
0.3313000000000006
0.13699999999999957
0.04459999999999997
0.2860000000000005
0.09119999999999973
0.3179999999999996
0.06519999999999992
0.026400000000000645
0.3332999999999995
0.43150000000000066
0.1902999999999997
0.07059999999999977
0.13010000000000055
0.04479999999999951
0.11270000000000024
0.14179999999999993
0.17980000000000018
0.07049999999999912
0.47160000000000046
0.07089999999999996
0.06610000000000049
0.12650000000000006
0.057000000000000384
0.01699999999999946
0.09019999999999939
0.07370000000000054
0.5105000000000004
0.024799999999999045
0.0730000000000004
0.261000000000001
0.5993999999999993
0.15399999999999991
0.1836000000000002
0.1625999999999994
0.10420000000000051
0.08799999999999919
0.08230000000000004
0.025800000000000267
0.17570000000000086
0.015399999999999636
0.3132999999999999
0.06329999999999991
0.6013999999999999
0.20899999999999963
0.062000000000001165
0.060399999999999565
0.048500000000000654
0.12329999999999863
0.0815999999999999
0.19680000000000142
0.11350000000000016
0.017699999999999605
0.09820000000000029
0.0348999999999986
0.15010000000000012
0.10540000000000127
0.08949999999999925
0.23279999999999923
0.23600000000000065
0.17040000000000077
0.10970000000000013
0.05829999999999913
0.10319999999999929
0.2716000000000012
0.5124999999999993
0.21669999999999945
0.45770000000000266
0.03879999999999839
0.33940000000000126
0.014399999999998414
0.5969000000000015
0.39199999999999946
0.12040000000000006
0.05290000000000106
0.5122999999999998
0.11329999999999885
0.08729999999999905
0.21310000000000073
0.5507999999999988
0.0625
0.39380000000000237
0.11209999999999809
0.14710000000000178
0.5902999999999992
0.8795000000000002
0.06550000000000011
0.3377999999999979
0.019200000000001438
0.20690000000000097
0.03470000000000084
0.7850000000000001
0.24779999999999802
0.10770000000000124
0.41169999999999973
0.10449999999999804
0.23230000000000217
0.09609999999999985
0.36939999999999884
