0.04775999999999936
0.02939000000000025
0.14022999999999985
0.5110900000000003
0.3196500000000002
0.3031499999999996
0.05740000000000034
0.4713599999999998
0.6553300000000002
0.1844999999999999
0.26652000000000076
0.17337999999999987
0.11547000000000018
0.19345999999999997
0.06676000000000037
0.11526999999999887
0.1796900000000008
0.15466999999999942
0.9244900000000005
0.17635999999999896
0.025980000000000558
0.07263999999999982
0.054550000000000765
0.07729999999999926
1.05316
0.015050000000000452
0.4600100000000005
0.12955999999999968
0.07865999999999929
0.14880000000000138
0.23353999999999964
0.06573999999999991
0.05151000000000039
0.21365999999999907
0.15726000000000084
0.18442999999999898
0.12270999999999965
0.03295000000000137
0.19397999999999982
0.4136299999999995
0.040480000000000516
0.006299999999999528
0.008000000000000895
0.04399999999999871
0.22815000000000119
0.16891999999999996
0.04856999999999978
0.04330000000000034
0.331059999999999
0.14827999999999975
0.06017000000000117
0.5503599999999995
0.024829999999999686
0.1651000000000007
0.10655999999999999
0.12179000000000073
0.11999999999999744
0.5392200000000003
0.04624000000000095
0.018660000000000565
0.08988000000000085
0.5067599999999999
0.09158000000000044
0.33045999999999864
0.0906899999999986
0.1715900000000019
0.27247999999999806
0.018850000000000477
1.1838300000000004
0.1369100000000003
0.21602999999999994
0.04941000000000173
0.03521999999999892
0.04281999999999897
0.020289999999999253
0.09645000000000081
0.03060999999999936
0.054059999999999775
0.12840000000000273
0.66432
0.007469999999997867
0.08359000000000094
0.0724000000000018
0.4293699999999987
0.21096999999999966
0.014800000000001035
0.3117699999999992
0.07470999999999961
0.10321000000000069
0.4630599999999987
0.19065000000000154
0.14502999999999844
0.28702000000000183
0.06511000000000067
0.4023899999999969
0.3786900000000024
0.12415999999999983
0.3713300000000004
0.11035000000000039
