0.12799999999999923
0.038000000000000256
0.03300000000000036
0.2599999999999998
0.43299999999999983
0.020999999999999908
0.02400000000000002
0.1930000000000005
0.21399999999999952
0.11300000000000043
0.12199999999999989
0.19599999999999973
0.052999999999999936
0.3210000000000006
0.14900000000000002
0.058999999999999275
0.10000000000000053
0.07800000000000029
0.22599999999999998
0.8129999999999997
0.05000000000000071
0.10499999999999865
0.16999999999999993
0.5040000000000013
0.05599999999999916
0.0909999999999993
0.27800000000000047
0.12100000000000044
0.4109999999999996
0.041999999999999815
0.11599999999999966
0.3240000000000016
0.0389999999999997
0.3070000000000004
0.16999999999999993
0.032999999999999474
0.04400000000000048
0.45500000000000007
0.5800000000000001
0.1659999999999986
0.06700000000000017
0.5060000000000002
0.11500000000000021
0.04100000000000037
0.20899999999999963
0.17099999999999937
0.051000000000000156
0.08800000000000097
0.08699999999999974
0.13299999999999912
0.10599999999999987
0.16400000000000148
0.09899999999999842
0.28500000000000014
0.012000000000000455
0.10100000000000087
0.0649999999999995
0.8789999999999996
0.07099999999999973
0.2530000000000001
0.26500000000000057
0.06400000000000006
0.06299999999999883
0.021000000000000796
0.03300000000000125
0.19599999999999795
0.10900000000000176
0.16699999999999804
0.11500000000000199
0.04199999999999804
0.21000000000000085
0.240000000000002
0.14099999999999824
0.8829999999999991
0.0710000000000015
0.030000000000001137
0.20099999999999696
0.1180000000000021
0.08800000000000097
0.15700000000000003
0.10699999999999932
0.254999999999999
0.09700000000000131
0.012000000000000455
0.786999999999999
0.33699999999999974
0.06400000000000006
0.10800000000000054
0.1999999999999993
0.05999999999999872
0.06300000000000239
0.0329999999999977
0.3180000000000014
0.07399999999999807
0.2510000000000012
0.01600000000000179
0.09799999999999898
0.12899999999999778
0.08000000000000185
0.07900000000000063
0.053999999999998494
0.2660000000000018
0.31899999999999906
0.2510000000000012
0.2530000000000001
0.01899999999999835
0.14199999999999946
0.10500000000000043
0.22500000000000142
0.14699999999999847
0.019999999999999574
0.2840000000000025
0.08999999999999986
0.07299999999999685
0.038000000000000256
