0.5813000000000006
0.09259999999999913
0.06990000000000052
0.25560000000000027
0.1825000000000001
0.2131999999999996
0.04380000000000006
0.1730999999999998
0.10719999999999974
0.0365000000000002
0.07920000000000016
0.21110000000000007
0.04049999999999976
0.059800000000000075
1.2194000000000003
0.016000000000000014
0.009299999999999642
0.02069999999999972
0.04770000000000074
0.1684000000000001
0.1747999999999994
0.06900000000000084
0.11309999999999931
0.5669000000000004
0.0497999999999994
0.039100000000001245
0.07459999999999845
0.24840000000000018
0.06670000000000087
0.16460000000000008
0.484
0.4131999999999998
0.031599999999999184
0.027200000000000557
0.11700000000000088
0.4764999999999997
0.09839999999999982
0.04659999999999975
0.5570000000000004
0.3470999999999993
0.10360000000000014
0.1977000000000011
0.2314999999999987
0.043900000000000716
0.2873999999999999
0.3567999999999998
0.5845000000000002
0.2085000000000008
0.5355999999999987
0.035400000000000986
0.05089999999999861
0.06560000000000166
0.12330000000000041
0.21899999999999764
0.3968000000000025
0.1894999999999989
0.07750000000000057
0.13039999999999807
0.024100000000000676
0.010999999999999233
0.559000000000001
0.019400000000000972
0.30349999999999966
0.5644999999999989
0.41580000000000084
0.029699999999998283
0.1416000000000004
0.16070000000000206
0.3626000000000005
0.28190000000000026
0.35809999999999675
0.018600000000002836
0.3353999999999999
0.17350000000000065
0.09689999999999799
0.10630000000000095
0.0823999999999998
0.046299999999998676
0.03440000000000154
0.14039999999999964
0.26030000000000086
0.30109999999999815
0.2076999999999991
0.048100000000001586
0.08259999999999934
0.06470000000000198
0.6646999999999998
0.0627999999999993
0.04240000000000066
0.38489999999999824
0.4379000000000026
0.019199999999997885
0.10679999999999978
0.0627999999999993
0.10350000000000037
0.2883999999999993
0.16070000000000206
0.025900000000000034
0.1847999999999992
