0.22996000000000016
0.20956900000000012
0.18663469999999993
0.009146499999999946
0.05188249999999961
0.3509267000000005
0.2807525999999996
0.3887286000000003
0.20430990000000016
0.17732749999999964
0.29582719999999973
0.007363200000000347
0.039604500000000264
0.12068619999999974
0.40325660000000063
0.30856829999999924
0.07199619999999918
0.08129890000000017
0.29892940000000046
0.03850609999999932
0.0476030999999999
0.17482980000000126
0.1014128999999997
0.27927769999999974
0.2961209999999994
0.08376850000000147
0.10557209999999984
0.20326689999999914
0.670580600000001
0.022129599999999527
0.1282545000000006
0.036250199999999566
0.0792439999999992
0.1564218000000004
0.1760129999999993
0.32270160000000025
0.06728179999999995
0.06800180000000111
0.036967399999999984
0.5571178999999997
0.04280979999999879
0.062122200000001015
0.11804300000000012
0.25731970000000004
0.061035000000000394
0.4747028999999987
0.10324319999999965
0.03445510000000063
0.06406940000000105
0.3981641999999983
0.10436070000000086
0.3277260000000002
0.0861421
0.01885219999999954
0.46658569999999955
0.055535600000000684
0.13985450000000021
0.11691379999999896
0.08188250000000075
0.11818069999999992
0.22420920000000066
0.5200829999999996
0.2114760000000011
0.03611089999999706
0.11856630000000123
0.31834960000000123
0.3261851999999976
0.06375030000000237
0.21544729999999745
0.3408685000000027
0.015214600000000189
0.10980679999999765
0.14664640000000162
0.03189520000000101
0.0975155999999977
0.06422330000000187
0.12489949999999794
0.03208139999999915
0.1314183
0.08068540000000013
0.44208670000000083
0.011507300000001663
0.14869949999999932
0.33036639999999906
0.021184699999999168
0.1614255
0.34366059999999976
0.4697534000000019
0.11183330000000069
0.30590289999999953
0.48503390000000124
0.0821033999999976
0.020993600000000612
0.08236529999999931
0.1206226000000008
0.30665790000000115
0.0389848999999991
0.024082100000001105
0.21506089999999745
0.05344220000000277
0.36496139999999855
0.015439499999999384
0.09326559999999873
0.0779399000000005
0.6488811000000005
0.0893480000000011
0.13324979999999798
0.2928746000000011
0.4403669000000008
