0.019999999999999574
0.018000000000000682
0.24599999999999955
0.19500000000000028
0.08000000000000007
0.017999999999999794
0.5430000000000001
0.06700000000000017
0.03799999999999937
0.05600000000000005
0.05600000000000005
0.05400000000000027
0.0389999999999997
0.1800000000000006
0.040000000000000036
0.09399999999999942
0.028999999999999915
0.03300000000000036
0.13400000000000034
0.04999999999999982
0.33499999999999996
0.1719999999999997
0.14900000000000002
0.0860000000000003
0.2029999999999994
0.125
0.1349999999999998
0.04800000000000004
0.3730000000000011
0.17099999999999937
0.11800000000000033
0.054999999999999716
0.1509999999999998
0.0649999999999995
0.16100000000000136
0.41499999999999915
0.15700000000000003
0.12199999999999989
0.13700000000000045
0.3070000000000004
0.06099999999999994
0.08499999999999908
0.06500000000000128
0.2370000000000001
0.07599999999999874
0.20700000000000074
0.1379999999999999
0.12100000000000044
0.0519999999999996
0.01699999999999946
0.2970000000000006
0.11899999999999977
0.03700000000000081
0.014999999999998792
0.1379999999999999
0.10100000000000087
0.03500000000000014
0.013999999999999346
0.5139999999999993
0.32500000000000107
0.1479999999999997
0.12599999999999945
0.008000000000000895
0.05299999999999905
0.354000000000001
0.025000000000000355
0.09199999999999875
0.16900000000000048
0.06400000000000006
0.4339999999999993
0.06700000000000017
0.1349999999999998
0.05400000000000027
0.27200000000000024
0.032999999999999474
0.1720000000000006
0.3100000000000005
0.23399999999999999
0.018000000000000682
0.5199999999999996
0.10299999999999798
0.2010000000000005
0.18400000000000105
0.15800000000000125
0.22100000000000009
0.0589999999999975
0.022000000000002018
0.34499999999999886
0.6610000000000014
0.13599999999999923
0.12600000000000122
0.05299999999999727
0.05100000000000193
0.2079999999999984
0.18299999999999983
0.09100000000000108
0.14099999999999824
0.053000000000000824
0.2890000000000015
0.027999999999998693
0.1769999999999996
0.11899999999999977
0.13800000000000168
0.26699999999999946
0.4269999999999996
0.053000000000000824
0.11400000000000077
0.15199999999999747
0.2740000000000009
0.3450000000000024
0.055999999999997385
0.14499999999999957
0.4690000000000012
0.14499999999999957
0.028999999999999915
0.2950000000000017
0.21199999999999974
0.23300000000000054
0.055999999999997385
0.0070000000000014495
0.2029999999999994
0.10800000000000054
0.02499999999999858
0.02400000000000091
0.10699999999999932
0.13500000000000156
0.12199999999999989
0.3279999999999994
0.13100000000000023
0.07499999999999929
0.0779999999999994
0.04100000000000037
