0.07720000000000038
0.42049999999999965
0.016300000000000203
0.04900000000000038
0.13140000000000018
0.16829999999999945
0.7142999999999997
0.1269
0.16500000000000004
0.12210000000000054
0.02919999999999945
0.023900000000000254
0.5352000000000006
0.34970000000000034
0.07789999999999964
0.13509999999999955
0.16670000000000051
0.015399999999999636
0.7294
0.3378999999999994
0.42240000000000144
0.43739999999999846
0.053300000000000125
0.2624000000000013
0.4394999999999989
0.4748999999999999
0.14639999999999986
0.037200000000000344
0.03739999999999988
0.27590000000000003
1.9046000000000003
0.18539999999999957
0.9608000000000008
0.25150000000000006
0.005599999999999383
0.7048000000000005
0.04960000000000164
0.04989999999999739
0.08750000000000213
0.06459999999999866
0.10190000000000055
0.050499999999999545
0.04690000000000083
0.32869999999999777
0.06670000000000087
0.11779999999999902
0.2745000000000033
0.22250000000000014
0.4221999999999966
0.09330000000000283
0.19119999999999848
0.11670000000000158
0.192499999999999
0.20889999999999986
0.5116000000000014
0.27339999999999876
0.06050000000000111
0.015100000000000335
0.058099999999999596
0.019199999999997885
0.30980000000000274
0.028799999999996828
0.2591999999999999
0.07540000000000191
0.13129999999999953
0.08749999999999858
0.0987000000000009
0.48939999999999984
0.2599000000000018
0.16219999999999857
0.0254000000000012
0.16859999999999786
0.05880000000000152
0.015999999999998238
0.1872000000000007
0.09560000000000102
0.39699999999999847
0.09360000000000213
0.07349999999999923
0.04279999999999973
0.5339999999999989
0.03640000000000043
0.17310000000000159
0.19259999999999877
0.27590000000000003
0.3099000000000025
0.1424999999999983
