0.060800500000000035
0.3476940000000006
0.060693999999999804
0.010410999999999504
0.18773700000000026
0.30659349999999996
0.12885300000000033
0.0530999999999997
0.024965500000000418
0.032773499999999345
0.07400950000000073
0.15134949999999936
0.1062745000000005
0.2779555
0.048347999999999836
0.2028414999999999
0.14258300000000013
1.2103184999999996
0.12462050000000069
0.053223499999999646
0.5661100000000001
0.10210049999999882
0.38854250000000157
0.1263234999999998
0.08924649999999978
0.27746600000000043
0.4163529999999991
0.007557500000000772
0.14615449999999974
0.00980449999999955
0.1898605
0.13037300000000052
0.07419099999999901
0.025262500000000188
0.14744899999999994
0.41633600000000115
0.04828249999999912
0.11167700000000025
0.7208214999999996
0.21763699999999986
0.0859854999999996
0.6255705000000003
0.03778349999999975
0.1330435000000012
0.4701360000000001
0.07618800000000014
0.17339299999999902
0.03935350000000071
0.22280049999999996
0.22576699999999938
0.19730700000000034
0.013285500000000283
0.06872849999999886
0.21019850000000062
0.28736849999999947
0.07673050000000003
0.08495750000000157
0.04189599999999771
0.0781205000000007
0.41847600000000185
0.12027699999999797
0.4759790000000024
0.2735259999999968
0.1345105000000011
0.22337450000000203
0.1351629999999986
0.1680969999999995
0.2313325000000006
0.04506950000000032
0.7847884999999977
0.21922900000000212
0.16655199999999937
0.34870799999999846
0.024362500000002285
0.3527245000000008
0.41260799999999875
0.45326100000000125
0.05851849999999814
0.08240550000000013
0.15976750000000095
0.19424749999999946
0.03745349999999803
0.17064000000000235
0.04198299999999833
0.06115700000000146
0.4325659999999978
0.20459550000000348
0.062073999999999074
0.3010239999999982
0.02008299999999963
0.3081635000000027
0.25420999999999694
0.18771150000000247
0.6115059999999986
0.332454000000002
0.01589699999999894
0.06539400000000128
0.14712399999999803
