0.008410500000000098
0.059545499999999585
0.00957299999999961
0.03274125000000083
0.024848999999999677
0.11618025000000021
0.42153749999999945
0.12522000000000055
0.1678507499999995
0.09434025000000013
0.07209224999999986
0.19178850000000036
0.017856000000000094
0.06913949999999947
0.11908425000000022
0.1265609999999997
0.060794250000000716
0.08679300000000012
0.13351049999999987
0.22021349999999984
0.1999822499999997
0.061438500000000396
0.03294599999999992
0.06478800000000007
0.22312574999999946
0.05887350000000069
0.032209500000000446
0.078735
0.21722324999999998
0.031866749999998945
0.011602500000000404
0.36817349999999927
0.5093070000000015
0.00977624999999982
0.23208449999999914
0.2516827500000005
0.13994399999999985
0.1297057499999994
0.051847500000000935
0.14215725000000035
0.025974749999999602
0.15616949999999896
0.03168225000000113
0.06510224999999892
0.8139900000000004
0.228992250000001
0.1222259999999995
0.03692999999999991
0.13689450000000036
0.008426999999999296
0.1479277500000009
0.34508774999999936
0.035171999999999315
0.011149500000000145
0.10129874999999977
0.2182567500000001
0.08746574999999979
0.08489025000000083
0.09839775000000017
0.41346150000000037
0.18980249999999899
0.11750475000000016
0.1293262500000001
0.035619750000000394
0.19129649999999998
0.606812249999999
0.3450097500000009
0.4670325000000002
0.012379499999999766
0.07717425000000055
0.048785999999999774
0.10165274999999951
0.6555037500000012
0.04551074999999827
0.02141250000000028
0.10269674999999978
0.024514500000002215
0.18991199999999964
0.44951924999999804
0.2651640000000022
0.07644224999999949
0.04301324999999778
0.053077500000000555
0.07654425000000131
0.727262249999999
0.47229525000000194
0.03783599999999865
0.10548749999999885
0.33931875000000034
0.5496967500000025
0.022243499999998306
0.036639000000000976
0.41348774999999804
0.09148125000000107
0.026097000000000037
0.05934600000000145
0.04893899999999718
0.053657250000000545
0.29497274999999945
0.14675250000000162
0.0170640000000013
0.057095999999997815
0.06652725000000004
0.19833000000000212
0.4646752499999991
0.10692900000000094
0.07600124999999736
0.5681932500000002
0.04946250000000063
0.29580749999999867
0.08075924999999984
0.07288199999999989
0.3443505000000009
0.30966899999999953
0.09311399999999992
0.24802425000000028
0.625554000000001
0.029157000000001432
