0.17017725000000006
0.021393749999999656
0.4119262500000005
0.11387099999999961
0.04621875000000042
0.007260749999999483
0.24366675000000004
0.07689449999999987
0.6407070000000008
0.9007717499999996
0.22716524999999965
0.16083599999999976
0.06302699999999994
0.185697750000001
0.2385509999999993
0.03385800000000039
0.04434374999999946
0.2595090000000013
1.019242499999999
0.12936600000000098
0.047397750000000016
0.16721399999999953
0.23868000000000045
0.31895024999999855
0.17813325000000013
0.05943075000000064
0.06743175000000079
0.6189329999999984
0.2193802500000004
0.6338647500000008
0.10209299999999999
0.3006239999999991
0.3946620000000003
0.10833225000000013
0.06284100000000059
0.019179749999999274
0.09869474999999994
0.11109524999999998
0.4735282500000011
0.1329652499999998
0.10496700000000025
0.2105062499999999
0.14765099999999975
0.4446892499999997
0.10251075000000043
0.08239649999999976
0.4707869999999996
0.22550399999999904
0.0670470000000023
0.04514924999999792
0.07460925000000174
0.05636025000000089
0.20492399999999833
0.13712925000000098
0.16913324999999801
0.7028827500000006
0.31788674999999955
0.15320774999999998
0.83625975
0.5845957500000019
0.6085169999999991
0.33763125000000116
0.04050750000000036
0.09543224999999822
0.15616424999999978
0.05966774999999913
0.03600825000000185
0.008814749999999094
0.11794049999999956
0.158493
0.4767299999999999
0.3220672499999999
0.21534150000000096
0.29327400000000026
0.10162724999999995
0.29248799999999875
0.02110125000000096
0.43076250000000016
0.3052470000000014
0.3402277500000004
0.08635724999999894
0.31624874999999975
0.11644649999999857
0.09358575000000258
0.0578227499999997
0.1589685000000003
0.2057362499999975
