0.13800900000000027
0.24564300000000028
0.1696939999999998
0.5896689999999998
0.12868600000000008
0.4170689999999997
0.06263300000000083
0.1270579999999999
0.07587999999999973
0.38047699999999995
0.21828100000000017
0.536645
0.6711220000000004
0.04920899999999939
0.23561800000000055
0.03306100000000001
0.06345099999999881
0.33223800000000026
0.2967770000000005
0.281409
0.03122899999999973
0.2623219999999993
0.09414300000000075
0.582438999999999
0.15280000000000094
0.10072699999999912
0.26280900000000074
0.20087499999999991
0.2910710000000005
0.018316999999999695
0.05384100000000025
0.006364999999998844
0.2560960000000012
0.2094869999999993
0.2792279999999998
0.10890799999999956
0.1641010000000005
0.035194000000000614
0.058061999999999614
0.05997999999999948
0.2521090000000008
0.09810799999999986
0.06541499999999978
0.03369999999999962
0.08414800000000078
0.06854199999999899
0.10241400000000134
0.03404100000000021
0.17969100000000005
0.12181899999999857
0.018297999999999703
0.10899900000000073
0.10741699999999987
0.5271980000000003
0.10014699999999976
0.08645500000000084
0.029510000000000147
0.278751999999999
0.14464599999999983
0.45929299999999884
0.047206000000002746
0.03426199999999824
0.2804549999999999
0.26319099999999906
0.020473000000002628
0.11611199999999755
0.22093000000000274
0.03272699999999773
0.1515039999999992
0.44848200000000205
0.056689999999999685
0.5452839999999988
0.02991100000000202
0.09152399999999972
0.026951999999997867
0.2575200000000031
0.5602929999999979
0.14314099999999996
0.024415000000001186
0.39590300000000056
0.2972009999999976
0.13366300000000209
0.32161299999999926
0.33821100000000115
0.05756899999999732
0.5042609999999996
0.030412000000001882
0.032602000000000686
0.036394999999998845
0.04015400000000113
0.17502999999999957
0.01828000000000074
0.008523999999997756
0.03357400000000155
0.16220500000000015
0.030958999999999293
0.44830400000000026
0.06252100000000027
0.024439999999998463
0.18414200000000136
0.11627499999999813
0.18023800000000278
0.08809799999999868
0.15849700000000055
1.396915
