1.0335212
0.062324700000000455
0.24605910000000009
0.046568299999999674
0.17129569999999994
0.2082367000000005
0.25788179999999983
0.18134859999999975
0.1871520000000002
0.16857519999999937
0.04630710000000082
0.10285459999999969
0.18805340000000026
0.2633013999999996
0.10706230000000083
0.03361359999999891
0.2482407000000002
0.42630360000000067
0.32132129999999925
0.015008099999999303
0.8259568000000002
0.018249900000000707
0.07443950000000044
0.05233750000000015
0.013176999999998884
0.220728900000001
0.26320049999999995
0.051493499999999415
0.36296579999999956
0.06989390000000029
0.7675099000000003
0.07677379999999978
0.43326829999999994
0.15976309999999927
0.16240370000000048
0.19577959999999983
0.19886550000000014
0.19379010000000108
0.2769319999999986
0.15439019999999992
0.06002130000000072
0.6632239000000002
0.06621949999999899
0.04440190000000044
0.5811197999999997
0.5006405000000012
0.1841842999999983
0.1383864999999993
0.006055500000002212
0.014964100000000258
0.490188100000001
0.27469339999999676
0.021272600000003195
0.18236089999999905
0.3152943999999991
0.37069509999999894
0.20815729999999988
0.8293567000000017
0.27375609999999995
0.17958210000000108
0.09484889999999879
0.0230630000000005
0.03265340000000094
0.2520105999999984
0.1655027000000011
0.09488389999999924
0.3251476999999987
0.20104669999999913
0.16977240000000293
0.5435274999999997
0.1449695999999996
0.1300699999999999
0.15935869999999852
0.07340570000000213
0.07447110000000023
0.11116839999999684
0.051204900000001885
0.30838639999999984
0.38728229999999897
0.012842300000002638
0.12331469999999811
0.13563609999999926
0.4724208999999995
0.18109000000000108
0.19634720000000172
0.13617099999999738
0.05590530000000271
0.02003199999999694
0.3547159000000022
0.0678196999999976
0.14258760000000237
0.042985399999999174
0.05828950000000077
0.015525300000000186
0.08159750000000088
