0.027820000000000178
0.3895400000000002
0.4813700000000001
0.04117999999999977
0.19688000000000017
0.24497000000000035
0.3171999999999997
0.043400000000000105
0.17624999999999957
0.19064000000000014
0.05571999999999999
0.011960000000000193
0.3968400000000001
0.07826000000000022
0.16223999999999972
0.03247999999999962
0.10678000000000054
0.10299999999999976
0.23367999999999967
0.0349800000000009
0.08549999999999969
0.030680000000000263
0.2515299999999989
0.03331000000000017
0.19320000000000093
0.12886999999999915
0.5630600000000001
0.2791899999999998
0.3460000000000001
0.2158800000000003
0.3050700000000006
0.07194999999999929
0.21942000000000128
0.48536
0.15496999999999872
0.12398000000000131
0.13056999999999874
0.12724000000000046
0.11641999999999975
0.3957700000000006
0.5669599999999999
0.5067799999999991
0.08993000000000073
0.50455
0.10333999999999932
0.42437000000000147
0.05269999999999975
0.1471
0.20886999999999922
0.1095000000000006
0.45822000000000074
0.04619999999999891
0.09058999999999884
0.2764300000000013
0.06550000000000011
0.028939999999998633
0.019540000000002777
0.31123999999999796
0.0694800000000022
0.11849999999999739
0.34834999999999994
0.23621999999999943
0.070330000000002
0.05297999999999803
0.02277000000000129
0.07120000000000104
0.054230000000000445
0.39698999999999884
0.0514700000000019
0.17298999999999864
0.09817999999999927
0.41821000000000197
0.15161999999999765
0.17609000000000208
0.0852499999999985
0.35282000000000124
0.1634999999999991
0.04446000000000083
0.1888299999999994
0.5325400000000009
0.10072999999999865
0.0464500000000001
0.012000000000000455
0.03622999999999976
0.4069900000000004
0.04922999999999789
0.050200000000000244
0.039220000000000255
0.4281600000000019
0.23651999999999873
0.04888000000000048
0.32246999999999915
0.12162000000000006
0.08529000000000053
0.053470000000000795
0.05024999999999835
0.3308300000000024
0.4464900000000007
0.21081999999999823
0.17301000000000144
0.054299999999997794
0.10452000000000083
0.4293200000000006
0.09019999999999939
