0.6238000000000001
0.03950000000000031
0.12769999999999992
0.021300000000000097
0.3327
0.3807999999999998
0.09729999999999972
0.30379999999999985
0.17400000000000038
0.46779999999999955
0.1991000000000005
0.5167000000000002
0.05489999999999995
0.07850000000000001
0.14119999999999955
0.06709999999999994
0.1941000000000006
0.025800000000000267
0.08349999999999902
0.013700000000000045
0.12780000000000058
0.0666999999999991
0.05710000000000015
0.38560000000000016
0.03220000000000134
0.3227999999999991
0.06659999999999933
0.33200000000000074
0.05910000000000082
0.049399999999998556
0.24710000000000143
0.17109999999999914
0.23170000000000002
0.0708000000000002
0.006800000000000139
0.04079999999999906
0.09120000000000061
0.26619999999999955
0.8256000000000014
0.34589999999999854
0.05460000000000065
0.03049999999999997
0.15300000000000047
0.5411999999999999
0.08099999999999952
0.2272999999999996
0.061799999999999855
0.2817000000000007
0.07530000000000037
0.3371999999999993
0.1570999999999998
0.33340000000000103
0.2984999999999989
0.49840000000000195
0.0630999999999986
0.3464999999999989
0.04310000000000258
0.13560000000000016
0.07639999999999958
0.09969999999999857
0.05480000000000018
0.14920000000000044
0.031099999999998573
0.17190000000000083
0.07019999999999982
0.1603999999999992
0.289200000000001
0.13560000000000016
0.15830000000000055
0.2195999999999998
0.18230000000000146
0.25619999999999976
0.12599999999999767
0.04560000000000031
0.014200000000002433
0.1097999999999999
0.6022999999999996
0.32539999999999836
0.054400000000001114
0.09189999999999898
0.025600000000000733
0.10820000000000007
0.3202999999999996
0.10040000000000049
0.040800000000000836
0.4288999999999987
0.08709999999999951
0.16140000000000043
0.25659999999999883
0.4167000000000023
0.17139999999999844
0.12369999999999948
0.13450000000000273
0.3330999999999982
0.14480000000000004
0.20179999999999865
0.46750000000000114
0.09520000000000195
0.3943999999999974
0.17830000000000013
0.3155000000000001
0.051300000000001234
