0.060900000000000176
0.11118000000000006
0.0654899999999996
0.3019300000000005
0.1987299999999994
0.20009999999999994
0.08043000000000067
0.18862999999999985
0.18557999999999986
0.47158000000000033
0.11871999999999971
0.06951000000000018
0.32399999999999984
0.21792999999999996
0.023550000000000182
0.17980000000000018
0.18703999999999965
0.05722000000000094
0.11691999999999858
0.1972700000000014
0.1398899999999994
0.37496999999999936
0.18679999999999986
0.4440500000000007
0.5937800000000006
0.17878999999999934
0.5707299999999993
0.13020000000000032
0.8324800000000003
0.06156999999999968
0.19317000000000029
0.046929999999999694
0.028090000000000614
0.07484999999999964
0.16033000000000008
0.17697000000000074
0.33694999999999986
0.29872999999999905
0.04640000000000022
0.4099700000000013
0.3253199999999996
0.2148500000000002
0.06583000000000006
0.05205999999999911
0.11092999999999975
0.5180300000000013
0.38888999999999996
0.052949999999999164
0.1865199999999998
0.01133000000000095
0.2658499999999986
0.2326200000000025
0.07939999999999969
0.06606000000000023
0.3124899999999968
0.07707000000000264
0.2732399999999977
0.05864000000000047
0.20116000000000156
0.22806999999999888
0.3740300000000012
0.04624000000000095
0.6634299999999982
0.07687999999999917
0.13266000000000133
0.4959099999999985
0.026620000000001198
0.3459000000000003
0.16211999999999804
0.2661500000000032
0.6531599999999997
0.1292599999999986
0.027309999999999945
0.05138000000000176
0.3922399999999975
0.0449300000000008
0.6901900000000012
0.007490000000000663
0.16504999999999725
0.1666300000000014
0.13864999999999839
0.015550000000001063
0.07105999999999923
0.27646000000000015
0.2162600000000019
0.06015999999999977
0.1947599999999987
0.042540000000002465
0.9013599999999968
0.19727000000000317
0.077259999999999
0.0857600000000005
0.06671000000000049
0.0518599999999978
0.019059999999999633
0.07479000000000013
