0.043871000000000215
0.03867399999999943
0.009689999999999976
0.06790300000000027
0.3655900000000001
0.13649600000000017
0.28805299999999967
0.0300060000000002
0.006914000000000087
0.01330600000000004
0.029621999999999815
0.2118069999999994
0.18076300000000067
0.8214639999999997
0.1350150000000001
0.2220430000000002
0.07795499999999933
0.14910699999999988
0.41122800000000037
0.024689999999999657
0.5312549999999998
0.5037190000000002
0.1274689999999996
0.028999000000000663
0.4098740000000003
0.24042799999999964
0.08129500000000078
0.2205889999999986
0.19102300000000128
0.2896629999999991
0.10699100000000072
0.08599199999999918
0.04390500000000053
0.09139799999999987
0.2871290000000002
0.052033999999999025
0.1612650000000002
0.6942210000000006
0.012205999999999051
0.10403300000000115
0.3048749999999991
0.051001000000001184
0.05509499999999967
0.17417399999999894
0.12124299999999977
0.06432700000000047
0.05695700000000059
0.3632200000000001
0.37434499999999993
0.12474199999999946
0.21796499999999952
0.4005170000000007
0.044959000000000415
0.052227000000000245
0.13360099999999875
0.09106900000000095
1.3675680000000003
0.3041640000000001
0.3180729999999983
0.059637999999999636
0.3141110000000005
0.08521299999999954
0.28513200000000083
0.014945000000000874
0.08943400000000068
0.2202699999999993
0.05237999999999943
0.007487999999998607
0.40422000000000224
0.05705199999999877
0.07719499999999968
0.3094450000000002
0.04585300000000103
0.06895799999999852
0.13599900000000176
0.774595999999999
0.573011000000001
0.0756389999999989
0.5647120000000001
0.27128099999999833
0.3218140000000034
0.10257000000000005
0.08370399999999734
0.1767770000000013
0.14452400000000054
0.10444399999999732
0.055100000000003035
0.8507040000000003
0.03807999999999723
0.13164400000000143
0.0794019999999982
0.12182600000000221
0.08349499999999921
0.24369799999999842
0.3443000000000005
0.06344800000000106
0.0393340000000002
0.08875899999999959
0.05325099999999949
0.04665299999999917
