0.01895749999999996
0.05215600000000009
0.5469059999999999
0.13926999999999978
0.08988750000000056
0.23526049999999987
0.36128550000000015
0.07610899999999976
0.09404900000000005
0.4465564999999998
0.20233100000000004
0.008572500000000538
0.03436299999999992
0.22170850000000009
0.46107749999999914
0.07308850000000078
0.024815999999999505
0.1673670000000005
0.019979499999999817
0.11368949999999955
0.49312300000000064
0.012708999999999193
0.45314100000000046
0.3259255000000003
0.004893499999999662
0.3686089999999993
0.11097550000000034
0.09648699999999977
0.2362169999999999
0.08676149999999971
0.16094250000000088
0.17083650000000006
0.17001750000000015
0.2727000000000004
0.026090999999999198
0.25516449999999935
0.06715800000000094
0.07199250000000035
0.13558999999999877
0.05199300000000129
0.04990149999999893
0.21323399999999992
0.054001500000000036
0.09789350000000141
0.05268299999999826
0.2925410000000017
0.14283349999999828
0.009693000000000396
0.15778300000000023
0.07877599999999951
0.11160700000000112
0.20531699999999908
0.4279970000000013
0.4312004999999992
0.4800729999999991
0.061987000000000236
0.483349500000001
0.1548090000000002
0.07850799999999936
0.21496299999999913
0.12432500000000068
0.0703390000000006
0.07063849999999938
0.4595054999999988
0.23323949999999982
0.4228010000000033
0.15382399999999663
0.08440500000000029
0.12288600000000116
0.7063035000000006
0.15603450000000052
0.13713299999999862
0.11478400000000022
0.017726499999998424
0.060702500000001436
0.12419249999999948
0.24122949999999932
0.1745320000000028
0.8926509999999972
0.06127650000000173
0.29757749999999916
0.11013900000000021
0.21858650000000068
0.2337884999999993
0.017330499999999915
0.08190600000000003
0.06757999999999953
0.499525000000002
0.28770099999999843
0.14377899999999855
0.09436700000000187
0.05305350000000075
0.07228800000000035
0.22685599999999795
0.20538150000000144
0.24935699999999983
0.010096999999998246
0.4500050000000009
0.2791010000000007
0.07305949999999939
0.38160549999999915
0.29053400000000096
0.12032100000000057
0.30150599999999983
