0.051771000000000456
0.37506600000000034
0.050018999999999814
0.014573999999999643
0.020241000000000398
0.5102339999999996
0.02319899999999997
0.11152799999999985
0.011109000000000258
0.006752999999999787
0.21876300000000004
0.26833799999999997
0.18587700000000051
0.12087000000000003
0.3488129999999998
0.08178299999999972
0.5425500000000003
0.4927709999999994
0.26974500000000035
0.12360600000000055
0.12191699999999983
0.2654160000000001
0.10151999999999894
0.016836000000001405
0.029579999999999274
0.04505400000000037
0.38184299999999993
0.061026000000000025
0.5124960000000005
0.17165999999999926
0.1427429999999994
0.06673800000000085
0.3747209999999992
0.10799400000000148
0.5161559999999987
0.270150000000001
0.16153199999999934
0.2703030000000002
0.03903000000000034
0.4230389999999993
0.667821
0.14548500000000075
0.051401999999999504
0.018072000000000088
0.1203599999999998
0.24149700000000074
0.20458799999999933
0.11490000000000045
0.15104700000000015
0.22158600000000028
0.032513999999999044
0.272196000000001
0.26473199999999864
1.0367820000000023
0.24975299999999834
0.07451400000000064
0.035624999999999574
0.11508900000000111
0.020291999999997756
0.07018200000000263
0.13988999999999763
0.201747000000001
0.11713199999999802
0.20358000000000231
0.08597699999999975
0.14966700000000088
0.05209499999999778
0.016995000000001426
0.04033799999999843
0.02053200000000288
0.05985899999999944
0.2684129999999989
0.9535829999999983
0.3037920000000014
0.3941459999999992
0.8433390000000003
0.025344000000000477
0.0965910000000001
0.16404899999999856
0.4104300000000016
0.05045700000000153
0.18296699999999788
0.048114000000001766
0.03579299999999819
0.022719000000002154
0.10054499999999678
0.1200150000000022
0.20846699999999885
0.13908599999999893
0.3390480000000018
0.10491899999999887
0.12110400000000254
0.04366800000000026
0.05760299999999674
0.29494800000000154
0.25090199999999996
0.05534099999999853
0.03738000000000241
0.3227879999999992
0.2705219999999997
0.21557699999999969
0.06648900000000069
0.03167099999999934
0.06435000000000102
0.021965999999999042
