0.024884250000000385
0.08472349999999995
0.20478349999999956
0.02019850000000023
0.29754349999999974
0.013125250000000754
0.03692949999999939
0.0802795000000005
0.28491849999999985
0.41415950000000024
0.07136224999999996
0.5533069999999993
0.14337150000000065
0.26350499999999943
0.16055250000000054
0.10768675000000005
0.10252324999999995
0.03094699999999939
0.43424750000000056
0.1362255000000001
1.0086994999999987
0.3259552500000016
0.4447044999999985
0.3322155000000002
0.1958757500000008
0.3472049999999989
0.11708624999999984
0.3057727500000009
0.4739924999999996
0.5559582499999998
0.059509000000000256
0.051638249999999886
0.11744400000000077
0.3290657499999998
0.2601172500000004
0.041058249999998964
0.2338842500000009
0.0882404999999995
0.07991499999999974
0.16083650000000027
0.19364775000000023
0.03808399999999956
0.6624867499999993
0.4216925000000007
0.04302775000000025
0.7989449999999998
0.07703599999999966
0.09692774999999898
0.11880050000000253
0.08371324999999885
0.6437260000000009
0.6924874999999986
0.3502845000000008
0.1399499999999989
0.42548525000000126
0.24511125000000078
0.1926112499999988
0.16817199999999843
0.0928267500000004
0.025475750000001796
0.1528522499999987
0.035720000000001306
0.3344022500000001
0.2936452499999973
0.043734500000002896
0.07520500000000041
0.3623789999999971
0.09928100000000128
0.02984324999999899
0.2762309999999992
0.027370000000001227
0.13930875000000142
0.19161199999999923
0.010129249999998535
0.27796724999999967
0.32149775000000247
0.03731849999999781
0.11349600000000137
0.022135500000000974
0.3062369999999994
0.19126474999999843
0.06805100000000053
0.35933800000000105
0.02089199999999991
0.7688884999999992
0.27704675000000023
0.0356797499999999
0.04640750000000082
0.044886500000000495
0.2307869999999994
0.16778774999999868
