0.34645800000000015
0.48116249999999994
0.6355797499999998
0.1713830000000005
1.0710087499999998
0.3824849999999991
0.6876257500000005
0.3014709999999994
0.06749100000000041
0.062212500000001114
0.0906002499999996
0.07892149999999987
0.07088450000000002
0.15341950000000004
0.040180250000000584
0.43379424999999827
0.03893374999999999
0.35688550000000063
0.08915100000000109
0.10916374999999867
0.4950700000000001
0.17203325000000014
0.24428299999999936
0.11298200000000058
0.19245775000000087
0.14598624999999998
0.5206004999999987
0.051869749999999826
0.13433900000000065
0.06728249999999925
0.08548800000000156
0.3431784999999987
0.0822339999999997
0.08632600000000146
0.1087504999999993
0.24882700000000035
0.11453299999999977
0.0395367499999999
0.4170612499999997
0.1126547500000008
0.09016875000000013
0.058531999999999584
0.05348150000000018
0.21820649999999908
0.10485625000000098
0.43912274999999923
0.048170750000000595
0.013225750000000147
0.18415549999999925
0.11050374999999946
0.16042799999999957
0.2538095000000027
0.21593049999999891
0.2175830000000012
0.1438619999999986
0.12777674999999888
0.18557875000000124
0.1453547499999992
0.0635652499999999
0.09546450000000206
0.20138299999999987
0.13615149999999687
0.11570425000000029
0.043066750000001264
0.05937275000000142
0.07804024999999726
0.17191100000000148
0.04035950000000099
0.3008557500000002
0.07636875000000032
0.3256594999999969
0.05976675000000142
0.02251049999999921
0.026859999999999218
0.05384675000000172
0.016568500000001762
0.45979324999999704
0.007243500000001291
0.29659949999999924
0.14130725000000055
0.07361725000000163
0.16488524999999754
0.2105914999999996
0.20325174999999973
0.10110400000000297
0.29576899999999995
0.024862499999997567
0.360267750000002
0.029018250000000023
0.025228500000000764
0.10672624999999769
0.16025175000000047
0.08664650000000051
0.2721659999999986
0.2860692500000006
0.12202375000000032
1.1452360000000006
0.028706249999999045
0.23512099999999947
