0.09307469999999984
0.11390469999999997
0.26349160000000005
0.04203410000000041
0.06679549999999956
0.19344569999999983
0.04649540000000041
0.40050709999999956
0.13096430000000048
0.15151890000000012
0.032738799999999735
0.019368300000000005
0.11776289999999978
0.26598529999999965
0.5544503000000001
0.027457000000000065
0.10339149999999986
0.1498652000000007
0.16081479999999893
0.03287569999999995
0.1126206000000014
0.5975795999999995
0.5648864000000007
0.04770999999999859
0.7367433999999999
0.12880160000000096
0.25227920000000026
0.10757999999999868
0.023087700000001377
0.08207399999999865
0.09531139999999994
0.08937400000000117
0.11768499999999982
0.2094655000000003
0.49321599999999854
0.1083785000000006
0.1562570000000001
0.08492679999999986
0.18104669999999956
0.03175799999999995
0.17287210000000108
0.023738299999999768
0.5951819999999994
0.11741300000000088
0.3833611999999995
0.050177200000000255
0.6217828000000001
0.033201699999999335
0.02931470000000047
0.09398520000000055
0.4047678999999995
0.09306299999999901
0.3758487000000006
0.06956450000000025
0.08810030000000069
0.015771299999999044
0.3373582000000006
0.11970249999999893
0.2431687000000018
0.31831679999999807
0.14861120000000128
0.3643940000000008
0.0378407999999979
0.0803767999999998
0.5191580000000009
0.034028700000000356
0.16377609999999976
0.05117050000000134
0.11768419999999935
0.18223090000000042
0.17215969999999814
0.16306439999999967
0.08128579999999985
0.020993400000001827
0.17355380000000054
0.08539940000000001
0.01835299999999762
0.3652292999999993
0.016804100000001654
0.16818560000000105
0.16074139999999915
0.08845979999999898
0.10099939999999918
0.5919775999999999
0.5082771000000008
0.08700759999999974
0.0946838000000021
0.02496229999999855
0.23550009999999943
0.15506180000000214
0.5669199999999996
0.4002307999999992
0.1311345000000017
0.20193979999999812
0.06948940000000192
0.05534399999999806
0.31056429999999935
0.06258500000000211
0.2534043999999973
0.21766649999999998
0.03547220000000095
0.1313627000000004
0.35520130000000094
0.2678908999999976
