0.025000000000000355
0.03199999999999914
0.23300000000000054
0.006999999999999673
0.30299999999999994
0.10000000000000053
0.06899999999999995
0.258
0.1509999999999998
0.016000000000000014
0.04999999999999982
0.35000000000000053
0.4119999999999999
0.28500000000000014
0.0389999999999997
0.03500000000000014
0.1509999999999998
0.17100000000000026
0.22799999999999976
0.10999999999999943
0.09800000000000075
0.33999999999999986
0.009999999999999787
0.11500000000000021
0.12299999999999933
0.35599999999999987
0.021000000000000796
0.14100000000000001
0.16000000000000014
0.7530000000000001
0.17900000000000027
0.16499999999999915
0.09699999999999953
0.14400000000000013
0.10899999999999999
0.2599999999999998
0.031000000000000583
0.019000000000000128
0.057000000000000384
0.11899999999999977
0.11299999999999955
0.22799999999999976
0.14500000000000135
0.03799999999999848
0.16600000000000037
0.17400000000000126
0.04499999999999993
0.18900000000000006
0.1399999999999988
0.22900000000000098
0.02099999999999902
0.20300000000000118
0.03500000000000014
0.3349999999999991
0.15199999999999925
0.24200000000000088
0.14000000000000057
0.10899999999999999
0.022999999999999687
0.0600000000000005
0.07399999999999984
0.013999999999999346
0.11100000000000065
0.10799999999999876
0.1800000000000015
0.04699999999999882
0.07500000000000107
0.13399999999999856
0.05500000000000149
0.03999999999999915
0.058999999999999275
0.19400000000000084
0.0860000000000003
0.0909999999999993
0.0519999999999996
0.33800000000000097
0.21300000000000097
0.16499999999999915
0.04100000000000037
0.12899999999999778
0.1670000000000016
0.05799999999999983
0.1039999999999992
0.5680000000000014
0.06899999999999906
0.12399999999999878
0.030000000000001137
0.028999999999999915
0.15399999999999991
0.15900000000000247
0.597999999999999
0.2240000000000002
0.27399999999999736
0.6370000000000005
0.36100000000000065
0.18900000000000006
0.20899999999999963
0.13899999999999935
0.2950000000000017
0.0940000000000012
0.49099999999999966
0.054999999999999716
0.08299999999999841
0.13100000000000023
0.44200000000000017
0.10699999999999932
0.030000000000001137
0.05099999999999838
0.05100000000000193
0.06599999999999895
0.03500000000000014
0.021000000000000796
0.13100000000000023
0.04299999999999926
0.03500000000000014
0.1460000000000008
0.18900000000000006
0.44299999999999784
0.05600000000000094
0.08699999999999974
0.5450000000000017
0.028999999999999915
0.4710000000000001
0.04499999999999815
0.03300000000000125
0.2779999999999987
