0.034249750000000745
0.3144359999999997
0.08244124999999958
0.11575950000000024
0.14580500000000018
0.08926549999999978
0.44570699999999963
0.02195275000000052
0.02829399999999982
0.11658200000000019
0.13169949999999986
0.0102935000000004
0.15416699999999928
0.372236
0.18846324999999986
0.1859497500000007
0.027559499999999737
0.1787869999999998
0.06839100000000009
0.4639509999999998
0.015791500000000624
0.0846739999999997
0.06233124999999973
0.01904675000000111
0.01057349999999957
0.5898054999999989
0.23461125000000038
0.29940750000000094
0.11794499999999886
0.0375425000000007
0.02587525000000035
0.03037325000000024
0.11853824999999851
0.1343727500000007
0.11305950000000031
0.06839875000000006
0.35302100000000003
0.055348499999999135
0.11338925000000089
0.22296650000000007
0.10935699999999926
0.739919500000001
0.014429999999999055
0.4242670000000004
0.35145499999999963
0.47713824999999943
0.2949975000000009
0.1255147499999989
0.2367922500000006
0.031536499999999634
0.35293874999999986
0.2385022499999998
0.6059342500000007
0.017937749999999753
0.02117699999999978
0.38904225000000103
0.5007219999999997
0.08246524999999849
0.0834430000000026
0.15739525000000043
0.06436074999999875
0.21394224999999878
0.05703774999999922
0.11524849999999986
0.022323500000002383
0.24600949999999955
0.20319174999999845
0.1350192500000027
0.27465999999999724
0.4400700000000022
0.0455137499999978
0.025710500000002412
0.027728999999997228
0.10893625000000284
0.12177349999999976
0.029108999999998275
0.3634555000000006
0.18119499999999888
0.16652725000000146
0.6953764999999983
0.21390200000000092
0.15999724999999998
0.2049992500000002
0.0864882499999986
0.37887625000000114
0.32255125000000007
0.615435999999999
0.11924025000000071
0.06840850000000032
0.04826124999999948
0.3714390000000023
0.12497949999999847
0.25227600000000194
0.02271549999999678
0.3812125000000002
0.9628702500000017
0.13203024999999968
0.057771249999998275
0.046545000000001835
0.5033342499999982
0.09208725000000229
