0.04782000000000064
0.12162000000000006
0.04024999999999945
0.03308
0.07204000000000033
0.4923700000000002
0.025599999999999845
0.06679000000000013
0.05788999999999955
0.08131999999999984
0.1381200000000007
0.05501999999999985
0.010019999999999918
0.08143999999999973
0.7358400000000005
0.1307299999999998
0.07627000000000006
0.2987099999999998
0.2458500000000008
0.07892999999999972
0.06322999999999901
0.22281000000000084
0.1830499999999997
0.09956000000000031
0.013400000000000745
0.19120999999999988
0.22743000000000002
0.2631599999999992
0.5298499999999997
0.05338000000000065
0.19890000000000008
0.04171999999999976
0.08718999999999966
0.03734000000000037
0.03491999999999962
0.07753000000000121
0.19638999999999918
0.4187700000000003
0.09519000000000055
0.044159999999999755
0.08209999999999873
0.3309300000000004
0.51694
0.03369
0.051759999999999806
1.2578200000000006
0.05943000000000076
0.12302999999999997
0.10737999999999914
0.08328999999999986
0.1606500000000004
0.012340000000000018
0.18852000000000046
0.2482799999999994
0.038600000000000634
0.10988000000000042
0.06916999999999973
0.225579999999999
0.10536000000000101
0.38501999999999903
0.11910000000000132
0.37851000000000035
0.11308999999999969
0.07277999999999807
0.16881000000000057
0.01782000000000039
0.2060600000000008
0.013500000000000512
0.07954999999999757
0.4274000000000022
0.35368000000000066
0.6213799999999985
0.08637999999999835
0.4981300000000033
0.3808899999999973
0.2550200000000018
0.08176999999999879
0.21651999999999916
0.28489000000000075
0.03359999999999985
0.04484000000000066
0.3449799999999996
0.07553000000000054
0.02750999999999948
0.1552199999999999
0.021010000000000417
0.06029000000000195
0.2503399999999978
0.3519500000000022
0.09137999999999735
0.5531199999999998
0.29495000000000005
0.03205000000000169
0.28903000000000034
0.19727999999999923
0.04351000000000127
0.16237999999999886
0.08303000000000083
0.11899999999999977
0.041799999999998505
0.15978000000000137
0.10287999999999897
0.10620000000000118
0.03353999999999857
0.04157000000000011
0.4397599999999997
0.32657000000000025
0.07938000000000045
0.22361000000000075
0.06922000000000139
