0.4430930000000002
0.10854599999999959
0.07539549999999995
0.3143989999999999
0.19758750000000003
0.01909350000000032
0.23769750000000034
0.042697500000000055
0.4485494999999995
0.1255234999999999
1.0863330000000007
0.08424299999999896
0.31417350000000077
0.029217499999999674
0.10690100000000058
0.2708049999999993
0.11586300000000094
0.4739154999999986
0.09490850000000073
0.11402000000000001
0.5343749999999989
0.14414800000000128
0.02096949999999964
0.3889010000000006
0.11091849999999859
0.0825370000000003
0.24467000000000105
0.1706164999999995
0.18584399999999945
0.05081550000000057
0.03837500000000027
0.19938499999999948
0.03269550000000088
0.1446139999999989
0.09072549999999957
0.12139200000000017
0.6706655000000001
0.05813900000000061
0.10142950000000006
0.07943700000000042
0.22474349999999887
0.43187849999999983
0.09424900000000136
0.04181249999999892
0.07789449999999931
0.5762040000000006
0.48811850000000057
0.4766079999999988
0.04012200000000021
0.14720450000000085
0.03226549999999939
0.3603334999999994
0.16055300000000017
0.1598770000000016
0.018970499999998225
0.042310000000000514
0.12874250000000131
0.6985119999999974
0.2871660000000027
0.4953605000000003
0.23799899999999852
0.48233550000000136
0.021988499999999078
0.12230900000000133
0.23367549999999682
0.019629000000001895
0.1749724999999991
0.21383600000000058
0.0840999999999994
0.37153350000000174
0.023940499999998366
0.10150000000000148
0.13046549999999968
0.2736744999999985
0.09726399999999913
0.5075875000000032
0.1795759999999973
0.08831100000000092
0.012356000000000478
0.6951059999999991
0.03730600000000095
0.08766999999999925
0.147473999999999
0.2509735000000006
0.09412049999999894
0.11920950000000019
0.32261950000000184
0.10578599999999838
0.12741500000000272
0.01767549999999929
0.053235999999998285
0.21026400000000223
1.0672234999999972
