0.3459999999999992
0.008300000000000196
0.053600000000000314
0.19409999999999972
0.11350000000000016
0.02540000000000031
0.054199999999999804
0.30740000000000034
0.030199999999999783
0.18789999999999996
0.08619999999999983
0.013200000000000323
0.060399999999999565
0.10660000000000025
0.17330000000000023
0.2521999999999993
0.0127000000000006
0.15730000000000022
0.1645999999999992
0.05030000000000001
0.03990000000000027
0.25729999999999986
0.13140000000000018
0.20400000000000063
0.039699999999999847
0.05269999999999975
0.09759999999999991
0.04780000000000051
0.20459999999999923
0.023099999999999454
0.0686
0.12840000000000096
0.16610000000000014
0.17849999999999966
0.08050000000000068
0.3711000000000002
0.17139999999999844
0.16440000000000055
0.5420999999999996
0.07870000000000132
0.0973999999999986
0.2640000000000011
0.13819999999999943
0.34830000000000005
0.16880000000000095
0.030199999999998894
0.3994
0.33699999999999974
0.14740000000000109
0.042899999999999494
0.5145999999999997
0.2264999999999997
0.3097000000000012
0.25210000000000043
0.1628999999999987
0.1661999999999999
0.04039999999999999
0.03589999999999982
0.009400000000001185
0.03509999999999991
0.11989999999999945
0.02660000000000018
0.03340000000000032
0.226799999999999
0.20360000000000156
0.08499999999999908
0.1850000000000005
0.09050000000000047
0.29639999999999844
0.4446000000000012
0.10919999999999952
0.15469999999999828
0.017000000000003013
0.061899999999997846
0.10810000000000031
0.45860000000000056
0.2652000000000001
0.1457000000000015
0.03569999999999851
0.059499999999999886
0.09789999999999921
0.5273000000000003
0.05799999999999983
0.03340000000000032
0.35910000000000153
0.30549999999999855
0.12730000000000175
0.018599999999999284
0.5403999999999982
0.20800000000000196
0.5577000000000005
0.038000000000000256
0.04309999999999903
0.47039999999999793
0.15050000000000097
0.023500000000002075
0.04549999999999699
0.06550000000000011
0.12130000000000152
0.17909999999999826
0.21380000000000265
0.0037999999999982492
0.02909999999999968
0.13429999999999964
0.5114000000000019
0.1739999999999995
0.23359999999999914
0.025900000000000034
0.023400000000002308
0.49029999999999774
0.4136000000000024
0.08659999999999712
0.1238000000000028
0.16119999999999735
0.1357999999999997
0.3199000000000005
0.3133000000000017
0.09560000000000102
