0.04251000000000005
0.2926320000000002
0.8571749999999998
0.035658000000000634
0.80457
0.050336999999999854
0.1101839999999994
0.03623100000000079
0.006107999999999336
0.5802779999999998
0.0554010000000007
0.4248239999999992
0.03217500000000051
0.20175000000000054
0.011879999999999669
0.16029299999999935
0.01722300000000132
0.049574999999999037
0.23683499999999924
0.31989900000000127
0.011468999999999951
0.020607000000000042
0.01485300000000045
0.09221699999999977
0.15977099999999922
0.3350609999999996
0.2311620000000012
0.5115629999999989
0.3243840000000002
0.026250000000000995
0.1754219999999993
0.05857499999999938
0.11934000000000111
0.027563999999999922
0.04170899999999911
0.31156200000000034
0.03807600000000022
0.4100160000000006
0.21783600000000014
0.041675999999998936
0.08231100000000069
0.19485899999999923
0.24785400000000024
0.4600439999999999
0.07965000000000089
0.10617899999999914
0.0814319999999995
0.05990400000000129
0.31078199999999967
0.638496
0.3880169999999996
0.023270999999999376
0.015441000000000926
0.24745199999999912
0.16313700000000075
0.08723400000000048
0.09832199999999958
0.02861399999999925
0.20874300000000012
0.06883799999999951
0.5190330000000003
0.4297260000000023
0.024642000000000053
0.3352049999999984
0.03799199999999914
0.3039000000000023
0.20812199999999947
0.024525000000000574
0.503304
0.07922399999999996
0.01639499999999927
0.058085999999999416
0.0513779999999997
0.1456470000000003
0.5847359999999995
0.28359299999999976
0.16648500000000155
0.30175200000000046
0.09695099999999712
0.1576560000000029
0.15507899999999708
0.27535800000000066
0.06402600000000191
0.03932700000000011
0.36845699999999937
0.2455229999999986
0.13546499999999995
0.3364350000000016
0.14124299999999934
0.24209400000000159
0.4779059999999973
0.19635900000000106
0.13929900000000117
0.044643000000000654
0.4864619999999995
0.38652899999999946
0.13770900000000097
0.04340699999999842
0.09457499999999897
0.3118770000000026
0.06926699999999997
