0.6379957500000009
0.11391749999999945
0.5434147500000002
0.1268324999999999
0.11213024999999988
0.24510750000000048
0.7174019999999999
0.09839474999999975
0.11895074999999977
0.16488000000000014
0.17632575000000106
0.0572917499999992
0.09296774999999968
0.5661675000000006
0.3402742500000002
0.24996674999999868
0.23620125000000058
0.18290775000000004
0.026705250000000902
0.0691657499999998
0.2037779999999998
0.07692824999999992
0.60244125
0.24848399999999948
0.5252160000000003
0.21332100000000054
0.20610974999999954
0.23433374999999934
0.10568100000000058
0.09345899999999929
0.18113400000000013
0.28895100000000085
0.20026275000000027
0.03238649999999943
0.39657449999999983
0.21556574999999967
0.01078575000000015
0.048966000000000065
0.48163650000000047
0.034342499999999276
0.021820500000000465
0.17296649999999936
0.12061575000000069
0.2793442499999994
0.16980225000000004
0.25212075000000134
0.3484792499999987
0.05829675000000023
0.06754575000000074
0.031561500000000464
0.028252499999998903
0.04980824999999989
0.08181000000000083
0.07868249999999932
0.06976575000000196
0.12660975000000008
0.02374874999999932
0.1384875000000001
0.20803049999999956
0.8088907499999998
0.01143224999999859
0.08463599999999971
0.14762849999999972
0.5640120000000017
0.13876575000000102
0.07341225000000051
0.2986102499999994
0.09799874999999858
0.2208142500000001
0.11717700000000164
0.045995249999997156
0.5802360000000029
0.2810392499999992
0.6983122500000007
0.440306249999999
0.341675249999998
0.017206500000000347
0.2127119999999998
0.11256600000000105
0.16621424999999945
0.20349825000000266
0.069518249999998
0.4246920000000003
0.018213750000001028
0.6817274999999974
0.05800350000000165
0.031870500000000135
0.13233075000000127
0.009725999999997015
0.1187775000000002
0.1153125000000017
0.06424124999999847
0.44995725000000064
