0.04600000000000026
0.13400000000000034
0.19199999999999928
0.19900000000000073
0.21899999999999942
0.18400000000000016
0.07500000000000018
0.01699999999999946
0.018000000000000682
0.577
0.133
0.26900000000000013
0.08099999999999952
0.14500000000000046
0.637999999999999
0.0129999999999999
0.026000000000001577
0.13299999999999912
0.45700000000000074
0.21499999999999986
0.03599999999999959
0.03599999999999959
0.10299999999999976
0.03700000000000081
0.02999999999999936
0.009000000000000341
0.21799999999999997
0.08999999999999986
0.06799999999999962
0.15399999999999991
0.08800000000000097
0.24499999999999922
0.04300000000000104
0.15499999999999936
0.08399999999999963
0.23600000000000065
0.051000000000000156
0.2029999999999994
0.2740000000000009
0.3089999999999993
0.13899999999999935
0.017000000000001236
0.057000000000000384
0.05599999999999916
0.2680000000000007
0.08099999999999952
0.16000000000000014
0.21799999999999997
0.038000000000000256
0.12099999999999866
0.06300000000000061
0.028999999999999915
0.06700000000000017
0.47300000000000075
0.06400000000000006
0.18599999999999994
0.12099999999999866
0.1930000000000014
0.07699999999999996
0.03599999999999959
0.10800000000000054
0.27399999999999913
0.09999999999999964
0.2560000000000002
0.1349999999999998
0.15300000000000047
0.04899999999999949
0.13700000000000045
0.07499999999999929
0.1330000000000009
0.025000000000000355
0.038000000000000256
0.2259999999999991
0.17900000000000027
0.026999999999999247
0.0840000000000014
0.2469999999999981
0.8390000000000022
0.08399999999999963
0.14199999999999946
0.021000000000000796
0.02400000000000091
0.1339999999999968
0.3689999999999998
0.05100000000000193
0.13700000000000045
0.24599999999999866
0.10099999999999909
0.05700000000000216
0.09999999999999787
0.0400000000000027
0.1269999999999989
0.03999999999999915
0.07199999999999918
0.2640000000000029
0.10200000000000031
0.20399999999999707
0.32500000000000284
0.04899999999999949
0.3780000000000001
0.27099999999999724
0.24700000000000344
0.2629999999999981
0.08500000000000085
0.23000000000000043
0.05299999999999727
0.08800000000000097
0.06800000000000139
0.3689999999999998
0.21199999999999974
0.01699999999999946
0.1039999999999992
0.13600000000000279
0.41199999999999903
0.038999999999997925
0.13300000000000267
0.13400000000000034
0.06799999999999784
0.09799999999999898
0.4350000000000023
0.1319999999999979
0.09500000000000242
0.03999999999999915
0.26099999999999923
0.013000000000001677
0.23000000000000043
0.10499999999999687
0.04400000000000048
0.19500000000000028
0.08500000000000085
0.24899999999999878
