0.0559820000000002
0.4125559999999995
0.02846100000000007
0.07626199999999983
0.14987900000000032
0.49626199999999976
0.16717799999999983
0.0592410000000001
0.11992199999999986
0.06600800000000007
0.09203200000000056
0.5546829999999998
0.21170899999999993
0.6988409999999998
0.024705000000000865
0.3476139999999983
0.13284500000000143
0.09167799999999993
0.0721039999999995
0.31771499999999975
0.11403600000000047
0.09498299999999915
0.18003900000000073
0.06989300000000043
0.272081
0.23344499999999968
0.211627
0.07019200000000048
0.16296399999999878
0.02350700000000039
0.1682939999999995
0.06475000000000009
0.7120910000000009
0.013372999999999635
0.403435
0.4251199999999997
0.36884099999999975
0.2823190000000011
0.36444599999999916
0.20085199999999936
0.13065000000000104
0.01885099999999973
0.32881099999999996
0.20611599999999974
0.4389190000000003
0.10303099999999965
0.12215699999999963
0.4005350000000014
0.024976999999999805
0.18200899999999898
0.18258300000000105
0.649578
0.10459499999999977
0.0608550000000001
0.171284
0.0393340000000002
0.01125499999999846
0.10827700000000107
0.2638859999999994
0.04783899999999974
0.659362999999999
0.05363700000000193
0.013230000000000075
0.3773949999999999
0.034257000000000204
0.20142900000000097
0.23507699999999687
0.40119100000000074
0.20094699999999932
0.13179600000000136
0.24934100000000115
0.2087799999999973
0.09447899999999976
0.5543680000000002
0.08836200000000005
0.020467000000000013
0.07742900000000219
0.08835799999999949
0.22216299999999833
0.07618800000000192
0.1506059999999998
0.06162399999999835
0.08687000000000111
0.08828700000000111
0.5687829999999998
0.47641199999999984
0.383502
0.47312900000000013
0.3243369999999999
0.17014899999999855
0.08253900000000058
0.11493899999999968
0.43690400000000196
