0.36036
0.21145800000000037
0.2963009999999997
0.03630900000000015
0.0954959999999998
0.00926999999999989
0.2107380000000001
0.23243999999999954
0.38632500000000025
0.0750390000000003
0.12094800000000028
0.04931399999999986
0.11129099999999958
0.043242000000000225
0.13380300000000034
0.03834299999999935
0.11207400000000067
0.2819219999999998
0.6025919999999996
0.3552900000000001
0.11613900000000044
0.07488599999999934
0.25610400000000055
0.08283600000000035
0.25659299999999874
0.15177000000000085
0.01328099999999921
0.7344090000000012
0.37343100000000007
0.10161899999999946
0.5059799999999992
0.036768000000000356
0.6990119999999997
0.21335100000000118
0.0663929999999997
0.19714199999999948
0.0771090000000001
0.06706499999999949
0.11979900000000043
0.10257600000000089
0.27497099999999897
0.17596200000000017
0.005994000000001165
0.0829949999999986
0.03470100000000009
0.08524200000000093
0.12373799999999946
0.02986800000000045
0.025287000000000504
0.03659699999999866
0.37141800000000025
0.06657000000000046
0.14227799999999924
0.26933700000000016
0.17194800000000043
0.01857299999999995
0.06580499999999923
0.22739700000000163
0.4428089999999987
0.025859999999999772
0.1445129999999999
0.6026550000000004
0.1450320000000005
0.12329400000000135
0.06270899999999813
0.045714000000000254
0.1260210000000015
0.09510599999999769
0.01932299999999998
0.34287000000000134
0.11885699999999844
0.1077060000000003
0.22411200000000164
0.18030900000000116
0.30912899999999865
0.4112819999999999
0.1572180000000003
0.4044629999999998
0.20313300000000112
0.1893659999999997
0.14459699999999742
0.20795400000000086
0.5899169999999998
0.1738590000000002
0.27133500000000055
0.3892230000000012
0.1791029999999978
0.09387000000000256
0.1747109999999985
0.07848900000000114
0.535107
0.14603699999999975
0.09983099999999823
0.051579000000000264
0.004089000000000453
0.17516099999999923
0.07337400000000116
0.10638000000000147
0.15852899999999792
0.05398200000000131
0.18236100000000022
0.013127999999998252
0.19369800000000126
0.11386800000000008
0.03655200000000036
0.12599999999999767
0.180099000000002
0.02332799999999935
0.33289800000000014
0.14669699999999963
0.0592410000000001
