0.12740000000000062
0.18769999999999953
0.13620000000000054
0.013799999999999812
0.09619999999999962
0.43380000000000063
0.07319999999999993
0.05689999999999973
0.5987
0.14719999999999978
0.07500000000000018
0.2104999999999997
0.14810000000000034
0.054199999999999804
0.050400000000000666
0.07889999999999997
0.4101999999999997
0.11519999999999975
0.1607000000000003
0.11319999999999908
0.08810000000000073
0.08329999999999949
0.18410000000000082
0.23059999999999903
0.008100000000000662
0.1844999999999999
0.019999999999999574
0.07340000000000124
0.12180000000000035
0.06769999999999854
0.029100000000001458
0.21359999999999957
0.12069999999999936
0.07350000000000101
0.327399999999999
0.040300000000000225
0.40249999999999986
0.14429999999999943
0.32480000000000153
0.05239999999999867
0.2306000000000008
0.5501000000000005
0.2115999999999989
0.0362000000000009
0.12149999999999928
0.2102000000000004
0.10040000000000049
0.03880000000000017
0.050799999999998846
0.26890000000000036
0.3943999999999992
0.08280000000000065
0.04320000000000057
0.03819999999999979
0.026299999999999102
0.014700000000001268
0.21059999999999945
0.16890000000000072
0.39029999999999987
0.23139999999999894
0.1031000000000013
0.062099999999999156
0.10670000000000002
0.09740000000000038
0.18629999999999924
0.15670000000000073
0.06329999999999991
0.3736999999999995
0.10709999999999908
0.0771000000000015
0.0359000000000016
0.061299999999999244
0.5902999999999992
0.4377999999999993
0.27220000000000155
0.1205999999999996
0.059899999999998954
0.34029999999999916
0.14670000000000272
0.3252999999999986
0.054700000000000415
0.09410000000000096
0.07089999999999819
0.04609999999999914
0.1311
0.08680000000000021
0.24600000000000222
0.685299999999998
0.025300000000001432
0.0782999999999987
0.010200000000001097
0.9214999999999982
0.05310000000000059
0.14809999999999945
0.04230000000000089
0.14369999999999905
0.45860000000000056
0.08590000000000231
0.10099999999999909
0.47850000000000037
0.28759999999999764
0.11380000000000123
0.15760000000000218
0.328599999999998
0.04960000000000164
0.21699999999999875
0.02009999999999934
0.056400000000000006
0.04860000000000042
0.16939999999999955
0.2120999999999995
0.17859999999999943
0.08230000000000004
0.20120000000000005
