0.1509999999999998
0.07699999999999996
0.2140000000000004
0.08699999999999974
0.04499999999999993
0.14300000000000068
0.026999999999999247
0.0420000000000007
0.5499999999999998
0.1719999999999997
0.03000000000000025
0.19299999999999962
0.4320000000000004
0.06299999999999972
0.03000000000000025
0.06400000000000006
0.05900000000000016
0.10699999999999932
0.03000000000000025
0.07500000000000018
0.11299999999999955
0.15800000000000036
0.06799999999999962
0.1540000000000008
0.4429999999999996
0.04800000000000004
0.19299999999999962
0.05600000000000094
0.03200000000000003
0.3349999999999991
0.16600000000000037
0.04299999999999926
0.24400000000000155
0.023999999999999133
0.1490000000000009
0.34199999999999875
0.20199999999999996
0.1460000000000008
0.8339999999999996
0.13000000000000078
0.09499999999999886
0.057000000000000384
0.3719999999999999
0.02999999999999936
0.062000000000001165
0.41199999999999903
0.02400000000000091
0.1399999999999988
0.0730000000000004
0.040000000000000924
0.4789999999999992
0.20500000000000007
0.012000000000000455
0.12899999999999956
0.05600000000000094
0.07399999999999984
0.2469999999999999
0.4599999999999991
0.13900000000000112
0.16799999999999926
0.05000000000000071
0.11999999999999922
0.20199999999999996
0.0129999999999999
0.021000000000000796
0.21199999999999974
0.2840000000000007
0.01699999999999946
0.2129999999999992
0.3100000000000023
0.32099999999999795
0.10900000000000176
0.038000000000000256
0.038999999999997925
0.10200000000000031
0.33399999999999963
0.03200000000000003
0.3539999999999992
0.2190000000000012
0.1700000000000017
0.1999999999999993
0.027999999999998693
0.062000000000001165
0.07699999999999818
0.6360000000000028
0.054999999999999716
0.01799999999999713
0.05600000000000094
0.03399999999999892
0.0990000000000002
0.3000000000000007
0.06899999999999906
0.12300000000000111
0.7680000000000007
0.10899999999999821
0.18400000000000105
0.08999999999999986
0.045999999999999375
0.2270000000000003
0.19500000000000028
0.07900000000000063
0.28000000000000114
0.12299999999999756
0.054999999999999716
0.36400000000000077
0.07900000000000063
0.5800000000000018
0.01799999999999713
0.33100000000000307
0.14499999999999957
0.12099999999999866
0.03399999999999892
0.0779999999999994
0.010000000000001563
0.05699999999999861
0.4540000000000006
0.09500000000000242
0.047999999999998266
0.18400000000000105
0.5079999999999991
