0.014396999999999771
0.12488700000000019
0.38694000000000006
0.3015780000000001
0.09636299999999931
0.014625000000000554
0.02610599999999952
0.08140800000000059
0.02457900000000013
0.46786199999999933
0.053322000000000536
0.04624499999999987
0.07475399999999954
0.11013000000000073
0.04546799999999962
0.4059600000000003
0.2130989999999997
0.3140849999999995
0.013037999999999883
0.03514499999999998
0.14034000000000013
0.15917400000000015
0.5450940000000006
0.03819000000000017
0.02673899999999918
0.632892
0.13193700000000064
0.0555570000000003
0.13155599999999978
0.17791800000000002
0.06663599999999903
0.08230800000000116
0.2515919999999987
0.793113
0.06985799999999998
0.05199000000000176
0.2230679999999996
0.4015709999999988
0.03686700000000087
0.38630999999999993
0.1161929999999991
0.09866100000000166
0.1566749999999999
0.07961999999999847
0.022737000000001117
0.30602099999999943
0.3630180000000003
0.06523499999999949
0.009021000000000612
0.022311000000000192
0.23057999999999979
0.013379999999999725
0.029325000000000045
0.22823100000000096
0.03414299999999848
0.5261580000000006
0.12080100000000016
0.4925910000000009
0.03943199999999969
0.14123700000000028
0.23821199999999898
0.731387999999999
0.1601820000000025
0.3034379999999999
0.220838999999998
0.15578700000000012
0.07667400000000058
0.7759350000000005
0.024591000000000918
0.43187700000000007
0.7319549999999992
0.36625199999999936
0.2493930000000013
0.20249099999999842
0.07386599999999888
0.06545100000000303
0.2909429999999986
0.019092000000000553
0.008952000000000737
0.13180199999999687
0.5576130000000035
0.18409499999999923
0.3417209999999997
0.062051999999997776
0.32005800000000306
0.028970999999998526
0.24399899999999874
0.04493400000000136
0.07506599999999963
0.11400599999999983
0.45693299999999937
0.17199000000000098
0.2114040000000017
0.417033
0.2416710000000002
0.010583999999997928
0.38918999999999926
0.27953700000000126
