0.1796730000000002
0.08183700000000016
0.05186699999999966
0.14638500000000043
0.19275299999999973
0.18597899999999967
0.04691100000000059
0.24074099999999987
0.05657099999999993
0.07217399999999952
0.11117100000000057
0.17106599999999972
0.05620500000000028
0.21785999999999994
0.05303699999999978
0.08660400000000035
0.06654900000000019
0.0854399999999993
0.5077500000000006
0.3184529999999999
0.33363299999999896
0.09975300000000153
0.3304019999999994
0.21283200000000058
0.030197999999998615
0.12392100000000106
0.0761939999999992
0.17243100000000133
0.21424500000000002
0.04763099999999909
0.05734799999999929
0.09115500000000054
0.11997599999999942
0.14325900000000047
0.06126900000000113
0.09522899999999979
0.03963599999999978
0.006098999999998966
0.028782000000001418
0.27077999999999847
0.025926000000000116
0.04100999999999999
0.19590300000000127
0.0795180000000002
0.1454159999999991
0.264621
0.09114600000000017
0.1561079999999997
0.2289930000000009
0.02733299999999872
0.10224600000000095
0.04691700000000054
0.010211999999999222
0.04362599999999972
0.15823199999999993
0.21931499999999993
0.012456000000000245
0.1883669999999995
0.0940170000000009
0.2594940000000001
0.12243299999999913
0.02583599999999997
0.07487400000000122
0.15931799999999896
0.4904640000000011
0.1868850000000002
0.2635649999999998
0.6005849999999988
0.19064999999999976
0.09124200000000116
0.017270999999999148
0.07032599999999967
0.05340900000000026
0.2025030000000001
0.49497000000000035
0.1342529999999993
0.07233599999999996
0.06119999999999948
0.04569000000000045
0.07076700000000002
0.1168350000000018
0.03488399999999814
0.22360199999999963
0.3136080000000021
0.19169699999999779
0.04647900000000149
0.20182199999999995
0.11461500000000058
0.1685370000000006
0.07601099999999761
0.08515500000000031
0.17119500000000087
0.02261100000000127
0.31109099999999756
0.16561800000000204
0.0218430000000005
0.3559139999999985
0.025383000000001488
0.01776299999999864
0.07013099999999994
0.28690500000000085
0.14472599999999858
0.013431000000000637
0.016956000000000415
0.06452099999999916
0.06086700000000178
0.030014999999998793
0.13601999999999848
0.10762800000000183
0.08635500000000107
0.06573599999999757
0.5178480000000008
0.057947999999999666
0.37702799999999925
0.023034000000002663
0.24830699999999695
0.112008000000003
0.39299399999999807
0.04249500000000239
0.07781999999999911
0.05258999999999858
0.037037999999999016
0.7268640000000026
0.018183000000000504
0.09398399999999896
0.12761400000000123
0.13067999999999813
0.007446000000001618
0.11420399999999731
0.411876000000003
0.17528399999999777
0.22623899999999963
0.2574450000000006
0.08125800000000183
0.16548299999999827
0.1893899999999995
