0.5545
0.15549999999999997
0.32010000000000005
0.5045999999999999
0.1629000000000005
0.037499999999999645
0.2526999999999999
0.3758999999999997
0.28049999999999997
0.013700000000000045
0.17840000000000078
0.2845000000000004
0.050499999999999545
0.024899999999998812
0.23140000000000072
0.022700000000000387
0.0367999999999995
0.49540000000000006
0.04840000000000089
0.02949999999999875
0.4225000000000012
0.13289999999999935
0.18130000000000024
0.014099999999999113
0.15010000000000012
0.027499999999999858
0.33450000000000024
0.05719999999999992
0.04690000000000083
0.5163999999999991
0.21920000000000073
0.07699999999999996
0.023600000000000065
0.08430000000000071
0.1745000000000001
0.06109999999999971
0.08519999999999861
0.019600000000000506
0.5114999999999998
0.41690000000000005
0.16389999999999993
0.24160000000000004
0.09740000000000038
0.4285999999999994
0.13750000000000107
0.009599999999998943
0.07190000000000119
0.27120000000000033
0.27609999999999957
0.3920999999999992
0.15520000000000067
0.29800000000000004
0.22920000000000051
0.3160999999999987
0.04400000000000048
0.5670000000000002
0.057800000000000296
0.1189
0.1366000000000014
0.25879999999999725
0.059499999999999886
0.04420000000000002
0.19229999999999947
0.23820000000000263
0.03059999999999974
0.0633999999999979
0.1623000000000019
0.11499999999999844
0.2845000000000013
0.13060000000000116
0.09849999999999781
0.2555000000000014
0.06530000000000058
0.6131999999999991
0.05249999999999844
0.06290000000000262
0.5804999999999971
0.30510000000000304
0.052199999999999136
0.129999999999999
0.09130000000000038
0.17650000000000077
0.17820000000000036
0.03159999999999741
0.07750000000000057
0.09650000000000247
0.11549999999999727
0.06610000000000227
0.3260000000000005
0.21359999999999957
0.07669999999999888
0.39280000000000115
0.2370999999999981
0.014700000000001268
0.22250000000000014
0.8288000000000011
0.47779999999999845
0.13129999999999953
0.21100000000000207
0.2959999999999994
0.2085000000000008
0.024699999999999278
