0.0564133
0.6336903999999999
0.12461850000000041
0.07017799999999941
0.09920980000000057
0.007346799999999654
0.17671219999999987
0.20045340000000067
0.28369920000000004
0.4391387999999994
0.0162488999999999
0.10342750000000045
0.16599319999999995
0.27361279999999955
0.19937700000000014
0.22871940000000013
0.17507349999999988
0.24960749999999976
0.060914699999999655
0.13825540000000025
0.12431010000000065
0.21642710000000065
0.12851579999999885
0.035160400000000536
0.24968699999999977
0.1516713000000003
0.1232382999999988
0.008242200000001532
0.15109719999999882
0.08155130000000099
0.030096499999999082
0.02968919999999997
0.19650260000000053
0.10299960000000041
0.22294079999999994
0.1853505000000002
0.12733949999999972
0.27127769999999884
0.12559910000000052
0.6431921000000003
0.1417666000000004
0.5740385999999997
0.05449579999999976
0.09700869999999995
0.4151229000000001
0.0524445999999994
0.0800964000000004
0.5256816000000004
0.31767759999999967
0.043275599999999415
0.6047536000000004
0.19783660000000047
0.4297272999999997
0.18024800000000063
0.8472468999999982
0.14150350000000245
0.056692599999998095
0.054497999999998825
0.5696129000000028
0.14413589999999843
0.563752700000002
0.2179961999999982
0.0738310999999996
0.17694660000000084
0.13492079999999973
0.23272289999999884
0.18465120000000113
0.10444659999999928
0.21499120000000005
0.17261399999999938
0.04123840000000101
0.4352386999999993
0.7646596000000017
0.02279490000000095
0.2534938999999987
0.11380760000000123
0.07358149999999952
0.05237939999999952
0.14834429999999799
0.04366850000000255
0.14652169999999742
0.11530760000000129
0.11402670000000015
0.5680225000000014
0.10539119999999969
0.2759609999999988
0.021061199999998337
0.48030600000000234
0.4680891999999979
0.33814980000000006
0.12493880000000246
0.20805460000000053
0.28402829999999923
0.01203609999999955
