0.021638900000000127
0.03644239999999943
0.10920899999999989
0.13921450000000046
0.0661915999999998
0.030915700000000434
0.5254528999999994
0.3100244999999999
0.044933000000000334
0.4538544
0.11791459999999976
0.37438600000000033
0.09984329999999986
0.7928290999999996
0.16380520000000054
0.17166570000000014
0.3555078999999992
0.08684039999999982
0.24964480000000044
0.007362499999999272
0.12141410000000086
0.06285899999999955
0.2626153000000002
0.1672785000000001
0.6094370999999992
0.17711270000000034
0.2583447999999997
0.0749759000000001
0.08957950000000103
0.5696757999999988
0.19946260000000038
0.3574356999999999
0.17765800000000098
0.06310229999999883
0.12934249999999992
0.12196609999999986
0.08232510000000026
0.0420486000000011
0.36474839999999986
0.2351492000000004
0.03709139999999955
0.13855719999999927
0.20701590000000003
0.43054530000000035
0.1952613000000003
0.20384089999999944
0.1938139999999997
0.09243060000000014
0.49134740000000043
0.3558512999999994
0.5197775999999994
0.17493220000000065
0.2800949000000017
0.3383880999999995
0.2549463000000003
0.03206739999999897
0.07085560000000157
0.01333609999999652
0.4120572000000031
0.021808199999998834
0.009607899999998892
0.024347600000002245
0.17373469999999713
0.45574320000000057
0.26012070000000165
0.06101590000000101
0.028419199999998312
0.14248410000000078
0.026055799999998186
0.05384689999999992
0.05928289999999947
0.08116950000000145
0.12124269999999981
0.010632399999998654
0.16031830000000014
0.08274390000000054
0.03462900000000246
0.6605467999999988
0.13482079999999996
0.3267264999999995
0.1749603999999998
0.040174900000000235
0.10260140000000106
0.7036105999999975
0.09671650000000298
0.333192099999998
0.3498404000000015
0.26686300000000074
0.054205899999999474
0.1867163000000005
0.13495149999999967
0.07459459999999751
0.05780260000000226
0.024227899999999636
0.027840899999997504
0.4827154
0.09370800000000301
0.11770459999999972
0.01978910000000056
0.08731209999999834
0.03646180000000143
