0.16133099999999967
0.20079750000000018
0.11921849999999967
0.27604125000000046
0.34919924999999985
0.11818874999999984
0.2930167500000005
0.3036877499999999
0.7507544999999993
0.4675110000000009
0.03681674999999984
0.16012800000000027
0.3975104999999992
0.2219055000000001
0.10770525000000042
0.7994347499999996
0.10438350000000085
0.04517174999999973
0.03602399999999939
0.17936249999999987
0.1867920000000005
0.015668249999999162
0.1263007500000004
0.8491800000000005
0.20411625000000022
0.5862540000000003
0.12884849999999837
0.08901525000000099
0.2572364999999994
0.012833249999999907
0.010508250000000885
0.4621169999999992
0.05550000000000033
0.028859250000000003
0.20140650000000093
0.04059974999999838
1.1585460000000012
0.4933589999999999
0.3264119999999995
0.16776899999999983
0.42087074999999885
0.03491700000000009
0.12437100000000001
0.07853400000000121
0.03204224999999994
0.08758424999999903
0.0886470000000017
0.4622579999999985
0.2751487499999996
0.4676670000000023
0.0912982499999977
0.019434000000000395
0.009776999999999703
0.0908130000000007
0.08816550000000234
0.028997249999999752
0.4630372499999993
0.3825322500000006
0.07451624999999851
0.15536325000000062
0.022007250000001477
0.025853999999998933
0.24849524999999772
0.018081000000002234
0.021701999999997668
0.7863667500000027
0.19922624999999883
0.06371474999999904
0.07395225000000138
0.03224699999999814
0.04163625000000337
0.21020549999999716
0.07226999999999961
0.06493275000000054
0.051649499999999904
0.27827025000000205
0.1428517499999984
0.3222187500000011
0.3174165000000002
0.07619400000000098
0.23500199999999793
0.3104955000000018
0.121694999999999
0.15752025000000103
0.10203599999999824
0.060090750000000526
0.1530382500000016
0.03654599999999775
0.0421440000000004
0.03946799999999939
0.04583175000000139
0.09564974999999976
0.19301550000000134
0.17703074999999657
0.025788000000002143
0.03128024999999823
0.068737500000001
0.0908654999999996
0.031137749999999187
0.7326937500000028
