0.3939779999999997
0.1735199999999999
0.10843200000000053
0.5579130000000001
0.059132999999999214
0.17072100000000034
0.10467600000000044
0.32141399999999987
0.021143999999999608
0.05617500000000053
0.4570829999999999
0.020664000000000016
0.04706099999999935
0.5846700000000009
0.2505209999999991
0.568938000000001
0.13759499999999925
0.12210600000000049
0.35642700000000005
0.18420300000000012
0.04495799999999939
0.03125099999999925
0.09810900000000089
0.035795999999999495
0.07874400000000037
0.3308070000000001
0.8357759999999992
0.310473
0.1290180000000003
0.1727880000000006
0.29809799999999953
0.09908700000000081
0.17744099999999996
0.036758999999999986
0.12589200000000034
0.281744999999999
0.05945400000000056
0.06257699999999922
0.23135399999999962
0.02835000000000143
0.05046600000000012
0.21761699999999884
0.050076000000000676
0.5462729999999993
0.012294000000000693
0.14020200000000038
0.5345129999999987
0.0386640000000007
0.1469579999999997
0.0397829999999999
0.17868300000000126
0.21871799999999908
0.01652699999999996
0.31265699999999974
0.36712200000000195
0.04973399999999728
0.10319100000000248
0.039356999999998976
0.13503299999999996
0.2367750000000015
0.0864629999999984
0.18018599999999907
0.0407490000000017
0.06585600000000014
0.34961999999999804
0.16081800000000257
0.4395389999999999
0.22717499999999902
0.34968299999999886
0.0339330000000011
0.32631299999999896
0.39591899999999924
0.009519000000000943
0.0945689999999999
0.06801600000000008
0.24018600000000134
0.32842199999999977
0.05443499999999801
0.332649
0.032097000000000264
0.12005399999999966
0.2602080000000022
0.22490099999999913
0.22708199999999934
0.007872000000002544
0.604970999999999
0.14717699999999923
0.3406349999999989
0.38624400000000136
0.12075899999999962
0.20703299999999913
0.033803999999999945
0.13534800000000047
0.208124999999999
0.1599630000000012
0.32066700000000026
0.15437100000000115
0.08629499999999979
0.09075599999999895
