0.18989025000000037
0.3175650000000001
0.06087825000000002
0.03123975000000012
0.03856649999999995
0.037923750000000034
0.4224614999999998
0.13769549999999953
0.14469825000000025
0.08723025000000018
0.19564200000000032
0.239433
0.15747525000000007
0.04117499999999996
0.056849999999999845
0.6069329999999997
0.02941500000000019
0.04811925000000006
0.2263725000000001
0.21927149999999962
0.1734832500000003
0.6796185000000001
0.31743524999999906
0.09238500000000016
0.18525525000000087
0.08747624999999992
0.3377429999999997
0.1604100000000006
0.11934224999999898
0.09968025000000047
0.04171799999999948
0.27439050000000087
0.6092227499999989
0.1579567500000003
0.05655825000000014
0.1663844999999995
0.1354942500000007
0.22758074999999955
0.3110910000000011
0.3859754999999989
0.41116050000000115
0.03344324999999948
0.005744999999999223
0.028629750000000342
0.06088950000000004
0.21490275000000025
0.06655499999999925
0.17558849999999993
0.4959555000000009
0.19843350000000015
0.36160199999999953
0.020258249999999478
0.1108425000000004
0.017517749999999666
0.09459375000000136
0.30180599999999913
0.16433549999999997
0.5599207500000016
0.0748724999999979
0.2030309999999993
0.10833525000000321
0.026557499999999123
0.22911974999999885
0.0707032500000011
0.2404004999999998
0.11624774999999943
0.10513574999999875
0.01837200000000294
0.41205599999999976
0.11288699999999707
0.03801525000000083
0.02062725000000043
0.30693000000000126
0.2992530000000002
0.4130970000000005
0.4466917499999994
0.09294674999999941
0.42787574999999833
0.12193575000000223
0.017765250000000066
0.24687674999999842
0.09459899999999877
0.5941710000000029
0.06798524999999955
0.13920449999999818
0.35446050000000184
0.10993949999999941
0.1621875000000017
0.22376774999999682
0.1357500000000016
0.40152374999999907
0.12542475000000053
0.016316249999999144
0.27919350000000165
0.08806574999999839
0.37953150000000235
0.32284649999999715
0.1896562500000023
0.08187299999999809
0.37156200000000084
0.04773825000000187
0.024839249999999424
0.23071350000000024
