0.2132259999999997
0.936153
0.03324000000000016
0.05742099999999972
0.3030929999999996
0.022165000000000212
0.33049899999999965
1.265353000000001
0.03802400000000006
0.030882999999999328
0.22821300000000022
0.16948799999999942
0.11143900000000073
0.08220700000000036
0.23083899999999957
0.38966299999999876
0.09644300000000072
0.1800689999999996
0.13140500000000088
0.09008599999999944
0.10801200000000044
0.012275999999999954
0.1410619999999998
1.2747989999999998
0.1977569999999993
0.43962500000000126
0.040008000000000266
0.15294799999999853
0.02974400000000088
0.34681100000000065
0.05666599999999988
0.426931999999999
0.09677199999999964
0.07602500000000134
0.14562199999999947
0.16089599999999926
0.3662369999999999
0.2611680000000014
0.06963099999999933
0.2913949999999996
0.0491539999999997
0.15809400000000018
0.02044099999999993
0.09277100000000083
0.44440799999999925
0.31862800000000036
0.01930699999999952
0.9052340000000019
0.15614199999999911
0.08021799999999857
0.35335099999999997
0.1633090000000017
0.4054380000000002
0.3262219999999978
0.1274809999999995
0.21858000000000288
0.09433199999999786
0.03907700000000247
0.08919399999999911
0.07087299999999885
0.0687749999999987
0.035275000000002166
0.30860299999999796
0.0911110000000015
0.2713140000000003
0.5772849999999998
0.055621999999999616
0.07565100000000058
0.3012580000000007
1.1941539999999975
0.06647700000000256
0.0884869999999971
0.10637200000000036
0.06190700000000149
0.08217300000000094
0.1492319999999978
0.06557100000000204
0.1267259999999979
0.03689600000000226
0.05382099999999923
0.04886099999999871
0.17212100000000063
0.1639109999999988
0.09740000000000038
0.04417800000000227
0.0940519999999978
0.5437830000000012
0.17856300000000047
0.014921000000001072
0.03661999999999921
0.08412500000000023
0.2649170000000005
0.10812299999999908
0.07864799999999761
0.11744900000000058
