0.06547000000000036
0.2646600000000001
0.2288800000000002
0.014419999999999433
0.11392000000000024
0.04579999999999984
0.22506000000000004
0.06024000000000029
0.2581199999999999
0.05783000000000005
0.3167100000000005
0.1998199999999999
0.38389000000000006
0.09849999999999959
0.18027000000000015
0.11033999999999988
0.4924900000000001
0.028349999999999653
0.12941000000000003
0.17178999999999967
0.15405000000000157
0.06538999999999895
0.5988299999999995
0.4249900000000011
0.42013999999999996
0.30805999999999933
0.012489999999999668
0.07859000000000016
0.0789200000000001
0.0975400000000004
0.06906000000000034
0.3147500000000001
0.4811999999999994
0.13024000000000058
0.02876000000000012
0.0321599999999993
0.06975000000000087
0.18671999999999933
0.11533999999999978
0.013840000000000074
0.08237000000000094
0.023419999999999774
0.33558999999999983
0.10321000000000069
0.5569199999999999
0.2818499999999986
0.2850300000000008
0.18868999999999936
0.07101000000000113
0.07793000000000028
0.06228999999999907
0.7786100000000005
0.09405999999999892
0.019320000000000448
0.0343700000000009
0.11135999999999946
1.0998399999999986
0.45500000000000185
0.24540999999999968
0.1311
0.15847000000000122
0.16122000000000014
0.15645999999999916
0.14771999999999963
0.5903300000000016
0.02581999999999951
0.06969999999999743
0.05992000000000175
0.04469999999999885
0.06806000000000267
0.20777999999999963
0.05489000000000033
0.34790999999999883
0.22801000000000116
0.24946999999999875
0.18022999999999811
0.00730000000000075
0.06879999999999953
0.40704000000000207
0.43995999999999924
0.04811000000000121
0.7233599999999996
0.14907999999999788
0.5680800000000019
0.20897000000000077
0.011070000000000135
0.07460999999999984
0.2800399999999996
0.1266999999999996
0.37221999999999866
0.13169000000000253
0.1806599999999996
0.028369999999998896
0.3169000000000004
0.022149999999999892
0.015170000000001238
0.02056999999999931
0.5780199999999986
0.03780000000000072
0.1302500000000002
