0.033649999999999736
0.03556999999999988
0.4174300000000004
0.15519999999999978
0.16298000000000012
0.07613999999999965
0.4163300000000003
0.15108999999999995
0.13285000000000036
0.13471999999999973
0.6758500000000005
0.05351999999999979
0.33980999999999995
0.2930300000000008
0.31970999999999883
0.10481000000000051
0.5161099999999994
0.18475000000000108
0.05180000000000007
0.37143000000000015
0.10886999999999958
0.8871099999999998
0.10856000000000066
0.20644999999999847
0.17885000000000062
0.16052
0.12829999999999941
0.21183000000000085
0.2381600000000006
0.09640999999999877
0.18898000000000081
0.39920000000000044
0.13985999999999876
0.4473300000000009
0.139149999999999
0.13828000000000173
0.34797999999999973
0.08291000000000004
0.04003999999999941
0.17941000000000074
0.10963999999999885
0.11307000000000045
0.017720000000000624
0.1487299999999987
0.17698000000000036
0.19786000000000037
0.023239999999999483
0.2518400000000014
0.16915999999999976
0.15247999999999884
0.42888000000000126
0.020659999999999457
0.9868999999999986
0.11474000000000117
0.10027000000000186
0.32299999999999685
0.2166300000000021
0.08840000000000003
0.02423999999999893
0.11344000000000065
0.2629899999999985
0.009210000000003049
0.1909599999999969
0.7260900000000028
0.10436999999999941
0.07351999999999848
0.21072000000000202
0.49047999999999803
0.10951000000000022
0.09980000000000189
0.2247899999999987
0.2951200000000007
0.21502999999999872
0.31717000000000084
0.16766000000000147
0.04281999999999897
0.09361999999999782
0.27434000000000225
0.5920799999999993
0.011189999999999145
0.6833200000000019
0.27786000000000044
0.035949999999999704
0.13108000000000075
0.02027000000000001
0.11396999999999835
0.6002299999999998
0.09130000000000038
0.18478999999999957
0.13825999999999894
0.15422000000000224
