0.21311210000000003
0.11614310000000039
0.03520720000000033
0.047368299999999586
0.07097399999999965
0.03214440000000085
0.11763069999999942
0.38322630000000046
0.13271549999999976
0.23979019999999984
0.044032800000000094
0.10470790000000019
0.20141149999999985
0.29081389999999985
0.24139010000000027
0.12563410000000008
0.16531830000000003
0.07979199999999942
0.5219191000000007
0.6189447999999995
0.2863901000000002
0.25913779999999953
0.6335645000000003
0.05720129999999912
0.42243850000000016
0.3274801000000007
0.23321660000000044
1.9911975999999996
0.3329065
0.070746999999999
0.061969100000000665
0.02727259999999987
0.21148529999999965
0.1445646000000007
0.24394389999999966
0.1854142000000003
0.4825728999999992
0.1206548000000005
0.35196320000000014
0.40577549999999896
0.18065300000000128
0.27244599999999863
0.01694170000000028
0.05210740000000058
0.01915509999999898
0.5011791999999993
0.017574600000003215
0.05316569999999743
0.9856674000000005
0.0548415999999996
0.06176010000000076
0.1463983000000013
0.40017529999999724
0.05072910000000164
0.32314500000000024
0.36148529999999823
0.07841860000000267
0.3786541999999997
0.051248599999997424
0.01574250000000177
0.03343539999999834
0.4597577000000008
0.06436970000000031
0.2501938000000017
0.23707199999999773
0.13262380000000107
0.05574670000000026
0.4118276999999999
0.12195080000000047
0.014701199999997527
0.2843174000000026
0.3313415000000006
0.024307099999997916
0.0665963000000005
0.30328280000000163
0.12516199999999955
0.27312380000000047
0.43521579999999815
0.18502259999999993
0.04051210000000083
0.07336090000000084
0.31369089999999744
0.051488700000000165
0.21870700000000198
0.2936376999999979
0.1668799000000014
