0.1274999999999995
0.3797000000000006
0.07479999999999976
0.017999999999999794
0.4068000000000005
0.007200000000000095
0.32479999999999976
0.02400000000000002
0.08830000000000027
0.2723999999999993
0.15030000000000054
0.07540000000000013
0.06199999999999939
0.11680000000000046
0.08840000000000003
0.14309999999999956
0.2744
0.4346999999999994
0.06350000000000122
0.0710999999999995
0.13509999999999955
0.047600000000000975
0.01789999999999914
0.0968
0.7403000000000013
0.16119999999999912
0.20770000000000088
0.13329999999999842
0.18599999999999994
0.027800000000000935
0.04630000000000045
0.45789999999999864
0.2760000000000016
0.021999999999998465
0.5902000000000012
0.25319999999999965
0.023699999999999832
0.2323000000000004
0.026799999999999713
0.27280000000000015
0.4474999999999998
0.12599999999999945
0.15779999999999994
0.36150000000000126
0.04640000000000022
0.28529999999999944
0.28800000000000026
0.14179999999999993
0.12119999999999997
0.06600000000000072
0.034199999999998454
0.2890000000000015
0.19259999999999877
0.16769999999999996
0.14789999999999992
0.2212000000000014
0.2024999999999988
0.0948000000000011
0.036399999999998656
0.0409000000000006
0.03420000000000023
0.10880000000000045
0.0691999999999986
0.036599999999999966
0.28250000000000064
0.06520000000000081
0.053300000000000125
0.042899999999999494
0.14869999999999806
0.0838000000000001
0.34299999999999997
0.024200000000000443
0.08750000000000213
0.23150000000000048
0.11299999999999955
0.14969999999999928
0.19209999999999994
0.32920000000000016
0.10660000000000025
0.1982999999999997
0.3219999999999992
0.13190000000000168
0.024499999999999744
0.19539999999999935
0.42460000000000164
0.1734999999999971
0.17280000000000229
0.42299999999999827
0.022200000000001552
0.10919999999999774
0.06180000000000163
0.020599999999998175
0.13590000000000302
0.07369999999999877
0.022800000000000153
0.08070000000000022
0.0627999999999993
0.1997
0.49350000000000094
0.5313999999999979
0.3652000000000015
0.03480000000000061
0.11550000000000082
0.14679999999999893
0.0218999999999987
0.10560000000000258
0.272199999999998
0.1357999999999997
0.261099999999999
0.04550000000000054
0.22560000000000002
0.36400000000000077
0.20700000000000074
0.38149999999999906
0.09890000000000043
0.049900000000000944
