0.11540999999999979
0.0861300000000007
0.11883999999999961
0.39513
0.12828000000000017
0.11366999999999994
0.050690000000000346
0.03669999999999973
0.08533999999999953
0.027990000000000848
0.09024999999999928
0.32462000000000035
0.2731899999999996
0.08647000000000027
0.03495000000000026
0.32362
0.09224999999999994
0.3789800000000003
0.24580999999999964
0.1871299999999998
0.32033999999999985
0.06540000000000035
0.2993900000000007
0.06626999999999938
0.05708000000000091
0.07764999999999844
0.3157500000000013
0.10713999999999935
0.3152399999999993
0.5539900000000006
0.34792999999999985
0.053150000000000475
0.10534999999999961
0.23300000000000054
0.018879999999999342
0.13405000000000022
0.040190000000000836
0.05541000000000018
0.15937999999999874
0.2877700000000001
0.14872000000000085
0.09708000000000006
0.07668999999999926
0.03264000000000067
0.12167999999999957
0.7968899999999994
0.5647600000000015
0.11297999999999853
0.029960000000000875
0.07789999999999964
0.023670000000000968
0.13687999999999967
0.09531999999999918
0.07651000000000074
0.3564899999999991
0.14598000000000155
0.34883999999999915
0.08034999999999926
0.14888000000000012
0.23708000000000062
0.4989000000000008
0.011430000000000717
0.31484000000000023
0.1430999999999969
0.20042000000000115
0.11036999999999964
0.058440000000000936
0.48116999999999877
0.0990700000000011
0.09136000000000166
0.042689999999996786
0.07347999999999999
0.3679900000000025
0.020530000000000825
0.9376399999999983
0.10033999999999921
0.2774099999999997
0.31646000000000285
0.06662999999999997
0.12828000000000017
0.19231999999999871
0.5923200000000008
0.702729999999999
0.37378
0.06108000000000047
0.007239999999999469
0.6448099999999997
0.1768800000000006
0.20361000000000118
0.07492999999999839
0.07347999999999999
0.0696399999999997
0.225480000000001
0.15512000000000015
0.5628999999999991
0.04387000000000185
0.18227999999999867
0.16225999999999985
0.0498800000000017
0.15731999999999857
0.1598399999999991
