0.17611799999999977
0.018981000000000137
0.4423409999999999
1.0493670000000002
0.3766020000000001
0.11904000000000003
0.5069549999999996
0.05087700000000073
0.054377999999999815
0.15334499999999984
0.17275199999999913
0.04309200000000146
0.27280199999999866
0.1720410000000001
0.17615100000000083
0.02276699999999998
0.13390199999999908
0.05349900000000041
0.26831100000000063
0.0750869999999999
0.24099299999999957
0.02428199999999947
0.05061000000000071
0.05339700000000036
0.1337729999999997
0.16009200000000057
0.2905829999999998
0.29163299999999914
0.0266099999999998
0.06977100000000114
0.03304499999999955
0.07500600000000013
0.016781999999999186
0.018354000000000426
0.049241999999999564
0.026267999999999958
0.09172500000000028
0.025197000000000358
0.8597160000000006
0.05431199999999947
0.26007599999999975
0.10134599999999949
0.061989000000000516
0.1476930000000003
0.015890999999999877
0.24940800000000074
0.16244999999999976
0.1940489999999997
0.30875699999999995
0.0753389999999996
0.2941350000000007
0.22964999999999947
0.04372799999999977
0.2273220000000009
0.1959389999999992
0.08604599999999962
0.07301700000000011
0.3902190000000001
0.020079000000000846
0.4396380000000004
0.1913399999999985
0.2280450000000016
0.1131209999999978
0.2701410000000024
0.15358499999999964
0.21871200000000002
0.3450059999999979
0.10785000000000267
0.8401949999999978
0.09626400000000146
0.43548299999999784
0.03662700000000285
0.16103399999999723
0.030408000000001323
0.016940999999999207
0.13940700000000206
0.42592499999999944
0.47149200000000135
0.09961799999999954
0.13924799999999848
0.25186800000000176
0.12775499999999695
0.12774900000000144
0.42944400000000016
0.08554799999999929
0.22493100000000155
0.24407700000000077
0.04219200000000001
0.04901999999999873
0.016871999999999332
0.3891600000000004
0.15563999999999822
0.18878400000000184
0.19927799999999962
0.5623740000000019
0.10248299999999944
0.052239000000000146
0.3637379999999979
0.7763489999999997
