0.2275999999999998
0.19339999999999957
0.22280000000000033
0.11099999999999977
0.1247000000000007
0.1700999999999997
0.27120000000000033
0.0931999999999995
0.06890000000000018
0.045099999999999696
0.3258000000000001
0.09759999999999991
0.4416000000000002
0.2549999999999999
0.24459999999999926
0.07130000000000081
0.10899999999999999
0.14339999999999975
0.2007000000000012
0.4444999999999997
0.4155999999999995
0.21419999999999995
0.016600000000000392
0.2289999999999992
0.058699999999999974
0.06430000000000113
0.1758999999999986
0.20350000000000001
0.07430000000000092
0.08649999999999913
0.10420000000000051
0.311300000000001
0.4150999999999989
0.04630000000000045
0.03619999999999912
0.1053000000000015
0.4025999999999996
0.5655000000000001
0.08530000000000015
0.24359999999999893
0.12589999999999968
0.09730000000000061
0.11880000000000024
0.20570000000000022
0.36549999999999905
0.2397000000000009
0.17759999999999998
0.07540000000000013
0.06199999999999939
0.11930000000000085
0.043400000000000105
0.058999999999999275
0.07409999999999961
0.08769999999999989
0.06420000000000137
0.02809999999999846
0.43760000000000154
0.06359999999999921
0.05710000000000015
0.04499999999999993
0.09379999999999988
0.2463999999999995
0.014800000000001035
0.36329999999999885
0.1521000000000008
0.1629000000000005
0.01279999999999859
0.060300000000001575
0.22360000000000113
0.3979999999999997
0.04189999999999827
0.04309999999999903
0.07169999999999987
0.05840000000000245
0.21669999999999945
0.5687999999999995
0.07760000000000034
0.3274000000000008
0.1106999999999978
0.783100000000001
0.17599999999999838
0.047500000000002984
0.012699999999998823
0.018499999999999517
0.034600000000001074
0.025399999999997647
0.0765000000000029
0.12279999999999802
0.0362000000000009
0.19040000000000035
0.2820999999999998
0.23389999999999844
0.10060000000000002
0.1828000000000003
0.06530000000000058
0.017900000000000915
0.011299999999998533
0.028000000000002245
0.24239999999999995
0.1789999999999985
0.2945999999999991
0.0365000000000002
0.11100000000000065
0.18019999999999925
0.31200000000000117
0.1772999999999989
0.18950000000000244
0.06169999999999831
0.2792999999999992
0.339500000000001
0.09420000000000073
0.0821000000000005
0.2887999999999984
0.08670000000000044
0.11139999999999972
0.4590999999999994
0.07789999999999964
0.1977000000000011
