0.06656924999999969
0.05715225000000057
0.1387229999999997
0.0673560000000002
0.24943949999999937
0.0851955000000002
0.34430024999999986
0.18288675000000065
0.01924349999999997
0.049409999999999954
0.04457999999999984
0.1975800000000003
0.29088524999999965
0.024086249999999865
0.06709500000000013
0.052473749999999875
0.04096800000000034
0.34390575000000023
0.28335074999999943
0.15204450000000058
0.11059874999999941
0.24627075000000076
0.04699724999999866
0.03228074999999997
0.06817875000000129
0.32718824999999896
0.016577250000000987
0.12216149999999892
0.34981125000000013
0.23677800000000104
0.1488434999999999
0.12010874999999999
0.061882499999999396
0.03378524999999932
0.02289975000000055
0.04961474999999993
0.03711600000000104
0.069329999999999
0.030045750000001092
0.07114724999999922
0.6645217500000005
0.04750649999999901
0.23613675
0.24016199999999976
0.041643750000000423
0.07487700000000075
0.44568525000000037
0.0809647499999997
0.18157199999999918
0.09682575000000071
0.2559382499999998
0.34686149999999927
0.03516075000000107
0.042988499999999874
0.11021474999999903
0.06232425000000141
0.05692424999999979
0.04120874999999913
0.2030145000000001
0.40227149999999945
0.10000350000000147
0.07385999999999981
0.283495499999999
0.09455400000000047
0.2615332499999994
0.10981800000000064
0.160539
0.09016950000000001
0.059240250000000216
0.3222404999999995
0.027575999999999823
0.3047182500000005
0.13805699999999987
0.3773482500000007
0.07214624999999941
0.1264934999999987
0.11442525000000003
0.04628925000000095
0.37072649999999996
0.11184825000000131
0.16713299999999975
0.031109250000000088
0.18338624999999809
0.03008325000000056
0.01814925000000045
0.02607825000000119
0.25204949999999826
0.011150250000000028
0.31157625000000166
0.22041674999999827
0.06488775000000047
0.06108599999999953
0.04156500000000207
0.27596475
0.2933144999999975
0.24625275000000002
0.18370575000000144
0.2625937500000006
0.06531299999999973
0.0662332499999998
0.0832544999999989
0.26157750000000135
0.19220100000000073
0.6223034999999975
0.35124000000000066
0.10331400000000102
0.031958249999998856
0.14812799999999982
0.23228325000000183
0.1702312500000005
0.024701249999999675
0.12675824999999818
0.11758425000000017
0.08738325000000202
0.16859099999999927
0.18750374999999764
0.06500250000000207
0.494660249999999
0.5656402500000013
0.18832425000000086
0.733740749999999
0.05709225000000018
0.20851649999999822
