0.10400000000000009
0.14499999999999957
0.08800000000000008
0.057000000000000384
0.16699999999999982
0.3330000000000002
0.10799999999999965
0.08800000000000008
0.08099999999999952
0.22500000000000053
0.06799999999999962
0.036000000000000476
0.1769999999999996
0.0730000000000004
0.20899999999999963
0.11699999999999999
0.0600000000000005
0.3719999999999999
0.1349999999999998
0.14199999999999946
0.14200000000000124
0.45500000000000007
0.1659999999999986
0.04400000000000048
0.20500000000000007
0.1880000000000006
0.28200000000000003
0.1639999999999997
0.017999999999998906
0.07500000000000107
0.19200000000000017
0.39899999999999913
0.13900000000000112
0.13899999999999935
0.08399999999999963
0.11899999999999977
0.025000000000000355
0.07699999999999996
0.0649999999999995
0.05200000000000138
0.2679999999999989
0.16300000000000026
0.46000000000000085
0.18799999999999883
0.2320000000000011
0.10999999999999943
0.03599999999999959
0.17900000000000027
0.045999999999999375
0.29900000000000126
0.08199999999999896
0.8490000000000002
0.12199999999999989
0.09299999999999997
0.05000000000000071
0.11899999999999977
0.02200000000000024
0.08000000000000007
0.22799999999999976
0.032999999999999474
0.04499999999999993
0.2680000000000007
0.09699999999999953
0.6170000000000009
0.19899999999999807
0.3670000000000009
0.17300000000000182
0.022999999999999687
0.24899999999999878
0.20500000000000185
0.10200000000000031
0.06299999999999883
0.038000000000000256
0.10299999999999798
0.18500000000000227
0.08199999999999719
0.03200000000000003
0.1720000000000006
0.0940000000000012
0.0990000000000002
0.620000000000001
0.027999999999998693
0.11700000000000088
0.14300000000000068
0.08099999999999952
0.06700000000000017
0.3009999999999984
0.08200000000000074
0.2839999999999989
0.33500000000000085
0.5040000000000013
0.24499999999999744
0.43599999999999994
0.5060000000000002
0.0990000000000002
0.39000000000000057
0.02499999999999858
0.14500000000000313
0.26099999999999923
0.17800000000000082
0.5089999999999968
0.20300000000000296
0.28200000000000003
0.027999999999998693
0.015000000000000568
0.1039999999999992
0.05900000000000105
0.10200000000000031
0.08399999999999963
0.1269999999999989
0.05600000000000094
0.10899999999999821
0.08000000000000185
