0.022130500000000275
0.04985350000000022
0.18419030000000003
0.12016079999999985
0.5320530999999997
0.31157449999999987
0.012785000000000046
0.02760270000000009
0.10656219999999994
0.042164999999999786
0.04326180000000068
0.8817537
0.11521530000000002
0.31180629999999976
0.03801339999999964
0.14276160000000004
0.07343790000000006
0.182897800000001
0.442015099999999
0.33782640000000086
0.09717809999999893
0.2320291999999995
0.1767435000000006
0.11829670000000014
0.21265280000000075
0.12060289999999974
0.288178499999999
0.07507470000000005
0.09576790000000024
0.4903013000000005
1.1088588000000001
0.03129259999999867
0.5208762
0.6883604000000005
0.029901999999999873
0.07119959999999992
0.04428009999999993
0.10615360000000074
0.13504499999999986
0.11311719999999958
0.17845010000000094
0.08512269999999944
0.8762597999999997
0.17884809999999973
0.016348999999999947
0.10204470000000043
0.03894720000000085
0.17581880000000005
0.03150729999999946
0.21582159999999995
0.07148319999999941
0.06408270000000016
0.4841091000000013
0.3017655999999995
0.23719609999999847
0.0839540999999997
0.5719855000000003
0.21649389999999968
0.18271800000000127
0.21765489999999943
0.12367880000000042
0.011680099999999527
0.6184058000000014
0.11299460000000039
0.09400579999999792
0.3210115000000009
0.13267259999999936
0.14705959999999862
0.4469965000000009
0.11519660000000087
0.18472069999999974
0.3617050000000006
0.20433029999999874
0.23033550000000247
0.786937499999997
0.12338550000000126
0.061634200000000305
0.24036040000000014
0.3287660999999993
0.22339039999999954
0.18525419999999926
0.1486415000000001
0.03215030000000141
0.4270244000000005
0.3005755000000008
0.4765217999999969
0.2033773000000032
0.042814599999999814
0.02205809999999886
0.04402130000000071
