0.11000000000000032
0.23599999999999977
0.05600000000000005
0.06500000000000039
0.21300000000000008
0.07399999999999984
0.4740000000000002
0.08599999999999941
0.27200000000000024
0.020000000000000462
0.133
0.028999999999999915
0.07200000000000006
0.010999999999999233
0.018000000000000682
0.0649999999999995
0.0730000000000004
0.1429999999999998
0.14400000000000013
0.242
0.15399999999999991
0.03200000000000003
0.020999999999999908
0.3380000000000001
0.10200000000000031
0.2010000000000005
0.07199999999999918
0.09999999999999964
0.2140000000000004
0.1039999999999992
0.10899999999999999
0.43599999999999994
0.08800000000000097
0.032999999999999474
0.02200000000000024
0.31099999999999994
0.12400000000000055
0.058999999999999275
0.3000000000000007
0.645999999999999
0.18400000000000105
0.2110000000000003
0.03799999999999848
0.034000000000000696
0.3000000000000007
0.12199999999999989
0.3620000000000001
0.13599999999999923
0.43100000000000094
0.09499999999999886
0.031000000000000583
0.04100000000000037
0.10299999999999976
0.1039999999999992
0.32699999999999996
0.05000000000000071
0.19399999999999906
0.1670000000000016
0.19599999999999973
0.04499999999999993
0.03399999999999892
0.049000000000001265
0.3099999999999987
0.42300000000000004
0.2469999999999999
0.04499999999999993
0.11600000000000144
0.02099999999999902
0.391
0.11000000000000121
0.27699999999999747
0.3680000000000021
0.04899999999999949
0.33000000000000185
0.02499999999999858
0.0470000000000006
0.02699999999999747
0.2140000000000022
0.03300000000000125
0.2099999999999973
0.03500000000000014
0.777000000000001
0.15399999999999991
0.28200000000000003
0.14000000000000057
0.027000000000001023
0.03200000000000003
0.01899999999999835
0.26399999999999935
0.030999999999998806
0.10700000000000287
0.4989999999999988
0.04800000000000182
0.39599999999999724
0.05799999999999983
0.04200000000000159
0.16100000000000136
0.09999999999999787
0.12399999999999878
0.09800000000000253
0.2309999999999981
0.1479999999999997
0.3490000000000002
0.15000000000000213
0.16999999999999815
0.03100000000000236
0.2240000000000002
0.04199999999999804
0.01699999999999946
0.41000000000000014
0.3049999999999997
0.1620000000000026
0.12199999999999989
0.047999999999998266
0.0470000000000006
0.1980000000000004
0.7010000000000005
0.04499999999999815
0.018000000000000682
0.028999999999999915
0.06299999999999883
0.028000000000002245
0.05099999999999838
0.022000000000002018
0.232999999999997
0.0920000000000023
0.05099999999999838
