0.3013255000000008
0.02312249999999949
0.062433000000000405
0.35845599999999944
0.05690250000000052
0.08622149999999973
0.4105034999999999
0.06177250000000001
0.42920550000000013
0.3442875000000001
0.17472900000000013
0.11691999999999947
0.291512
0.5468225000000002
0.05221850000000039
0.09378849999999872
0.08720750000000166
0.06881749999999975
0.03784149999999897
0.9294244999999997
0.1599990000000009
0.36277899999999974
0.17279650000000046
0.4150109999999998
0.021886999999999546
0.030248999999999526
0.030631500000000145
0.07539900000000088
0.39426149999999893
0.06406000000000134
0.0750434999999996
0.0237254999999994
0.2057815000000005
0.1393450000000005
0.09581599999999924
0.13748950000000093
0.20898049999999913
0.1119374999999998
0.055504499999999624
0.33431050000000084
0.04522850000000034
0.6003945000000002
0.11001100000000008
0.4543564999999994
0.6751039999999993
0.23195500000000102
0.22798549999999906
0.10847650000000009
0.3633790000000001
0.48506600000000155
0.16551849999999746
0.20040050000000065
0.058934499999999446
0.14083049999999986
0.21518999999999977
0.057634500000002475
0.15307049999999833
0.03028550000000152
1.0717280000000002
0.07749199999999945
0.48548999999999864
0.2710594999999998
0.44743700000000075
0.09939299999999918
0.0923700000000025
0.4154849999999968
0.09047300000000291
0.3843769999999971
0.06807400000000285
0.05664149999999779
0.05393349999999941
0.24566000000000088
0.060026499999999317
0.26844400000000235
0.9857060000000004
0.03672499999999701
0.04931649999999976
0.36897400000000147
0.32777049999999974
0.2517560000000003
0.32683150000000083
0.035772999999998945
0.27429650000000194
0.08769249999999928
0.7884844999999991
