0.035934400000000366
0.3447053999999996
0.5306574
0.14665980000000012
0.19618909999999978
0.11396480000000064
0.05115219999999976
0.4726656999999994
0.16980700000000049
0.11831600000000009
0.2137430999999994
0.08104800000000001
0.1923319000000001
0.14249489999999998
0.2243820000000003
0.061306999999999334
0.23849110000000096
0.19593970000000027
0.03555240000000026
0.12868429999999975
0.13807059999999893
0.027171799999999635
0.3614084000000002
0.30663149999999995
0.19842590000000015
0.3729129000000011
0.09776759999999918
0.040280100000000374
0.030754399999999293
0.02401290000000067
0.045565899999999715
0.03868330000000064
0.10127559999999924
0.27823260000000083
0.16154120000000027
0.1267486999999985
0.16735350000000082
0.375919399999999
0.13984740000000073
0.07282340000000076
0.2504054
0.36281289999999977
0.028768799999999928
0.24249369999999892
0.7934000000000001
0.3207627000000013
0.030759199999998543
0.14538760000000117
0.5380630999999987
0.053742400000000856
0.06084210000000034
0.14866379999999957
0.0222206000000007
0.25604239999999834
0.10947830000000103
0.03064179999999972
0.18160100000000057
0.035738399999999615
0.5484636000000016
0.1341860999999973
0.15444289999999938
0.2674440000000011
0.27174739999999886
0.16979470000000063
0.10397730000000038
0.2660935000000002
0.5901223000000009
0.03546389999999988
0.29770949999999985
0.12776170000000064
0.03409719999999794
0.033433500000001004
0.2626677999999991
0.28746710000000064
0.3216788000000008
0.3612971999999992
0.10139420000000143
0.029755999999999005
0.42710070000000044
0.13653779999999927
0.5010446000000002
0.5754771000000005
0.37137269999999845
0.19382120000000214
0.118951899999999
0.09174409999999966
0.029441999999999524
0.552806799999999
0.056859600000002786
0.0551124999999999
0.10941279999999765
0.03353399999999951
0.10659040000000175
0.04698330000000084
0.11145729999999787
0.009268300000002228
0.08484149999999957
0.29847619999999964
0.38485959999999864
0.17071630000000226
0.20492709999999903
0.05171329999999941
0.03823859999999968
0.12316399999999916
