0.07514690000000002
0.6208229000000003
0.19575969999999998
0.08157699999999934
0.041926600000000036
0.07379669999999994
0.15345470000000017
0.13072380000000017
0.0739907999999998
0.42045440000000056
0.0633783999999995
0.035277600000000575
0.04754559999999941
0.7782236999999999
0.25144690000000036
0.08662349999999996
0.05745800000000045
0.057940900000000184
0.6643828999999997
0.37089589999999895
0.23872410000000066
0.22344709999999957
0.052003600000000816
0.24673619999999907
0.07532910000000115
0.4081002999999992
0.05014859999999999
0.21838259999999998
0.07884540000000051
0.4105179999999997
0.05916840000000079
0.10799749999999975
0.2987272000000001
0.2609943999999995
0.03942269999999937
0.30769610000000114
0.3401119999999995
0.5050875000000001
0.2236098000000002
0.13801889999999872
0.19548530000000142
0.236059899999999
0.1915496000000001
0.04447150000000022
0.7630730999999997
0.14450309999999966
0.08637520000000087
0.2815909999999988
0.26731690000000086
0.1021422999999988
0.29491520000000193
0.048252399999999085
0.20499119999999849
0.05099450000000161
0.37753439999999827
0.1050670000000018
0.3794758999999992
0.10067929999999947
0.1370003000000004
0.2237043000000014
0.10201709999999764
0.5623422000000033
0.19436459999999656
0.08707910000000041
0.0893347999999996
0.040749200000000485
0.11906500000000264
0.3834514999999996
0.24744019999999978
0.28307219999999944
0.3931818000000007
0.1283809999999974
0.31385990000000064
0.0857165000000002
0.056544200000001155
0.019724300000000028
0.15688090000000088
0.057521799999999956
0.32564049999999867
0.04907689999999931
0.033300300000000504
0.14182699999999926
0.15717839999999939
0.017996899999999982
0.17614510000000294
0.4866728999999985
0.18665710000000146
0.08029269999999755
0.07550940000000139
0.34378010000000003
0.24644289999999813
0.049129400000001766
0.05284299999999931
0.09961159999999936
1.0367320000000007
