0.04300000000000015
0.13700000000000045
0.10699999999999932
0.08000000000000007
0.2110000000000003
0.11399999999999988
0.12900000000000045
0.24399999999999977
0.04499999999999993
0.017999999999999794
0.09499999999999975
0.3260000000000005
0.02400000000000002
0.3780000000000001
0.021999999999999353
0.12900000000000045
0.04699999999999971
0.29000000000000004
0.29300000000000015
0.02600000000000069
0.375
0.1399999999999988
0.261000000000001
0.0909999999999993
0.057000000000000384
0.036999999999999034
0.06900000000000084
0.08200000000000074
0.25599999999999845
0.19700000000000095
0.36599999999999966
0.10800000000000054
0.08399999999999963
0.015000000000000568
0.08900000000000041
0.2129999999999992
0.31700000000000017
0.03500000000000014
0.08699999999999974
0.2959999999999994
0.04100000000000037
0.245000000000001
0.3949999999999996
0.08300000000000018
0.045999999999999375
0.12100000000000044
0.1639999999999997
0.34299999999999997
0.02800000000000047
0.49599999999999866
0.2580000000000009
0.13100000000000023
0.49600000000000044
0.15799999999999947
0.21700000000000053
0.29999999999999893
0.05799999999999983
0.02400000000000091
0.06400000000000006
0.04399999999999871
0.1120000000000001
0.053000000000000824
0.26500000000000057
0.030999999999998806
0.07900000000000063
0.14499999999999957
0.47499999999999964
0.11299999999999955
0.11400000000000077
0.053000000000000824
0.08800000000000097
0.1769999999999996
0.04199999999999804
0.06500000000000128
0.3009999999999984
0.09800000000000253
0.27199999999999847
0.4610000000000021
0.3359999999999985
0.12399999999999878
0.2220000000000013
0.036999999999999034
0.13500000000000156
0.565999999999999
0.09799999999999898
0.2870000000000026
0.10099999999999909
0.2959999999999994
0.4220000000000006
0.24299999999999855
0.36299999999999955
0.10800000000000054
0.05700000000000216
0.17599999999999838
0.053000000000000824
0.1280000000000001
0.08399999999999963
0.37099999999999866
0.07600000000000051
0.23100000000000165
0.038000000000000256
0.3539999999999992
0.0519999999999996
0.03900000000000148
0.02699999999999747
0.04200000000000159
0.06700000000000017
0.21199999999999974
0.038999999999997925
0.3940000000000019
0.4480000000000004
0.11899999999999977
