0.09407699999999952
0.19026000000000032
0.009383999999999837
0.13087800000000005
0.4253100000000005
0.07319099999999956
0.18537900000000018
0.08026499999999981
0.06877500000000047
0.40744199999999964
0.17824799999999996
0.08946900000000024
0.34733400000000003
0.0719909999999997
0.10536299999999965
0.7081710000000001
0.02023499999999956
0.08493900000000032
0.3966000000000012
0.0684629999999995
0.12205799999999911
0.5066459999999999
0.1291740000000008
0.25699499999999986
0.03880499999999998
0.09924900000000036
0.38048700000000046
0.22922699999999985
0.007160999999999973
0.2205630000000003
0.1509899999999984
0.018234000000001416
0.1609109999999987
0.47205900000000156
0.10718099999999886
0.03150899999999979
0.12519900000000028
0.180060000000001
0.046763999999999584
0.18366900000000008
0.0494640000000004
0.2739839999999987
0.515505000000001
0.15765299999999982
0.09927899999999923
0.008280000000000953
0.1777350000000002
0.12797699999999956
0.02008499999999991
0.10159499999999966
0.02016900000000099
0.010238999999998555
0.11390100000000025
0.3592500000000012
0.044618999999999076
0.2946989999999996
0.08705400000000019
0.056991000000000014
0.0671280000000003
0.06567300000000031
0.5574840000000005
1.2864239999999985
0.02245800000000031
0.15559200000000217
0.31055999999999884
0.04074899999999815
0.18215100000000106
0.11316599999999966
0.25139700000000076
0.16042500000000004
0.13299299999999903
0.2266110000000019
0.041214000000000084
0.05046899999999965
0.1005660000000006
0.47019599999999784
0.1918830000000007
0.6421649999999985
0.1403970000000001
0.330090000000002
0.07956300000000027
0.08279100000000028
0.25960800000000006
0.22428899999999885
0.03166799999999981
0.03219299999999947
0.13913700000000162
0.05656199999999956
0.0732689999999998
0.023799000000000348
0.0963150000000006
0.043775999999997595
0.1190490000000004
0.04491000000000156
0.16810200000000108
0.13384799999999686
0.4322310000000016
0.45478800000000064
0.19536599999999993
0.022781999999999414
0.07901100000000127
0.05630700000000033
0.0403109999999991
0.10700100000000035
0.1650989999999979
0.29142300000000176
0.17876099999999795
0.06889500000000126
0.1793130000000005
0.4143509999999999
0.1280879999999982
0.13035300000000305
