0.14291174999999967
0.21447974999999975
0.027533250000000287
0.20209800000000033
0.13802474999999959
0.1808475000000005
0.07543574999999958
0.3158902499999998
0.12005700000000008
0.7627462500000002
0.01698374999999963
0.018330750000000506
0.08584649999999971
0.3025980000000006
0.40408124999999995
0.21252825000000009
0.030137249999999227
0.1834117500000012
0.683637749999999
0.16332524999999976
0.16918200000000105
0.11360625000000013
0.29660249999999877
0.03800550000000058
0.04027574999999928
0.16146675000000066
0.21026774999999986
0.10143975000000083
0.061304999999999055
0.13219124999999998
0.6382972500000008
0.9099419999999991
0.45002925000000005
0.25737975000000013
0.6427612499999995
0.04790775000000025
0.40520775000000064
0.08245274999999985
0.2038942499999994
0.18332700000000024
0.09782850000000032
0.03838425000000001
0.08796300000000024
0.3743324999999995
0.2419229999999999
0.09571050000000092
0.3285532499999988
0.07440900000000106
0.21779025000000019
0.3239415000000001
0.11220374999999905
0.29479274999999916
0.37516500000000264
0.09347024999999931
0.2861805000000004
0.07151774999999816
0.19293150000000026
0.2686440000000019
0.07937624999999926
0.03781575000000004
0.2629710000000003
0.021002249999998668
0.09228900000000095
0.26953049999999834
0.12158475000000024
0.1833360000000006
0.1283594999999984
0.1603822500000014
0.16834950000000148
0.16047299999999964
0.2671379999999992
0.12928799999999896
0.0628440000000019
0.426881250000001
0.03243599999999702
0.31264050000000054
0.10069125000000057
0.3296242499999984
0.020442000000002736
0.08089199999999863
0.10975725000000125
0.7497164999999981
0.05221650000000011
0.15004725000000008
0.06438975000000013
0.11305499999999924
0.23714700000000022
0.016713000000002864
0.15050474999999963
0.7372627499999993
0.020327999999999236
0.47389875000000004
0.18966749999999877
0.09534375000000139
