0.02248249999999974
0.2869134999999998
0.8404775000000004
0.08821299999999965
0.16293449999999954
0.20186150000000058
0.11189049999999945
0.28903950000000034
0.04089950000000009
0.2669199999999998
0.1436365000000004
0.032184499999999616
0.18497900000000023
0.7529319999999995
0.5919410000000003
0.1614810000000002
0.39479299999999995
0.018354999999999677
0.44910549999999994
0.02501250000000077
0.2020029999999995
0.09745099999999951
0.11556250000000112
0.36982800000000005
0.35871749999999913
0.2583029999999997
0.5208220000000008
0.06108150000000023
0.0480710000000002
0.09974049999999934
0.07647099999999973
0.17057250000000046
0.078460999999999
0.118761000000001
0.04098100000000038
0.10749849999999839
0.25543850000000035
0.009699499999999972
0.3207635
0.09212250000000033
0.3547565000000006
0.3924889999999994
0.028406000000000375
0.44832699999999903
0.05905350000000098
0.05674199999999985
0.13613699999999973
0.09257750000000087
0.03002299999999991
0.03563649999999896
0.326826500000001
0.3085294999999988
0.07156250000000064
0.10346649999999968
0.02897849999999913
0.4268675000000002
0.023952000000001306
0.14116100000000031
0.5075809999999983
0.1579100000000011
0.0820149999999984
0.36850300000000047
0.07296400000000247
0.1672409999999971
0.47559200000000246
0.1111159999999991
0.04399850000000072
0.022863499999999704
0.04841649999999831
0.32785100000000256
0.5746664999999993
0.04210349999999963
0.14703499999999892
0.010332000000001784
0.2596394999999987
0.036999999999999034
0.2158660000000019
0.31832250000000073
0.09725049999999769
0.3679290000000002
0.029736500000002053
0.11292649999999682
0.2506510000000013
0.15978600000000043
0.057325999999999766
0.4796875000000007
0.4567440000000005
0.18626599999999982
0.11389999999999745
0.07208350000000152
0.04376200000000097
0.04196400000000011
0.09047849999999968
0.10597399999999979
0.03270350000000022
0.36152549999999906
0.0053285000000009575
0.41873999999999967
0.27693800000000124
0.05046149999999727
0.23572650000000195
0.025361499999998927
0.04781549999999868
0.03026050000000069
0.015009500000001452
0.1627849999999995
0.03353750000000133
0.028210500000000138
