0.637492
0.29814599999999913
0.014111500000000277
0.11497150000000023
0.01696149999999985
0.22671500000000044
0.08229949999999953
0.21079450000000044
0.27721399999999985
0.28845399999999977
0.2603390000000001
0.13422649999999958
0.03224150000000048
1.2022039999999992
0.16052950000000088
0.16439899999999952
0.059896500000000685
0.28319799999999873
0.07859950000000104
0.34456999999999915
0.04366100000000017
0.009694500000000161
0.43551300000000026
0.04138249999999921
0.12539600000000029
0.26253600000000077
0.14355600000000024
0.17190299999999858
0.027354000000000767
0.19846249999999976
0.19075750000000014
0.08102200000000082
0.06264599999999909
0.4063935000000001
0.832627500000001
0.16876499999999872
0.05360500000000101
0.19868949999999863
0.2086459999999999
0.07914150000000042
0.07500450000000036
0.2215764999999994
0.8632470000000012
0.054665999999999215
0.04055100000000067
0.14420149999999943
0.14599349999999944
0.19499099999999991
0.029964000000001434
0.13406949999999895
0.08688749999999956
0.7422275000000003
0.048329999999999984
0.15157549999999986
0.053307000000000215
0.17593550000000135
0.46140749999999997
0.22522400000000076
0.37468149999999767
0.3090945000000005
1.2320139999999995
0.1824185000000007
0.14140899999999945
0.20720400000000083
0.17520700000000033
0.0538179999999997
0.04605749999999986
0.10676699999999784
0.8014585000000025
0.245397999999998
0.33108250000000083
0.9154325000000014
0.1122659999999982
0.2286014999999999
0.021347500000000963
0.1318355000000011
0.12480850000000032
0.0750934999999977
0.07066000000000017
0.43159100000000095
0.19473100000000088
0.041100499999998874
0.29663850000000025
0.2703570000000006
0.08417749999999913
