0.0192180000000004
0.5932319999999995
0.035337000000000174
0.3260909999999999
0.3712590000000002
0.21644099999999966
0.1686570000000005
0.00988799999999923
0.24719700000000078
0.09186899999999998
0.09219299999999997
0.034550999999999554
0.07617600000000024
0.27686100000000025
0.050183999999999784
0.2037180000000003
0.1779269999999995
0.14931600000000067
0.1158450000000002
0.026234999999999786
0.10678799999999988
0.08177699999999888
0.24288000000000132
0.029336999999999946
0.17493299999999934
0.04375199999999957
0.06925800000000137
0.1520759999999992
0.0676439999999996
0.08244900000000044
0.13482600000000033
0.18560399999999966
0.14582099999999976
0.08905200000000058
0.19203300000000034
0.07696199999999997
0.08907899999999991
0.11559899999999956
0.1433579999999992
0.39356100000000005
0.16455600000000103
0.014264999999999972
0.2066549999999996
0.034107000000000554
0.02135099999999923
0.3076439999999998
0.02042100000000069
0.1547009999999993
0.046074000000000837
0.3317009999999989
0.16491900000000115
0.042116999999999294
0.020715000000000927
0.052157999999998594
0.0947610000000001
0.7419450000000012
0.31825499999999884
0.9496770000000012
0.24110999999999905
0.13825800000000044
0.04358099999999965
0.21963000000000044
0.06193200000000054
0.12992399999999904
0.19806900000000027
0.03855000000000075
0.07027499999999876
0.04233900000000013
0.3993090000000006
0.11424900000000093
0.10240499999999741
1.1203770000000013
0.3050460000000008
0.26273399999999825
0.25982700000000136
0.32710799999999907
0.20336700000000008
0.08166900000000155
0.15051300000000012
0.24888599999999883
0.3285809999999998
0.04974900000000204
0.10453799999999802
0.11502899999999983
0.01902600000000021
0.1801470000000016
0.1224899999999991
0.10583700000000107
0.27029699999999934
0.13494599999999934
0.15746400000000094
0.07769399999999749
0.3234960000000022
0.06771299999999769
0.1352550000000008
0.014849999999999142
0.15204000000000306
0.15758099999999686
0.6414390000000019
0.27338400000000007
0.07787700000000086
0.3860639999999975
0.12248700000000312
0.218513999999999
0.042030000000000456
0.017844000000000193
0.27901499999999757
0.05185499999999976
0.04026600000000258
0.10601399999999828
0.06251699999999971
0.2801399999999994
0.21105900000000233
0.26284499999999866
0.06407700000000105
