0.08300000000000018
0.00990000000000002
0.1405000000000003
0.3898999999999999
0.22280000000000033
0.2900999999999998
0.23609999999999953
0.25070000000000014
0.052999999999999936
0.14660000000000029
0.0934999999999997
0.09830000000000005
0.1062000000000003
0.14210000000000012
0.025500000000000078
0.16299999999999937
0.274
0.04220000000000024
0.014300000000000423
0.04389999999999983
0.17079999999999984
0.028999999999999915
0.4341000000000008
0.1625999999999994
0.3938000000000006
0.1260999999999992
0.14039999999999964
0.03330000000000055
0.14230000000000054
0.12589999999999968
0.1700999999999997
0.3694000000000006
0.476799999999999
0.05590000000000117
0.220699999999999
0.2118000000000002
0.34939999999999927
0.030100000000000904
0.4145000000000003
0.11350000000000016
0.02949999999999875
0.0683000000000007
0.3193999999999999
0.38819999999999943
0.03920000000000101
0.07760000000000034
0.13299999999999912
0.14080000000000048
0.03880000000000017
0.12049999999999983
0.5227000000000004
0.6249000000000002
0.7302
0.013499999999998735
0.1009000000000011
0.15479999999999983
0.04609999999999914
0.11930000000000085
0.2201999999999984
0.27800000000000225
0.21610000000000085
0.019299999999997652
0.5127000000000024
0.06449999999999889
0.20189999999999841
0.09759999999999991
0.0768000000000022
0.09669999999999845
0.12140000000000128
0.04029999999999845
0.13540000000000063
0.3194000000000017
0.24029999999999774
0.1095000000000006
0.016799999999999926
0.13390000000000057
0.14280000000000115
0.04689999999999728
0.11289999999999978
0.1133000000000024
0.4007000000000005
0.09309999999999974
0.22369999999999735
0.41240000000000165
0.2577999999999996
0.08660000000000068
0.05069999999999908
0.05369999999999919
0.18909999999999982
0.039400000000000546
0.13970000000000127
0.14170000000000016
0.16000000000000014
0.07730000000000103
0.2989999999999995
0.36710000000000065
0.06349999999999767
0.29820000000000135
0.08389999999999986
0.02779999999999916
0.14740000000000109
0.04560000000000031
0.4543999999999997
0.9688999999999979
0.04040000000000177
0.019300000000001205
0.20889999999999986
0.0840999999999994
0.1264000000000003
