0.15399999999999991
0.08500000000000085
0.3049999999999997
0.09100000000000019
0.14699999999999935
0.09000000000000075
0.17499999999999982
0.03200000000000003
0.2469999999999999
0.2519999999999998
0.04600000000000026
0.19399999999999995
0.16999999999999993
0.18299999999999983
0.9990000000000006
0.23099999999999987
0.13199999999999967
0.08399999999999963
0.44700000000000095
0.15799999999999947
0.0649999999999995
0.07399999999999984
0.14000000000000057
0.15000000000000036
0.1980000000000004
0.08399999999999963
0.0860000000000003
0.01699999999999946
0.24600000000000044
0.05799999999999983
0.08300000000000018
0.17900000000000027
0.06999999999999851
0.23099999999999987
0.10899999999999999
0.24900000000000055
0.06300000000000061
0.19399999999999906
0.03700000000000081
0.30799999999999983
0.12899999999999956
0.06799999999999962
0.04400000000000048
0.12100000000000044
0.04899999999999949
0.05799999999999983
0.12600000000000122
0.17999999999999972
0.40300000000000047
0.01899999999999835
0.1750000000000007
0.07900000000000063
0.09499999999999886
0.08200000000000074
0.2989999999999995
0.136000000000001
0.28500000000000014
0.2909999999999986
0.19100000000000072
0.22300000000000075
0.16499999999999915
0.2740000000000009
0.1269999999999989
0.16999999999999993
0.17800000000000082
0.08699999999999974
0.26000000000000156
0.09599999999999653
0.05600000000000094
0.12600000000000122
0.021999999999998465
0.0730000000000004
0.14199999999999946
0.11500000000000199
0.04899999999999949
0.12399999999999878
0.021000000000000796
0.04200000000000159
0.1559999999999988
0.04299999999999926
0.15500000000000114
0.20400000000000063
0.036999999999999034
0.03200000000000003
0.03999999999999915
0.06800000000000139
0.2749999999999986
0.14700000000000202
0.125
0.10799999999999699
0.1620000000000026
0.26500000000000057
0.10999999999999943
0.1280000000000001
0.09099999999999753
0.2840000000000025
0.11499999999999844
0.20500000000000185
0.1769999999999996
0.2010000000000005
0.1109999999999971
0.2610000000000028
0.06400000000000006
0.24299999999999855
0.036999999999999034
0.25800000000000267
0.2909999999999968
0.0470000000000006
0.06700000000000017
0.11200000000000188
0.1479999999999997
0.07099999999999795
0.240000000000002
0.07699999999999818
0.19000000000000128
0.0710000000000015
0.07099999999999795
0.13299999999999912
0.13600000000000279
0.0799999999999983
0.09100000000000108
0.2029999999999994
0.07000000000000028
0.013999999999999346
0.02400000000000091
0.1280000000000001
0.10099999999999909
0.1670000000000016
0.43900000000000006
0.11399999999999721
0.10200000000000031
0.28000000000000114
0.10800000000000054
0.04199999999999804
