0.03242799999999946
0.08796250000000061
0.3338592499999997
0.5684699999999996
0.1157780000000006
0.48221249999999927
0.1969435000000006
0.5238154999999995
0.11862100000000009
0.19372599999999984
0.1344107500000007
0.14229699999999923
0.08414525000000062
0.13348799999999983
0.6976685000000007
0.198266499999999
0.17134874999999994
0.2622447500000007
0.5670849999999987
0.14994675000000157
0.04173499999999919
0.06971275000000077
0.2586327499999985
0.5175990000000006
0.3436705
0.20065475
0.23989049999999956
0.14533775000000126
0.09091724999999862
0.07774100000000139
0.043440499999999105
0.05291599999999974
0.12621900000000075
0.224456
0.24914850000000044
0.039101499999999234
0.1437412499999997
0.19387425000000036
0.9141337499999995
0.30670075000000097
0.2260749999999998
0.24534874999999978
0.013404500000000041
0.08753149999999899
0.24200125000000128
0.1310312499999995
0.31585025000000044
0.09949799999999875
0.03799425000000056
0.04042275000000117
0.31107849999999715
0.2831805000000003
0.13074075000000107
0.04607925000000179
0.2993007499999969
0.6315850000000012
0.5098085000000019
0.0889314999999975
0.1565007499999993
0.05376525000000143
0.04313374999999908
0.11496550000000028
0.0905105000000006
0.015990750000000276
0.06093475000000126
0.09814875
0.5920144999999977
0.3605867499999995
0.14309875000000005
0.2991602499999999
0.30200000000000315
0.25123949999999695
0.13181000000000154
0.7119217499999984
0.5448687500000027
0.18748649999999856
0.05952625000000111
0.15296949999999754
0.08839350000000223
0.014337499999999892
0.11348449999999843
0.15590375000000023
0.18058750000000146
0.22018474999999782
0.04062800000000166
0.08926625000000143
0.022090749999996717
0.12995200000000295
0.1916362499999984
0.48186025000000043
0.07271675000000144
0.24721749999999787
0.03293174999999948
0.11705124999999938
