0.010740199999999867
0.028201000000000143
0.028697999999999446
0.06529689999999988
0.34528400000000037
0.07361159999999956
0.02812120000000018
0.0871689
0.30395030000000034
0.14557939999999991
0.011796099999999754
0.15927399999999992
0.5254269000000003
0.2595573
0.012414999999999843
0.12777569999999994
0.025566099999999814
0.35044440000000066
0.1843938000000005
0.11690709999999882
0.10839310000000069
0.3575981000000006
0.22623119999999908
0.07034520000000022
0.35145289999999996
0.8323508000000004
0.16579980000000027
0.020398699999999437
0.05651089999999925
0.5446450000000009
0.36096530000000016
0.39977609999999864
0.30886309999999995
0.08554880000000153
0.23388359999999864
0.014738200000000035
0.43543220000000105
0.08297529999999931
0.1439470000000007
0.02916029999999914
0.20717319999999972
0.2831285000000001
0.8115541000000004
0.09109839999999991
0.23709810000000076
0.3786049999999985
0.057831800000000655
0.050268700000000166
0.028910500000000283
0.12434899999999871
0.5781815000000012
0.20832150000000027
0.08387249999999824
0.0295810000000003
0.13752799999999965
0.14644150000000167
0.23035489999999825
0.1329734000000009
0.8749250999999987
0.1563352000000009
0.24092600000000175
0.03333860000000044
0.11520719999999685
0.4040424000000016
0.08358949999999865
0.043549999999999756
0.39985610000000094
0.10719110000000143
0.04992539999999934
0.1442206000000006
0.3062767999999991
0.45757340000000113
0.08614309999999747
0.10244690000000034
0.07392400000000166
0.06559689999999918
0.12799700000000058
0.24544990000000055
0.13046149999999912
0.011812299999998999
0.13166070000000119
0.04158710000000099
0.12406119999999987
0.10431230000000014
0.010417199999999127
0.026481300000000374
0.17319369999999878
0.1958915999999995
0.32753489999999985
0.5582087000000016
0.07626630000000034
0.1499157999999987
0.11475390000000019
0.3352642999999986
0.23088979999999992
0.22758110000000187
0.11326210000000003
0.08776290000000131
0.21836899999999915
