0.09812150000000042
0.6869337
0.26719569999999937
0.18380870000000016
0.5205054000000002
0.44040380000000034
0.38627899999999915
0.23148530000000012
0.13223209999999952
0.2442233000000016
0.13434989999999836
0.2754846000000004
0.016417600000000476
0.10884309999999964
0.12310830000000017
0.10523470000000046
0.014741799999999472
0.013484300000000005
0.12518389999999968
0.009133300000000233
0.09979030000000044
0.04199939999999991
0.2775028000000006
0.032770599999999206
0.07217830000000092
0.13513379999999842
0.07110820000000118
0.02604960000000034
0.05272559999999871
0.10190930000000087
0.14390150000000013
0.35055559999999986
0.25470679999999923
0.08654280000000014
0.1563081000000004
0.049965600000000165
0.01919000000000004
0.048093399999999065
0.6025445999999999
0.33052160000000086
0.27093720000000054
1.214797599999999
0.1141217999999995
0.16079790000000038
0.7453531000000009
0.5125457999999998
0.073099899999999
0.1643068000000003
0.11901090000000103
0.0745799999999992
0.017626099999999312
0.2725761000000002
0.09637960000000056
0.17837499999999906
0.16706119999999913
0.41548150000000206
0.0644512000000006
0.12956750000000028
0.023792900000000117
0.18714980000000025
0.1255381999999976
0.050055900000000264
0.1754515000000012
0.4386909999999986
0.10002240000000029
0.47005300000000005
0.24543429999999944
0.03188880000000083
0.04734320000000025
0.03556599999999932
0.09396070000000023
0.06701019999999858
0.15387380000000306
0.11545549999999949
0.029596599999997864
0.10995150000000109
0.03240909999999886
0.04935750000000283
0.13166209999999978
0.2625833999999969
0.08981810000000223
0.39947799999999845
0.06699019999999933
0.07437120000000164
0.1910279000000017
0.02067819999999898
0.12308089999999794
0.02766629999999992
0.09776240000000058
0.033759400000000994
0.06673719999999861
0.13544230000000113
0.028837200000001673
0.031297899999998435
0.12951789999999974
0.10468000000000188
0.08867799999999804
0.7253323999999992
0.3812847000000019
0.10372879999999896
0.012128199999999367
0.07481600000000199
0.3022342999999985
0.10026330000000172
0.2979959999999977
0.0829778999999995
0.2645797999999999
0.3581089000000013
0.06336840000000166
0.08609579999999895
0.022636500000000837
0.06482189999999832
0.074581000000002
0.1403655999999991
