0.3270042499999999
0.17298275000000007
0.11849349999999959
0.26648850000000035
0.42497574999999976
0.015338250000000109
0.06581550000000025
0.1610037499999999
0.0905724999999995
0.01698999999999984
0.021724000000000743
0.25418324999999964
0.08105049999999991
0.28239250000000027
0.06695049999999991
0.17011799999999955
0.19058625000000085
0.08123774999999966
0.20558849999999929
0.15123025000000112
0.16344099999999884
0.13532050000000062
0.09208199999999955
0.0769257500000009
0.0273589999999988
0.01858800000000116
0.06596099999999971
0.06363024999999922
0.15647425000000048
0.05920174999999972
0.10927550000000075
0.08662374999999933
0.14952150000000053
0.042224499999999665
0.0875869999999992
0.04719075000000039
0.03387675000000101
0.12886474999999997
0.12111324999999873
0.4485557500000006
0.08930600000000055
0.29506875000000043
0.26722849999999987
0.8701937499999985
0.07371200000000044
0.5096430000000005
0.09957625000000014
0.29778224999999914
0.011731499999999784
0.02479824999999991
0.35334675000000004
0.2660417500000012
0.10962374999999902
0.016039499999999762
0.2912687500000004
0.2135864999999999
0.05408350000000084
0.1394392499999988
0.19970350000000003
0.47191325000000006
0.1869422500000013
0.15866675000000008
0.07103899999999896
0.0564562500000001
0.15610399999999913
0.1387312499999993
0.03432575000000071
0.1179527500000006
0.22132099999999966
0.04081899999999905
0.045127250000000174
0.007264500000001561
0.0709182499999983
0.03995324999999994
0.14103475000000287
0.10173899999999847
0.02113625000000141
0.24841299999999933
0.6640162499999995
0.0818525000000001
0.25736075000000014
0.06401474999999834
0.06698749999999976
0.053423500000000956
0.04162074999999987
0.029596500000000248
0.1844037500000013
0.551863749999999
0.028808500000000237
0.5647222499999991
0.11670475000000025
0.07421049999999951
0.3016077500000023
0.21078099999999722
1.0288947500000027
0.242486999999997
0.014845000000001107
0.19191525000000098
0.08414875000000066
0.017679999999998586
0.20239725000000064
0.012693999999999761
0.3348614999999988
0.06460550000000254
0.19813299999999856
0.16326825000000156
0.03569924999999685
0.017034750000000543
0.24375575000000183
0.0259254999999996
0.18589400000000111
0.11268474999999967
0.288701249999999
0.7609777499999986
0.017988250000001926
0.010891000000000872
