0.03851599999999955
0.08193099999999998
0.34361200000000025
0.14249699999999965
0.12157600000000013
0.033341000000000065
0.05063200000000023
0.6794839999999995
0.02262500000000056
0.29277899999999946
0.09112700000000018
0.13279300000000038
0.274184
0.039820999999999884
0.006553999999999505
0.20893800000000073
0.053979
0.34555500000000006
0.08417999999999992
0.33367900000000006
0.04174599999999984
0.08557399999999937
0.13824800000000081
0.14908499999999947
0.10511999999999944
0.03962399999999988
0.1493220000000015
0.009022999999999115
0.07572399999999924
0.3246910000000014
0.24997499999999917
0.41844599999999943
0.29559200000000097
0.15026899999999976
0.2119510000000009
0.10259099999999854
0.025498000000000687
0.14841499999999996
0.31755399999999945
0.03563000000000116
0.1035629999999994
0.02166599999999974
0.010239999999999583
0.07544799999999974
0.2546740000000014
0.04696699999999865
0.08765900000000038
0.0840209999999999
0.24407200000000095
0.08519599999999983
0.06923600000000008
0.018649999999999167
0.08398400000000095
0.4754519999999989
0.353568000000001
0.009070999999998719
0.4242290000000004
0.17798600000000064
0.283315
0.544435
0.05704199999999915
0.14547000000000132
0.015080999999998568
0.3387170000000008
0.2407439999999994
0.12459300000000084
0.11533499999999819
0.10172999999999988
0.06416100000000213
0.08388399999999763
0.015574000000000865
0.08733600000000052
0.2069289999999988
0.4372560000000014
0.38644700000000043
0.43653499999999923
0.22920900000000088
0.26834500000000006
0.24332899999999924
0.05063000000000173
0.10471599999999981
0.04111299999999929
0.24467500000000086
0.10041799999999768
0.06000900000000087
0.055807000000001494
0.027313999999996952
0.07920700000000025
0.20903700000000214
0.38889899999999855
0.031074000000000268
0.512162
0.035999000000000336
0.03209199999999868
0.1012560000000029
0.0083139999999986
0.21737099999999998
0.10741900000000015
0.10602300000000042
0.21528499999999795
0.07843100000000192
0.9269390000000008
0.8873719999999992
0.12240800000000007
0.03969899999999882
0.18276300000000134
0.5525229999999972
0.13875400000000226
0.05553000000000097
0.08537499999999909
0.22775899999999893
0.17410600000000187
