0.20825700000000058
0.1311
0.006806999999999341
0.6179640000000006
0.018453000000000053
0.02584799999999987
0.10211099999999984
0.12932100000000002
0.14586599999999983
0.039975000000000094
0.40327499999999983
0.4211879999999999
0.2556029999999998
0.6183569999999996
0.5200230000000001
0.0059160000000009205
0.13307400000000058
0.039809999999999235
0.10405500000000067
0.2378159999999987
0.01792499999999997
0.060252000000000194
0.12619500000000095
0.5946449999999999
0.018131999999999593
0.2422260000000005
0.13757700000000028
0.08544899999999878
0.12060000000000137
0.07369799999999849
0.592353000000001
0.1996739999999999
0.12532799999999966
0.22863000000000078
0.5073840000000001
0.830582999999999
0.46754100000000065
0.05474399999999946
0.020621999999999474
0.11697000000000024
0.16411200000000115
0.11311199999999921
0.43073099999999975
0.12649200000000071
0.1632359999999995
0.037520999999999916
0.08636399999999966
0.03364800000000123
0.174866999999999
0.5077410000000011
0.03018900000000002
0.20053500000000035
0.3260279999999973
0.07625100000000273
0.9318719999999985
0.38776200000000216
0.12318899999999999
0.05852999999999753
0.07753800000000055
0.09120899999999921
0.2140800000000027
0.07651800000000009
0.046712999999996896
0.14675700000000091
0.071550000000002
0.00721799999999817
0.33490799999999865
0.006618000000003121
0.02465999999999724
0.04942500000000294
0.20513399999999749
0.22236900000000048
0.08825399999999917
0.23020500000000155
0.0776520000000005
0.24413099999999943
0.1491749999999996
0.008334000000001396
0.08054699999999926
0.06056699999999893
0.044844000000001216
0.14563799999999816
0.06324600000000302
0.023573999999999984
0.011249999999996874
0.05159400000000147
0.3218369999999986
0.033384000000001635
0.16860300000000095
0.08372699999999966
0.19827300000000037
0.27801900000000046
0.026687999999996492
0.17138100000000023
0.07682100000000247
0.010248000000000701
0.16146599999999722
0.014352000000002363
0.041850000000000165
0.2094629999999995
0.25943699999999836
0.6278190000000023
0.2332049999999981
0.5641199999999991
0.022500000000000853
0.05498700000000056
0.04021200000000036
0.2242709999999981
0.051579000000000264
0.04830000000000112
0.08414700000000153
0.04873800000000017
