0.04400000000000048
0.6139999999999999
0.054999999999999716
0.017000000000000348
0.18400000000000016
0.04499999999999993
0.18599999999999994
0.2759999999999998
0.34499999999999975
0.040000000000000036
0.14200000000000035
0.020999999999999908
0.2469999999999999
0.3769999999999998
0.19200000000000017
0.42900000000000027
0.0519999999999996
0.0779999999999994
0.12700000000000067
0.1609999999999996
0.08200000000000074
0.30599999999999916
0.06400000000000006
0.25400000000000134
0.3199999999999985
0.3500000000000014
0.21199999999999974
0.07199999999999918
0.11000000000000121
0.04699999999999882
0.017000000000001236
0.15700000000000003
0.22199999999999953
0.15700000000000003
0.032999999999999474
0.11599999999999966
0.06400000000000006
0.03200000000000003
0.08699999999999974
0.06400000000000006
0.31200000000000117
0.24899999999999878
0.3420000000000005
0.12599999999999945
0.14400000000000013
0.2530000000000001
0.027000000000001023
0.022999999999999687
0.18900000000000006
0.013999999999999346
0.23799999999999955
0.07700000000000173
0.06599999999999895
0.03700000000000081
0.01699999999999946
0.3000000000000007
0.1919999999999984
0.40700000000000003
0.018000000000000682
0.08800000000000097
0.1039999999999992
0.2400000000000002
0.2270000000000003
0.129999999999999
0.2480000000000011
0.5169999999999995
0.09999999999999964
0.11100000000000065
0.11599999999999966
0.06400000000000006
0.3019999999999996
0.125
0.10600000000000165
0.14099999999999824
0.015000000000000568
0.05999999999999872
0.120000000000001
0.26000000000000156
0.1999999999999993
0.18100000000000094
0.02499999999999858
0.08599999999999852
0.019999999999999574
0.23900000000000077
0.17999999999999972
0.4559999999999995
0.5130000000000017
0.24299999999999855
0.49900000000000233
0.12099999999999866
0.07499999999999929
0.11100000000000065
0.027000000000001023
0.15399999999999991
0.05099999999999838
0.037000000000002586
0.04100000000000037
0.05999999999999872
0.1319999999999979
0.2410000000000032
0.06400000000000006
0.054999999999999716
0.05299999999999727
0.12300000000000111
0.05900000000000105
0.08999999999999986
0.5429999999999993
0.010999999999999233
0.10000000000000142
0.07199999999999918
0.018000000000000682
0.2710000000000008
0.03999999999999915
0.1720000000000006
0.45700000000000074
0.06499999999999773
0.009000000000000341
0.1280000000000001
0.23700000000000188
0.10499999999999687
0.07000000000000028
0.060000000000002274
0.045999999999999375
0.3689999999999998
0.1460000000000008
0.0779999999999994
0.24899999999999878
