0.08300000000000018
0.20599999999999952
0.03399999999999981
0.07600000000000051
0.5860000000000003
0.11199999999999921
0.30100000000000016
0.1750000000000007
0.0259999999999998
0.2450000000000001
0.024999999999999467
0.9510000000000005
0.347999999999999
0.015000000000000568
0.04300000000000104
0.18299999999999983
0.129999999999999
0.04800000000000004
0.02400000000000091
0.08000000000000007
0.21099999999999852
0.04400000000000048
0.02400000000000091
0.24899999999999878
0.13200000000000145
0.11899999999999977
0.2809999999999988
0.012000000000000455
0.06300000000000061
0.04299999999999926
0.019999999999999574
0.04300000000000104
0.08099999999999952
0.05600000000000094
0.3539999999999992
0.4469999999999992
0.354000000000001
0.0990000000000002
0.1429999999999989
0.2320000000000011
0.11899999999999977
0.06300000000000061
0.2919999999999998
0.20999999999999908
0.13100000000000023
0.1609999999999996
0.2940000000000005
0.02400000000000091
0.4989999999999988
0.054999999999999716
0.0730000000000004
0.30900000000000105
0.0259999999999998
0.04800000000000004
0.02099999999999902
0.16600000000000037
0.16300000000000026
0.3520000000000003
0.1980000000000004
0.18899999999999828
0.09299999999999997
0.1120000000000001
0.38500000000000156
0.0389999999999997
0.270999999999999
0.6039999999999992
0.2610000000000028
0.019999999999999574
0.15499999999999758
0.18400000000000105
0.03999999999999915
0.062000000000001165
0.08999999999999986
0.1280000000000001
0.14199999999999946
0.2839999999999989
0.1670000000000016
0.12300000000000111
0.19500000000000028
0.12599999999999767
0.09299999999999997
0.09700000000000131
0.11799999999999855
0.15600000000000236
0.0849999999999973
0.08600000000000207
0.10299999999999798
0.4660000000000011
0.06899999999999906
0.12700000000000244
0.16699999999999804
0.07499999999999929
0.06300000000000239
0.3000000000000007
0.2240000000000002
0.20099999999999696
0.2680000000000007
0.16100000000000136
0.5569999999999986
0.03999999999999915
0.022000000000002018
0.08599999999999852
0.02400000000000091
0.013000000000001677
0.34399999999999764
0.13200000000000145
0.05000000000000071
0.21099999999999852
0.05000000000000071
0.08800000000000097
0.0849999999999973
0.045000000000001705
0.11299999999999955
0.045000000000001705
0.639999999999997
0.07900000000000063
0.25400000000000134
0.34199999999999875
0.053000000000000824
0.06099999999999994
