0.17503500000000027
0.47957099999999997
0.10769699999999993
0.05293499999999973
0.09550500000000017
0.31250100000000014
0.12652199999999958
0.08886600000000033
0.059612999999999694
0.1920390000000003
0.0883560000000001
0.16012800000000027
0.15894299999999983
0.19776900000000008
0.11572799999999983
0.08430599999999977
0.3243779999999994
0.011946000000000012
0.1514760000000006
0.3557459999999999
0.05139899999999997
0.03626700000000049
0.14614199999999933
0.03660300000000127
0.3005040000000001
0.22480799999999945
0.19270799999999966
0.10684499999999986
0.02907300000000035
0.047219999999999374
0.2548080000000006
0.17787299999999995
0.2600189999999998
0.007158000000000442
0.22002900000000025
0.8568299999999986
0.32113800000000126
0.21284999999999954
0.07640100000000061
0.043040999999998775
0.07718100000000128
0.20063699999999862
0.17570400000000141
0.04448399999999886
0.08597100000000069
0.3374220000000001
0.37829400000000035
0.32337300000000013
0.0685109999999991
0.17711700000000086
0.24224399999999946
0.48852600000000024
0.41928899999999913
0.026210999999999984
0.14064300000000074
0.04962899999999948
0.09999000000000002
0.057309000000000054
0.13294499999999942
0.1582290000000004
0.1524599999999996
0.08194500000000104
0.24694200000000066
0.1051739999999981
0.8771430000000002
0.29172000000000153
0.16422000000000025
0.3910289999999996
0.38356199999999774
0.6180960000000013
0.21018899999999974
0.03416700000000006
0.2540040000000019
0.3974669999999989
0.019514999999998395
0.40441200000000066
0.5216790000000024
0.239217
0.03193199999999763
0.06516300000000186
0.14328899999999933
0.025403999999998206
0.01246200000000286
0.1786139999999996
0.16132799999999747
0.55077
0.07586700000000235
0.20083499999999788
0.18740999999999985
0.10228800000000149
0.10292099999999849
0.3283769999999997
0.5937870000000025
0.0909899999999979
0.06120300000000256
0.4968690000000002
0.052080000000000126
0.05039999999999978
0.1294349999999973
