0.17615099999999995
0.21938700000000022
0.21135599999999943
0.060597000000000456
0.35255100000000006
0.08127299999999948
0.2783610000000003
0.05404199999999992
0.16905000000000037
0.2476440000000002
0.12164399999999986
0.19090499999999988
0.2268479999999995
0.14271900000000048
0.0529200000000003
0.058856999999999715
0.44070000000000054
0.1555769999999992
0.02061300000000088
0.04463999999999935
0.1872600000000002
0.009014999999999773
0.10037400000000041
0.5751929999999987
0.06621000000000166
0.020984999999999587
0.011480999999999852
0.2620679999999993
0.17127900000000018
0.056439000000001016
0.09120599999999968
0.07791299999999879
0.0368460000000006
0.12618300000000104
0.03929399999999994
0.311240999999999
0.0664049999999996
0.2682720000000014
0.2969369999999998
0.009203999999998658
0.16443600000000025
0.5535870000000003
0.7502580000000005
0.0819150000000004
0.08432700000000004
0.25704299999999947
0.23124900000000004
0.22001399999999904
0.10147200000000112
0.060710999999999515
0.15658800000000106
0.18187199999999848
0.019761000000000806
0.0226260000000007
0.14738399999999885
0.10170000000000101
0.262103999999999
0.3570000000000011
0.005981999999999488
0.17842499999999895
0.234255000000001
0.5896799999999995
0.09825600000000101
0.43448399999999765
0.14705400000000068
0.06030900000000017
0.021813000000001637
0.45566399999999874
0.28650599999999926
0.2396729999999998
0.22074300000000235
0.5425799999999974
0.5126880000000007
0.07854900000000242
0.386412
0.154793999999999
0.44887800000000055
0.05363399999999885
0.15008100000000013
0.022028999999999854
0.19540500000000094
0.29628299999999896
0.062408999999998827
0.13992300000000313
0.012536999999998244
0.32129400000000174
0.03106199999999859
0.10536000000000101
0.007949999999997459
0.12336900000000028
0.05287799999999976
0.017763000000002194
0.010076999999999003
0.19233600000000095
0.11287799999999848
0.1856100000000005
0.130116000000001
0.03506699999999796
0.05198700000000045
0.19464600000000232
0.21518099999999762
0.7562220000000011
0.17243699999999862
0.19192500000000123
0.03260699999999872
0.019782000000002853
0.04557599999999695
0.10107900000000214
0.10444199999999881
0.00911999999999935
0.09915600000000069
0.20064299999999946
0.142590000000002
0.03837599999999952
0.030953999999997706
