0.1382764999999999
0.026792499999999997
0.017854999999999954
0.08485300000000073
0.5883069999999995
0.03186399999999967
0.18623500000000082
0.21674849999999957
0.03341900000000031
0.4122874999999997
0.23886200000000013
0.024951500000000237
0.14051849999999977
0.1727824999999994
0.42744850000000056
0.06251249999999953
0.03639800000000015
0.9412630000000002
0.6031530000000007
0.17010049999999843
0.25095750000000017
0.2861780000000014
0.3054319999999997
0.19402000000000008
0.29638600000000004
0.6360739999999989
0.2553555000000003
0.2693480000000008
0.11076349999999913
0.03800249999999927
0.10256050000000094
0.3810664999999993
0.3780865000000002
0.06535150000000023
0.2985155000000006
0.31441799999999986
0.016439000000000092
0.12503199999999914
0.16741400000000084
0.2239494999999998
0.11584299999999992
0.30913849999999954
0.22713500000000053
0.012750999999999735
0.10799500000000073
0.180553999999999
0.20363249999999944
0.06675000000000075
0.24227950000000043
0.2635455000000011
0.02982849999999715
0.027741500000001196
0.03951049999999867
0.09989000000000203
0.3083069999999992
0.44077899999999914
0.24746000000000024
0.13386150000000185
0.46446849999999884
0.21180599999999927
0.0084565000000012
0.0369250000000001
0.08128699999999967
0.27413199999999804
0.10388550000000052
0.025007999999999697
0.1388885000000002
0.3028765
0.025840000000002306
0.12688799999999745
0.0668325000000003
0.05159100000000194
0.1318534999999983
0.016776000000000124
0.12018000000000129
0.04668399999999906
0.23783650000000023
0.03590600000000066
0.37596849999999904
0.22838850000000122
0.5270934999999994
0.010145999999998878
0.34983250000000155
0.5191704999999978
0.5813745000000026
0.5354939999999999
0.09133699999999934
0.05677049999999895
0.10494950000000003
0.7234444999999994
0.2553465000000017
0.2442719999999987
0.0819794999999992
0.2819490000000009
