0.039977999999999625
0.06707700000000028
0.5740949999999998
0.21011700000000033
0.21199499999999993
0.36993600000000004
0.26981699999999975
0.6046320000000005
0.06346199999999946
0.129162
0.20488200000000045
0.07986900000000041
0.06080099999999966
0.045386999999999844
0.185414999999999
0.20838
0.01149300000000153
0.2599979999999995
0.46156799999999976
0.21753299999999953
0.018494999999999706
0.5360190000000014
0.15935699999999997
0.013613999999998683
0.047568000000000055
0.03281400000000012
0.7979910000000014
0.945962999999999
0.03406200000000048
1.5988500000000005
0.041357999999998896
0.12936600000000098
0.03742800000000024
0.03428399999999954
0.25935299999999906
0.2986890000000013
0.11411099999999941
0.02215200000000017
0.23786999999999914
0.2723399999999998
0.0518370000000008
0.3003839999999993
0.5078520000000015
0.034655999999998244
0.06649499999999975
0.35377200000000286
0.21199199999999863
0.05803799999999981
0.11739899999999892
0.3402780000000014
0.029900999999998845
0.16994400000000098
0.04015499999999861
0.3918330000000019
0.387401999999998
0.09410400000000152
0.16238999999999848
0.2103330000000021
0.3134909999999991
0.06869700000000023
0.3920099999999991
0.3791189999999993
0.4781580000000005
0.026292000000001536
0.07024499999999989
0.23208899999999844
0.20472900000000038
0.023340000000001027
0.10274700000000081
0.12125099999999733
0.22041600000000017
0.14752200000000215
0.05383799999999894
0.1387830000000001
0.23552400000000162
0.010532999999998793
0.2760929999999995
0.19239900000000176
0.18337199999999854
0.37394700000000114
0.28896299999999897
0.18539399999999873
0.11307000000000045
0.7404240000000009
0.40500899999999973
