0.13888199999999973
0.08302799999999966
0.16394999999999982
0.4191180000000001
0.053607000000000404
0.2972549999999998
0.39912599999999987
0.0168689999999998
0.18709800000000065
0.1319910000000002
0.18527699999999925
0.09722700000000017
0.3467790000000006
0.02843099999999943
0.5028869999999994
0.029634000000001492
0.031943999999999306
0.16390200000000021
0.05633699999999919
0.12345000000000006
0.03547200000000039
0.0516419999999993
0.05589900000000014
0.17105700000000112
0.09809999999999874
0.06405600000000078
0.274794
0.1292100000000005
0.2817899999999991
0.47435700000000125
0.14687699999999992
0.014882999999999313
0.03195599999999921
0.40425300000000064
0.3360479999999999
0.4944450000000007
0.10747199999999957
0.14090700000000034
0.16607999999999912
0.03696300000000008
0.03354900000000072
0.3568889999999989
0.126456000000001
0.3016740000000002
0.036080999999999364
0.30198900000000073
0.043715999999999866
0.14853300000000047
0.17138999999999882
0.15651300000000035
0.2824139999999993
0.0865860000000005
0.02676600000000029
0.13658400000000093
0.10542599999999958
0.024236999999999398
0.1297770000000007
0.011084999999999567
0.05261400000000016
0.11728499999999897
0.25942500000000024
0.4078470000000003
0.08248500000000014
0.04496699999999976
0.08848500000000037
0.10756499999999924
0.0484650000000002
0.13703399999999988
0.07178700000000049
0.0992910000000009
0.05559599999999776
0.21249300000000204
0.22184400000000082
0.250829999999997
0.06213600000000241
0.04890299999999925
0.1963259999999991
0.2640480000000025
0.19872599999999707
0.06470700000000207
0.20367299999999844
0.22179600000000121
0.02081099999999836
0.23494499999999974
0.0526440000000008
0.021297000000000565
0.26627699999999876
0.2487870000000001
0.4295010000000019
0.1391159999999978
0.010566000000000741
0.029759999999999565
0.4170240000000014
0.13843200000000166
0.08381399999999672
0.07835100000000139
0.14160899999999899
0.18560700000000097
0.046904999999998864
0.07640400000000014
0.026711999999999847
0.9304350000000028
0.19623599999999897
0.04136099999999843
0.27199500000000043
0.15044400000000024
0.22638600000000153
0.294947999999998
0.2925330000000024
0.25616099999999875
0.15863099999999974
0.47170799999999957
0.04754400000000203
0.031586999999998255
0.29008500000000126
0.3087869999999988
0.22400100000000123
0.05859299999999834
