0.09825549999999961
0.02026899999999987
0.14558300000000024
0.27999799999999997
0.474526
0.1878624999999996
0.029755999999999894
0.12301600000000068
0.08565049999999985
0.10291849999999947
0.36830750000000023
0.6064340000000001
0.1434280000000001
0.47470499999999927
0.9655950000000004
0.11065800000000081
0.05666949999999993
0.06974999999999909
0.07788150000000016
0.3612315000000006
0.39601049999999915
0.4753039999999995
1.3368815000000005
0.06627600000000022
0.0959424999999996
0.43488600000000055
0.2743134999999999
0.08830949999999937
0.12268000000000079
0.6179170000000003
0.12994999999999912
0.1197335000000006
0.3506599999999995
0.4162315000000003
0.359059499999999
0.26416850000000025
0.17125250000000136
0.22992249999999892
0.21006599999999942
0.06784500000000016
0.028181500000002302
0.1211494999999978
0.33167150000000234
0.5514199999999967
0.07506500000000216
0.11443350000000052
0.015598499999999405
0.04066299999999856
0.24616400000000027
0.021459000000000117
0.20605450000000047
0.09728550000000169
0.07259399999999872
0.061091499999999854
0.2102934999999988
0.1842295000000007
0.6543559999999999
0.03197899999999976
0.1675760000000004
0.14071200000000061
0.4685795000000006
0.45379999999999754
0.3664795000000005
0.018808500000002226
0.065119499999998
0.06096700000000155
0.10785999999999873
0.19058100000000167
0.012100000000000222
0.1530569999999969
0.09076549999999983
0.3772560000000027
0.08049549999999783
0.25474700000000183
0.4007435000000008
0.8968104999999973
0.3053474999999999
0.2154235
0.8544839999999994
0.023474000000000217
