0.03700000000000081
0.22499999999999964
0.46699999999999964
0.04600000000000026
0.3620000000000001
0.07000000000000028
0.399
0.04499999999999993
0.1200000000000001
0.10400000000000009
0.1429999999999998
0.043999999999999595
0.0860000000000003
0.10099999999999998
0.01100000000000012
0.16199999999999992
0.20000000000000018
0.3349999999999991
0.016000000000000014
0.0470000000000006
0.2469999999999999
0.6059999999999999
0.09600000000000009
0.02200000000000024
0.05599999999999916
0.07200000000000095
0.04899999999999949
0.3620000000000001
0.24900000000000055
0.0860000000000003
0.11099999999999888
0.08500000000000085
0.12400000000000055
0.6869999999999994
0.11599999999999966
0.2400000000000002
0.2829999999999995
0.12900000000000134
0.2779999999999987
0.14100000000000001
0.2870000000000008
0.017999999999998906
0.14800000000000146
0.019000000000000128
0.10699999999999932
0.0730000000000004
0.32699999999999996
0.19399999999999906
0.04600000000000115
0.40199999999999925
0.1620000000000008
0.270999999999999
0.15399999999999991
0.136000000000001
0.07399999999999984
0.02200000000000024
0.4739999999999984
0.019000000000000128
0.11300000000000132
0.06700000000000017
0.09499999999999886
0.1479999999999997
0.24600000000000044
0.11800000000000033
0.015000000000000568
0.24600000000000044
0.0519999999999996
0.015999999999998238
0.20700000000000074
0.010000000000001563
0.07199999999999918
0.18499999999999872
0.2840000000000025
0.2779999999999987
0.13400000000000034
0.07600000000000051
0.20599999999999952
0.06199999999999761
0.11200000000000188
0.25400000000000134
0.21599999999999753
0.062000000000001165
0.012999999999998124
0.39000000000000057
0.08500000000000085
0.1750000000000007
0.43400000000000105
0.1609999999999978
0.022999999999999687
0.272000000000002
0.07499999999999929
0.2759999999999998
0.054999999999999716
0.17600000000000193
0.00999999999999801
0.1720000000000006
0.24599999999999866
0.054999999999999716
0.02400000000000091
0.32700000000000173
0.020999999999997243
0.10500000000000043
0.028000000000002245
0.06199999999999761
0.04800000000000182
0.0259999999999998
0.10200000000000031
0.18599999999999994
0.38700000000000045
0.2240000000000002
0.01899999999999835
0.19200000000000017
0.19200000000000017
0.18700000000000117
0.25
0.23199999999999932
0.038999999999997925
0.02400000000000091
0.053000000000000824
0.01699999999999946
0.18799999999999883
0.014000000000002899
0.1269999999999989
0.054999999999999716
0.16900000000000048
0.022999999999999687
0.09700000000000131
0.125
0.03200000000000003
0.1039999999999992
0.13700000000000045
0.09099999999999753
