0.2575724999999993
0.0841327500000002
0.4233817499999999
0.3754957500000007
0.16487174999999965
0.08880900000000036
0.1915754999999999
0.18621224999999964
0.08560649999999992
0.11640374999999992
0.16756050000000045
0.27281399999999945
0.43974075000000035
0.5657894999999993
0.12105375000000151
0.36897449999999843
0.07255875000000067
0.2828587500000008
0.4908622499999993
0.0378052499999999
0.36203324999999964
0.05789475000000088
0.010422000000000153
0.3270944999999994
0.43136999999999937
0.4271452500000006
0.04844925000000089
0.36260024999999985
0.2084564999999987
0.1396612500000014
0.05871974999999985
0.1678432499999989
0.34588725000000053
0.06263775000000038
0.13307475000000046
0.2262044999999997
0.5444174999999998
0.11515200000000014
0.20197875000000032
0.051563999999999055
0.009406500000000761
0.1253909999999987
0.1289137500000006
0.029872499999999746
0.08697150000000065
0.0969180000000005
0.3119594999999986
0.10702950000000122
0.03191024999999925
0.5699415000000005
0.4181347500000001
0.12466500000000025
0.18195374999999814
0.1421947500000016
0.04436474999999973
0.29378924999999967
0.1391677499999986
0.052381500000002745
0.5461672499999999
0.1884517499999987
0.6125310000000006
0.3186757500000006
0.07679399999999958
0.25915424999999814
0.8141190000000016
0.1100715000000001
0.13863225000000057
0.14842875000000078
0.15306524999999738
0.1805115000000015
1.6121189999999999
0.021029250000001554
0.0639577499999966
0.2208180000000013
0.334477500000002
0.04499624999999696
0.5196982500000011
0.10495350000000059
0.19510800000000117
0.21538799999999725
0.13488900000000115
0.19164900000000173
0.2457232499999975
0.08019825000000225
