1.2354500000000002
0.013600000000000279
0.10879999999999956
0.04257000000000044
0.01758999999999933
0.11553000000000058
0.04563999999999968
0.03206000000000042
0.2511399999999995
0.1652300000000002
0.25973999999999986
0.03448999999999991
0.2472000000000003
0.05621000000000009
0.06445999999999952
0.056080000000000574
0.2657500000000006
0.0314799999999984
0.3898900000000012
0.025219999999999132
0.15763000000000105
0.1986100000000004
0.5147499999999994
0.19613999999999976
0.07562000000000069
0.22231000000000023
0.01995999999999931
0.09425000000000061
0.029489999999999128
0.019120000000000914
0.35377999999999865
0.14397000000000126
0.08339999999999925
0.0572499999999998
0.01576999999999984
0.09928000000000026
0.19551000000000052
0.25407000000000046
0.34773999999999994
0.053889999999999105
0.10630000000000095
0.06210999999999878
0.2124000000000006
0.32104
0.05500999999999934
0.27177000000000007
0.33810000000000073
0.39650999999999925
0.0606800000000014
0.038119999999999266
0.03185000000000038
0.0723900000000004
0.11336000000000013
0.3872399999999985
0.01859000000000144
0.02117999999999931
0.1516099999999998
0.8587299999999995
0.27810000000000024
0.2522599999999997
0.20505000000000173
0.07540999999999976
0.4237099999999998
0.12757999999999825
0.10766000000000275
0.018509999999999138
0.17454000000000036
0.17272999999999783
0.17191000000000045
0.03567999999999927
0.4633300000000027
0.20644000000000062
0.08724999999999739
0.1492900000000006
0.30600000000000094
0.15149999999999864
0.14939000000000036
0.16458000000000084
0.229140000000001
0.16485999999999734
0.33325000000000315
0.05129999999999768
0.08408999999999978
0.1813299999999991
0.020530000000000825
0.2944999999999993
0.060000000000002274
0.014150000000000773
0.20253999999999905
0.20391000000000048
0.13481999999999772
0.3213600000000021
0.01712999999999809
0.02903000000000233
0.06080000000000041
0.10393999999999792
0.13964
0.817499999999999
0.3139099999999999
0.03246000000000038
0.1856800000000014
0.2673999999999985
0.14494000000000185
0.12351999999999919
0.25049999999999883
0.20764000000000138
0.03544000000000125
0.5442
