0.13970000000000038
0.17609999999999992
0.11969999999999992
0.06079999999999952
0.05180000000000007
0.11960000000000015
0.04330000000000034
0.014000000000000234
0.9395999999999995
0.00820000000000043
0.09469999999999956
0.04220000000000024
0.7176999999999998
0.09489999999999998
0.16910000000000025
0.04560000000000031
0.13979999999999926
0.08329999999999949
0.386000000000001
0.20759999999999934
0.7136000000000013
0.03689999999999927
0.08910000000000018
0.051899999999999835
0.39289999999999914
0.23870000000000147
0.210799999999999
0.018000000000000682
0.08539999999999992
0.13809999999999967
0.12519999999999953
0.04269999999999996
0.3200000000000003
0.037200000000000344
0.28500000000000014
0.036999999999999034
0.14540000000000042
0.08769999999999989
0.0619000000000014
0.2115999999999989
0.27309999999999945
0.14890000000000114
0.5547000000000004
0.12739999999999974
0.06419999999999959
0.6853999999999996
0.05349999999999966
0.08420000000000094
0.21439999999999948
0.27590000000000003
0.2575000000000003
0.12199999999999989
0.03020000000000067
0.5746000000000002
0.18469999999999942
0.3100000000000005
0.07699999999999818
0.3149000000000015
0.04959999999999809
0.5469000000000008
0.17099999999999937
0.02640000000000242
0.04889999999999972
0.034600000000001074
0.02909999999999968
0.08899999999999864
0.34919999999999973
0.08079999999999998
0.22419999999999973
0.025800000000000267
0.05600000000000094
0.590799999999998
0.12900000000000134
0.49320000000000164
0.153299999999998
0.448599999999999
0.383300000000002
0.30900000000000105
0.10989999999999966
0.09499999999999886
0.2699999999999996
0.12010000000000076
0.25489999999999924
0.06620000000000203
0.26629999999999754
0.15559999999999974
0.14349999999999952
0.012199999999999989
0.012600000000002609
0.2228999999999992
0.3747000000000007
0.15119999999999933
0.2594999999999992
0.3623000000000012
0.21330000000000027
0.030300000000000438
0.012199999999999989
0.2699999999999996
0.0669000000000004
0.1053999999999995
0.1676000000000002
0.37069999999999936
0.08220000000000027
0.028999999999999915
