0.34394360000000024
0.10183229999999988
0.2400184999999997
0.1442325000000002
0.5334007999999999
0.07825289999999985
0.5960030999999999
0.22274560000000054
0.021819499999999437
0.29828989999999944
0.448374900000001
0.543967499999999
0.0470511000000009
0.15344170000000013
0.3901199000000002
0.12609519999999996
0.0603593999999994
0.15042749999999927
0.2499607000000008
1.0928781999999995
0.07383629999999997
0.28455049999999993
0.027818500000000412
0.23533970000000082
0.28933989999999987
0.16679639999999907
0.23959080000000021
0.01744109999999921
0.07330770000000086
0.06724849999999982
0.18110620000000033
0.040723299999999796
0.08985460000000067
0.07284649999999893
0.5529416999999999
0.019002600000000314
0.02250749999999968
0.07485199999999992
0.05304330000000057
0.16945989999999966
0.5516848999999997
0.09096100000000007
0.015080199999999877
0.12244990000000122
0.04900379999999949
0.45014360000000053
0.3071117000000001
0.21045109999999845
0.2939916999999994
0.10130770000000311
0.19680189999999698
0.010035500000000752
0.32212390000000113
0.049349700000000496
0.23276429999999948
0.08387910000000076
0.2706321999999979
0.042156200000000865
0.08350439999999892
0.27683760000000035
0.12178920000000204
0.11595029999999795
0.018017000000000394
0.01238440000000196
0.5796050999999984
0.23152740000000094
0.2052847999999976
0.1327233999999997
0.12863100000000216
0.0347754000000009
0.20820840000000018
0.1265117999999994
0.10059180000000012
0.1915206999999981
0.14059040000000067
0.03867599999999882
0.05037570000000002
0.10705989999999943
0.1273040000000023
0.14350049999999825
0.1570139000000026
0.0748117999999991
0.08989430000000098
0.11827019999999777
0.3605084000000005
0.15081699999999998
0.4353410999999987
0.016311600000001647
0.09236849999999919
0.3991056999999998
0.13037879999999902
0.31877930000000276
0.011880599999997798
0.3705914000000021
0.26461769999999873
0.017046400000001682
0.015986599999997964
0.014451000000001102
0.1610951000000007
0.09726669999999871
0.13804680000000147
0.12452679999999816
0.17951400000000106
0.27997020000000106
0.08847779999999972
