0.389818
0.1510530000000001
0.12591199999999958
0.21173299999999973
0.14099400000000006
0.10695300000000074
0.5019389999999992
0.034874000000000294
0.13635700000000028
0.2847219999999995
0.6170649999999993
0.01380300000000112
0.1336650000000006
0.35205599999999926
0.11435900000000032
0.05425900000000006
0.011699000000000126
0.33939699999999995
0.0981159999999992
0.036756000000000455
0.4061970000000006
0.14725399999999844
0.19228100000000126
0.13330399999999898
0.14316499999999976
0.09192499999999981
0.28516600000000025
0.08876900000000099
0.04777499999999968
0.04097699999999982
0.2415699999999994
0.20181499999999986
0.1468120000000006
0.1495470000000001
0.31238100000000024
0.23370899999999928
0.21714200000000083
0.062236999999999654
0.1473209999999998
0.06783800000000006
0.06957099999999983
0.095993
0.5426739999999999
0.2960849999999997
0.05906500000000037
0.008045000000000968
0.014762999999998527
0.11311500000000052
0.2222369999999998
0.3153940000000013
0.5712929999999989
0.1425970000000003
0.245514
0.7926549999999999
0.7103740000000016
0.1972619999999985
0.0894699999999986
0.39148400000000194
0.018871999999998224
0.097920000000002
0.005250000000000199
0.05271600000000021
0.133308999999997
0.02275200000000055
0.6105070000000019
0.5867070000000005
0.0316529999999986
0.16750899999999902
0.06467900000000171
0.05632100000000051
0.06509499999999946
0.05441199999999924
0.012367999999998602
0.3876559999999998
0.29272700000000285
0.2595320000000001
0.4003009999999989
0.2569440000000007
0.047162999999997623
0.11510300000000129
0.0758650000000003
0.22836600000000118
0.10006100000000018
0.18617300000000014
0.07301299999999955
0.2253319999999981
0.05930000000000035
0.15512000000000015
0.9528110000000005
0.6621689999999987
0.025628000000001094
0.18123900000000148
0.21848599999999863
0.2408210000000004
0.04586799999999869
0.3229089999999992
