0.28037000000000045
0.21912999999999982
0.23087000000000035
0.9001699999999992
0.16677000000000053
0.1142599999999998
0.3214300000000003
0.035199999999999676
0.06303999999999998
0.03324999999999978
0.007350000000000634
0.053309999999999746
0.011829999999999785
0.2824600000000004
0.14731999999999967
0.15591000000000044
0.0703200000000006
0.046469999999999345
0.021010000000000417
0.11915999999999904
0.012950000000000017
0.09309999999999974
0.0347400000000011
0.06501999999999875
0.13283000000000023
0.0872799999999998
0.193620000000001
0.2616499999999995
0.018810000000000215
0.07253000000000043
0.39101999999999926
0.08565000000000111
0.10116999999999976
0.04870000000000019
0.7291899999999991
0.05358000000000018
0.06675000000000075
0.22495999999999938
0.07160000000000011
0.22561999999999927
0.01906000000000141
0.07282999999999973
0.8224599999999995
0.5741700000000005
0.15017999999999887
0.3703000000000003
0.09039000000000108
0.107289999999999
0.47732000000000063
0.2511700000000001
0.4241799999999998
0.33792000000000044
0.297839999999999
0.09201000000000015
0.07417000000000051
0.24252000000000073
0.0680499999999995
0.6124699999999983
0.3693300000000015
0.20730000000000004
0.498899999999999
0.035370000000000346
0.07008000000000081
0.27020999999999873
0.35271000000000186
0.08052999999999955
0.4628200000000007
0.05660999999999916
0.09365999999999985
0.2988900000000001
0.39931999999999945
0.13707000000000136
0.29744999999999777
0.10268000000000299
0.20253999999999905
0.17739999999999867
0.36337999999999937
0.39273000000000025
0.3508800000000001
0.153100000000002
0.26034999999999897
0.03949000000000069
0.1517799999999987
0.05346000000000117
0.12426999999999921
0.23962000000000216
0.11946000000000012
0.10745000000000005
0.01897999999999911
0.09025000000000105
0.09597999999999729
0.07184000000000168
0.09059999999999846
0.04867000000000132
0.09599000000000046
0.0717800000000004
0.3279199999999989
0.09224000000000032
0.2721899999999984
0.07964000000000127
0.026250000000000995
0.08983999999999881
0.14705000000000013
0.16807999999999979
0.10455999999999932
0.08370000000000033
