0.060449250000000454
0.2541682500000002
0.3021614999999995
0.1172070000000005
0.07435724999999938
0.16162575000000068
0.2650162499999995
0.033998249999999786
0.08553375000000063
0.21043650000000014
0.34993049999999926
0.47965575000000005
0.2734304999999999
0.03903600000000029
0.6834495
0.07718700000000034
0.14895450000000032
0.6031837499999995
0.31526999999999994
0.21575924999999962
0.17566874999999982
0.14389874999999996
0.3928755000000006
0.15941699999999948
0.33874125
0.018297000000000452
0.42887774999999984
0.07048950000000076
0.08218574999999895
0.08583974999999988
0.43199325000000144
0.0860032499999992
0.20158499999999968
0.09856275000000103
0.11798624999999952
0.19929750000000013
0.012348749999999242
0.5173845000000004
0.1395584999999997
0.4507545000000004
0.1056240000000006
0.43648874999999876
0.04978050000000067
0.5256539999999994
0.08732250000000086
0.04742775000000066
0.01801949999999941
0.4464907500000006
0.32399549999999877
0.09107850000000006
0.04781625000000034
0.47827575000000166
0.07115699999999947
0.22205999999999904
0.2788252500000006
0.7786365000000011
0.035501249999999374
0.08220524999999768
0.04220624999999956
0.12189600000000311
0.3726652499999972
0.5707852500000001
0.2848080000000017
0.07188825000000065
0.024238499999999163
0.08658450000000073
0.17813250000000025
0.019999499999997283
0.47058825000000226
0.10055475000000058
0.15806249999999977
0.19360349999999826
0.020431500000000824
0.7299742500000015
0.38774175
0.15419624999999826
0.10713074999999961
0.13188375000000008
0.04455300000000051
0.15118574999999979
0.3984847500000015
0.18229574999999798
0.011647500000002253
0.2175112499999976
0.04857675000000228
0.013058999999998377
0.018373499999999154
0.024772500000000974
0.216467999999999
0.33424650000000256
0.05229675
0.0795277499999969
0.18195225000000192
0.1139557499999988
0.10826624999999979
0.16479149999999976
0.3204090000000015
