0.11779275000000045
0.15310075000000012
0.37417750000000005
0.2754494999999997
0.2605765
0.024167499999999897
0.1343697500000003
0.03821224999999995
0.12437900000000024
0.3284004999999999
0.22010174999999954
0.5828117500000003
0.01620674999999938
0.03269449999999985
0.10661750000000048
0.18256425000000043
0.19329100000000032
0.16346224999999848
0.15836500000000164
0.19465274999999949
0.036188250000000366
0.3432864999999996
0.15244700000000044
0.039372999999999436
0.016771000000000313
0.31038350000000037
0.06832374999999935
0.053141000000000105
0.08590899999999912
0.010666249999999877
0.3858920000000001
0.18105975000000107
0.3459224999999986
0.10119900000000115
0.08473099999999967
0.09243700000000032
0.6007420000000003
0.19922874999999962
0.03715249999999948
0.07511500000000026
0.22023375000000023
0.21218350000000008
0.054432499999998996
0.6220127500000014
0.3658899999999985
0.24950150000000093
0.49407974999999915
0.10091324999999962
0.06159100000000173
0.13750774999999926
0.16752499999999948
0.041964749999999995
0.08073150000000062
0.04701174999999935
0.08200650000000032
0.07610599999999934
0.17064650000000015
0.15431949999999972
0.032553000000000054
0.11056850000000118
0.34403700000000015
0.17209000000000074
0.24036199999999752
0.4567920000000001
0.13727775000000264
0.3047399999999989
0.25037525000000116
0.3124459999999978
0.14188675000000117
0.4404174999999988
0.04436550000000139
0.13977849999999847
0.14979900000000157
0.16988950000000003
0.32270124999999794
0.24366025000000135
0.5121040000000008
0.069644499999999
0.10839724999999945
0.41868775000000014
0.2575472500000018
0.510580749999999
0.009948749999999507
0.02088824999999872
0.47620225000000005
0.28014525000000035
0.22284275000000164
0.20966999999999913
0.17503625000000156
0.10953149999999923
0.2371540000000003
0.06611075
0.10326149999999856
0.08729699999999951
0.04690650000000218
0.05407675000000012
0.12540924999999703
0.11322924999999984
0.10619400000000212
0.033146249999997934
0.10414225000000243
0.15940124999999838
0.01974000000000231
0.10577224999999757
0.049241999999999564
0.014351000000001335
0.020026999999998907
0.018625750000001773
0.08128599999999864
0.2792835000000018
0.0571074999999972
0.11590325000000234
