0.41609425000000044
0.3618099999999993
0.25954999999999995
0.14714975000000052
0.08034750000000024
0.19927424999999932
0.008965250000000147
0.35156224999999974
0.09075100000000003
0.11655425000000008
0.2392182500000004
0.09442649999999997
0.2095432500000003
0.33467224999999967
0.13573099999999982
0.6406367500000005
0.18027149999999992
0.032819749999999814
0.058056750000000434
0.18904724999999978
0.3523234999999989
0.4794405000000008
0.023960000000000647
0.22080749999999938
0.03379774999999974
0.4980892499999996
0.3260632500000007
0.17405399999999993
0.14607374999999934
0.1117587499999999
0.06751649999999998
0.0707285000000013
0.009905999999999082
0.1664110000000001
0.22976449999999993
0.49077325000000016
0.10666825000000024
0.16016899999999978
0.5869389999999992
0.36819125000000064
0.051092750000000464
0.2178527499999987
0.050705000000000666
0.11855725000000028
0.2447677499999994
0.17369825000000105
0.06976274999999887
0.06328475000000111
0.057167249999999115
0.046857250000000406
0.2984504999999995
0.08718675000000076
0.31959174999999895
0.05513350000000017
0.04306125000000094
0.8209047500000004
0.03868399999999994
0.13858300000000057
0.15144999999999698
0.19726700000000008
0.5477830000000026
0.1074144999999973
0.043829500000001076
0.1853695000000002
0.0795464999999993
0.3573142500000017
0.014477749999997513
0.11640625000000071
0.1151672500000025
0.03660399999999697
0.011008500000002641
0.11431149999999946
0.17793999999999954
0.2585822499999999
0.38758775000000156
0.5891737499999969
0.2945922500000009
0.06283249999999896
0.14311650000000142
0.09962674999999876
0.2621575000000007
0.2861337500000012
0.010691749999999445
0.5020235
0.012996000000001118
0.16330574999999925
0.5568925
0.04932924999999955
0.23365525000000176
0.44105574999999675
0.09736525000000285
0.16448600000000013
0.007363249999997379
0.13749250000000046
0.2244527500000011
0.14397474999999815
0.24924625000000233
0.10945699999999903
0.34492150000000166
0.11071574999999712
0.05792600000000192
