0.03200000000000003
0.10119999999999951
0.15249999999999986
0.22960000000000047
0.09710000000000019
0.10749999999999993
0.11470000000000002
0.1775000000000002
0.20459999999999923
0.18130000000000024
0.08300000000000018
0.1490999999999998
0.0979000000000001
0.09909999999999997
0.10109999999999975
0.9614000000000011
0.08009999999999984
0.30710000000000015
0.3757999999999999
0.16169999999999973
0.4342000000000006
0.12229999999999919
0.2965
0.08999999999999986
0.07830000000000048
0.047699999999998965
0.2585000000000015
0.23529999999999873
0.5774000000000008
0.26750000000000007
0.14209999999999923
0.027900000000000702
0.3445999999999998
0.13809999999999967
0.08079999999999998
0.20170000000000066
0.09549999999999947
0.32339999999999947
0.10860000000000092
0.022999999999999687
0.07259999999999955
0.025800000000000267
0.10930000000000106
0.4532999999999987
0.17480000000000118
0.4306000000000001
0.059499999999999886
0.020799999999999486
0.04589999999999961
0.007600000000000051
0.14510000000000112
0.08499999999999908
0.03250000000000064
0.04529999999999923
0.3774999999999995
0.4190000000000005
0.36100000000000065
0.2810999999999986
0.024800000000002598
0.5670999999999999
0.1512999999999991
0.046299999999998676
0.07349999999999923
0.17710000000000292
0.2724999999999973
0.24230000000000018
0.11200000000000188
0.23730000000000118
0.15549999999999997
0.019899999999999807
0.05180000000000007
1.0823
0.447499999999998
0.19819999999999993
0.19110000000000227
0.21949999999999648
0.04820000000000135
0.15630000000000166
0.2447999999999979
0.2416000000000018
0.2566999999999986
0.296400000000002
0.10949999999999704
0.5243000000000002
0.07150000000000034
0.04680000000000106
0.20530000000000115
0.2995999999999981
0.15330000000000155
0.0411999999999999
0.0367999999999995
0.1465999999999994
0.6252999999999993
0.04910000000000281
0.07149999999999679
0.13070000000000093
0.10670000000000002
0.1341000000000001
0.13650000000000162
