0.04500000000000082
0.19099999999999984
0.1849999999999996
0.5860000000000003
0.15200000000000014
0.0909999999999993
0.07900000000000063
0.14900000000000002
0.3309999999999995
0.3000000000000007
0.04099999999999948
0.17100000000000026
0.09299999999999997
0.06299999999999972
0.027000000000000135
0.24399999999999977
0.5720000000000001
0.18299999999999983
0.5899999999999999
0.19400000000000084
0.19899999999999984
0.12700000000000067
0.19299999999999962
0.04800000000000004
0.1899999999999995
0.2729999999999997
0.054999999999999716
0.019000000000000128
0.23099999999999987
0.15200000000000102
0.24399999999999977
0.08300000000000018
0.04800000000000004
0.5169999999999995
0.02800000000000047
0.05799999999999983
0.3379999999999992
0.04200000000000159
0.030999999999998806
0.21000000000000085
0.20599999999999952
0.4250000000000007
0.16699999999999982
0.038000000000000256
0.13699999999999868
0.06700000000000017
0.14499999999999957
0.02400000000000091
0.05799999999999983
0.04299999999999926
0.41000000000000014
0.2560000000000002
0.06600000000000072
0.16600000000000037
0.1379999999999999
0.47499999999999964
0.08399999999999963
0.08500000000000085
0.0779999999999994
0.1739999999999995
0.05900000000000105
0.06799999999999962
0.11500000000000021
0.07499999999999929
0.3020000000000014
0.04100000000000037
0.14499999999999957
0.23600000000000065
0.0799999999999983
0.6020000000000003
0.3279999999999994
0.010000000000001563
0.2129999999999974
0.0660000000000025
0.1109999999999971
0.25200000000000244
0.38599999999999923
0.03500000000000014
0.07000000000000028
0.19200000000000017
0.12199999999999989
0.16999999999999815
0.21100000000000207
0.0329999999999977
0.05700000000000216
0.21999999999999886
0.4930000000000021
0.16300000000000026
0.2579999999999991
0.05000000000000071
0.04299999999999926
0.01899999999999835
0.045000000000001705
0.33899999999999864
0.31299999999999883
0.07400000000000162
0.0730000000000004
0.09299999999999997
0.07699999999999818
0.014000000000002899
0.09399999999999764
0.0779999999999994
0.06400000000000006
0.02500000000000213
0.05999999999999872
0.028999999999999915
0.02500000000000213
0.055999999999997385
0.0070000000000014495
0.04100000000000037
0.12399999999999878
0.03900000000000148
0.3200000000000003
0.19899999999999807
0.397000000000002
0.43299999999999983
0.02499999999999858
0.08000000000000185
0.1529999999999987
0.1529999999999987
0.27800000000000225
0.05699999999999861
0.045000000000001705
0.009000000000000341
0.08999999999999986
0.054999999999999716
0.15700000000000003
