0.7681139999999997
0.011258999999999908
0.31374299999999966
0.2109640000000006
0.2634129999999999
1.4113760000000006
0.20668799999999976
0.03907699999999892
0.4168700000000012
0.418882
0.0771569999999997
0.176107
0.17527699999999946
0.26955500000000043
0.14279499999999956
0.3623560000000001
0.3348399999999998
0.3428160000000009
0.019236999999998616
0.5945250000000009
0.36839200000000005
0.2849679999999992
0.030287000000001285
0.08286199999999866
0.45054900000000053
0.10793100000000067
0.3696589999999986
0.09254600000000046
0.01870899999999942
0.08940300000000079
0.2356890000000007
0.11180399999999935
0.08224899999999913
0.21954600000000113
0.34649399999999986
0.026901000000000508
0.04303499999999971
0.09667799999999893
0.04739100000000107
0.0818089999999998
0.040452999999999406
0.23182200000000108
0.5676109999999994
0.03995100000000029
0.009180999999999884
0.17830899999999872
0.10674399999999906
0.009675000000001432
0.15434000000000125
0.10689700000000002
0.08912300000000073
0.034824999999997885
0.3976790000000001
0.11082400000000092
0.022507999999998418
0.1472590000000018
0.10954500000000067
0.161407999999998
0.4126019999999997
0.21890199999999993
0.015713000000001642
0.045725000000000904
0.35623999999999967
0.10901399999999839
0.3377510000000008
0.5506799999999998
0.06590100000000021
0.3125239999999998
0.1722380000000001
0.4202939999999984
0.1584140000000005
0.43366299999999924
0.16683300000000045
0.9177490000000006
0.041097000000000605
0.03667899999999946
0.09772099999999995
0.058697999999999695
0.5484970000000011
0.29330699999999865
0.1897979999999997
0.3644960000000026
0.25694599999999923
0.234138999999999
0.5123180000000005
0.024771999999998684
