0.16701299999999986
0.02764875
0.11722125000000005
0.3899677500000003
0.03310199999999952
0.39880724999999995
0.1566074999999998
0.21713775000000002
0.16263675000000077
0.24775799999999926
0.7642575000000003
0.7024170000000005
0.7003409999999999
0.020741250000000377
0.06169274999999885
0.023772000000001015
0.22677374999999955
0.15109649999999952
0.022854000000000596
0.6157987499999997
0.06558300000000017
0.031676250000000294
0.08385524999999916
0.4421999999999997
0.18138675000000148
0.36673199999999895
0.2646855000000006
0.02455499999999944
0.298338750000001
0.02708924999999951
0.0661050000000003
0.18996824999999973
0.07403550000000081
0.10902824999999972
0.04941899999999855
0.13206675000000168
0.29870099999999944
0.7119014999999997
0.15695924999999988
0.14525249999999978
0.04849049999999977
0.5465715000000007
0.033710250000000386
0.25355850000000046
0.11422799999999889
0.15739124999999987
0.3479857500000012
0.3588509999999996
0.4093544999999992
0.2990527500000013
0.1293022499999985
0.4573695000000022
0.12190949999999745
0.10838999999999999
0.09231450000000052
0.007566749999998734
0.37158600000000064
0.5040945000000008
0.7019092499999999
0.6994057500000004
0.5476230000000015
0.07165724999999767
0.11062049999999957
0.3303697500000027
0.13404974999999908
0.04543574999999933
0.387030750000001
0.8650372500000003
0.06075749999999758
0.13416150000000115
0.45143850000000185
0.2530672499999973
0.23727150000000208
0.10660949999999758
0.979354500000003
0.3309232499999979
