0.03865500000000033
0.24802000000000035
0.22575599999999962
0.11847100000000044
0.03477599999999992
0.27510499999999993
0.21497499999999992
0.1872670000000003
0.254092
0.3727899999999993
0.0678680000000007
0.4051229999999997
0.15626499999999943
0.5184569999999997
0.061233000000001425
0.2849269999999997
0.11008299999999949
0.051287999999999556
0.6643340000000002
0.19363000000000063
0.3371139999999997
0.16478000000000037
0.20813799999999993
0.1604309999999991
0.46339600000000125
0.11423199999999945
0.04341799999999907
0.2733540000000012
0.029169999999998808
0.10432700000000139
0.18873299999999915
0.07513100000000072
0.5347639999999991
0.04378800000000105
0.17437299999999922
0.3554580000000005
0.18413599999999875
0.1308990000000012
0.15535799999999966
0.14082499999999953
0.1515690000000003
0.3018719999999995
0.17264700000000133
0.06287599999999927
0.17705299999999902
0.3188860000000009
0.012033000000000627
0.45540999999999876
0.3301470000000002
0.1759800000000009
0.3116009999999996
0.09871599999999958
0.40352800000000144
0.010991999999998114
0.07667200000000207
0.24894199999999955
0.8498239999999981
0.11836900000000128
0.07431300000000007
0.302859999999999
0.09330800000000039
0.023177000000000447
0.2240169999999999
0.6046739999999993
0.014368000000001047
0.21719599999999772
0.3170780000000022
0.2746139999999997
0.3168249999999979
0.09601000000000326
0.03085399999999794
0.1340190000000021
0.18257099999999937
0.41177499999999867
0.023806000000000438
0.13668399999999892
0.04123600000000138
0.14252600000000015
0.29428899999999913
0.09818999999999889
0.07992600000000039
0.22371400000000108
0.01901900000000012
0.23717900000000114
0.15203599999999895
0.035073000000000576
0.1451810000000009
0.0622019999999992
0.020154999999999035
0.023104000000000013
0.0686479999999996
0.15607599999999877
0.06898600000000243
0.42013999999999996
0.5508609999999976
0.03843100000000277
0.0318259999999988
0.11890999999999963
0.03691300000000197
0.06998399999999805
