0.0846960000000001
0.06965500000000002
0.574579
0.22438700000000011
0.13443399999999972
0.21072999999999986
0.043715999999999866
0.09371100000000077
0.05797600000000003
0.05230099999999993
0.22164699999999993
0.26666299999999943
0.08403999999999989
0.1963620000000006
0.03620399999999968
0.3567789999999995
0.31173300000000026
0.08805700000000094
0.2640449999999994
0.1395199999999992
0.12020200000000081
0.2864900000000006
0.1814159999999987
0.20249200000000123
0.04748000000000019
0.27607999999999855
0.6054820000000003
0.04385500000000064
0.19345700000000043
0.053440999999999406
0.41184699999999985
0.10582499999999939
0.16775499999999965
0.01715800000000023
0.6666100000000004
0.15248300000000015
0.18889099999999992
0.2831729999999997
0.2879970000000007
0.07247699999999924
0.09301199999999987
0.10494300000000045
0.6439950000000003
0.3579410000000003
0.03816299999999906
0.22017800000000065
0.0394830000000006
0.007304999999998785
0.6167770000000008
0.05664400000000036
0.18770999999999916
0.10232899999999923
0.12006900000000087
0.08023500000000006
0.06920599999999943
0.20070499999999925
0.2979100000000017
0.24207099999999926
0.17032500000000184
0.26266499999999837
0.014773000000001701
0.0598409999999987
0.014979000000000298
0.6196659999999987
0.18023200000000017
0.030782000000002085
0.07321799999999712
0.020008000000000692
0.36211799999999883
0.12248900000000162
0.16095299999999924
0.30786900000000017
0.050069000000000585
0.18306300000000064
0.23665499999999895
0.018105000000002036
0.43266599999999755
0.12328700000000126
0.0864939999999983
0.49419200000000174
0.06784499999999838
0.22356200000000115
0.02362799999999865
0.07728600000000085
0.16329700000000003
0.04394699999999929
0.016811000000000575
0.16763300000000214
0.015041999999997557
0.10251700000000241
0.19126699999999985
0.011458999999998554
0.2820329999999984
0.056855999999999796
0.10149800000000297
0.04093799999999703
0.027951000000001613
0.08039400000000185
0.427585999999998
0.28210599999999886
0.2615480000000012
0.3361699999999992
0.02765499999999932
0.37923800000000085
0.7163690000000003
