0.12393199999999993
0.05350900000000003
0.043829999999999814
0.1736449999999996
0.3077589999999999
0.24745600000000056
0.06886499999999973
0.02721600000000013
0.15452599999999972
0.21011800000000047
0.07462599999999942
0.06579900000000016
0.1565310000000002
0.2732619999999999
0.34499000000000013
0.11075199999999974
0.06312899999999999
0.33357100000000006
0.0696570000000003
0.17493099999999906
0.1903410000000001
0.2776930000000011
0.026477999999999113
0.18220999999999954
0.03466500000000039
0.049711999999999534
0.21272100000000016
0.4315990000000003
0.07075500000000012
0.0826620000000009
0.11138499999999851
0.7934920000000005
0.21966399999999986
0.08658300000000096
0.5610869999999988
0.09753700000000087
0.0558449999999997
0.13837400000000066
0.14337499999999892
0.20718899999999962
0.020259000000001137
0.15620000000000012
0.052040999999999116
0.09385900000000014
0.07632100000000008
0.13266400000000012
0.32673300000000083
0.1952259999999999
0.046142999999998935
0.11090399999999967
0.12768699999999988
0.23685700000000054
0.36875000000000036
0.03260099999999966
0.11215800000000087
0.31298599999999865
0.060438000000001324
0.1746029999999994
0.05781099999999917
0.3192700000000013
0.07788799999999974
0.03170199999999923
0.1288809999999998
0.5576180000000015
0.2115139999999993
0.10543099999999939
0.05305500000000052
0.4675699999999985
0.1647410000000029
0.3812509999999989
0.15882500000000022
0.12436199999999786
0.477799000000001
0.25358699999999956
0.2532470000000018
0.13272399999999962
0.2279069999999983
0.05554700000000068
0.27014099999999885
0.19354800000000338
0.3893989999999974
0.1344139999999996
0.42095000000000127
0.03172400000000053
0.016732999999998555
0.20234999999999914
0.07295400000000285
0.1720070000000007
0.3629429999999978
0.025715999999999184
0.0038200000000010448
0.24380800000000136
0.16725699999999932
0.1709530000000008
0.3327669999999969
0.33214900000000114
0.05564299999999989
0.1585080000000012
0.19776299999999836
0.491378000000001
0.09339800000000054
0.2431839999999994
0.1668050000000001
0.19077000000000055
0.01667499999999933
0.21085800000000177
0.0919629999999998
0.05979999999999919
0.11935899999999933
0.10383600000000115
0.11560700000000068
0.08033199999999852
