0.11929999999999996
0.030700000000000394
0.1203000000000003
0.10670000000000002
0.13450000000000006
0.11609999999999943
0.2539000000000007
0.06679999999999975
0.5857000000000001
0.22060000000000013
0.03739999999999988
0.41359999999999975
0.07870000000000044
0.19049999999999923
0.08200000000000074
0.43759999999999977
0.0343
0.10660000000000025
0.17249999999999943
0.11599999999999966
0.17270000000000074
0.4543999999999997
0.04940000000000033
0.2439
0.2744
0.34339999999999904
0.06520000000000081
0.6005000000000003
0.10519999999999996
0.1877999999999993
0.09560000000000102
0.0497999999999994
0.00820000000000043
0.06700000000000017
0.24259999999999948
0.24629999999999974
0.29100000000000037
0.09740000000000038
0.0237999999999996
0.028900000000000148
0.014499999999999957
0.25239999999999974
0.2096
0.09730000000000061
0.06789999999999985
0.1847999999999992
0.05510000000000126
0.3399000000000001
0.18359999999999843
0.010700000000001708
0.5667999999999989
0.5972000000000008
0.06630000000000003
0.11529999999999951
0.056400000000000006
0.17680000000000007
0.4902999999999995
0.1651000000000007
0.10529999999999973
0.04690000000000083
0.043900000000000716
0.007899999999999352
0.08589999999999876
0.0882000000000005
0.2842999999999982
0.09950000000000259
0.061899999999997846
0.8193000000000019
0.028600000000000847
0.28969999999999985
0.08169999999999789
0.28740000000000165
0.04589999999999961
0.16509999999999891
0.02400000000000091
0.08999999999999986
0.06869999999999976
0.1346999999999987
0.15640000000000143
0.3140999999999998
0.12780000000000058
0.13039999999999807
0.061400000000002564
0.21719999999999828
0.015200000000000102
0.0470000000000006
0.0409000000000006
0.1485999999999983
0.2656000000000027
0.005199999999998539
0.15249999999999986
0.5082999999999984
0.32670000000000243
0.05089999999999861
0.2515999999999998
0.39390000000000214
0.2515999999999998
0.47809999999999775
0.21390000000000242
0.17029999999999745
0.16210000000000235
0.01389999999999958
0.5582999999999991
0.07949999999999946
0.08259999999999934
0.2607999999999997
0.13280000000000314
0.3423999999999978
