0.015153499999999376
0.09412230000000044
0.05585169999999984
0.0752069999999998
0.06047009999999986
0.13104680000000002
0.33710730000000044
0.16678339999999992
0.3999839999999999
0.20703419999999984
0.20072340000000022
0.23536230000000025
0.4072908000000002
0.09217539999999858
0.07059810000000155
0.6461259999999989
0.2432408000000006
0.10347609999999996
0.40326020000000007
0.4734543999999996
0.18308430000000087
0.12240309999999965
0.021645399999998816
0.03651900000000019
0.1482790000000005
0.07664650000000073
0.1679871999999989
0.03704650000000065
0.18757409999999908
0.1352897000000013
0.11866639999999862
0.2668873999999999
0.2578447000000015
0.06899139999999981
0.11074939999999955
0.19372360000000022
0.5073509000000005
0.7762554999999995
0.4531472999999995
0.4962982
0.25098350000000025
0.15738690000000055
0.7762948999999999
0.033290199999999714
0.21365209999999912
0.1253890000000002
0.14241889999999913
0.44492870000000195
0.36363079999999925
0.3362626999999989
0.20159160000000043
0.18901320000000155
0.625680599999999
0.04880550000000028
0.16731370000000112
0.4873361999999979
0.09277540000000073
0.35262230000000017
0.5073748999999985
0.061413000000001716
0.155239899999998
0.0830603000000032
0.022941399999997003
0.20773200000000003
0.7565410999999997
0.19696650000000204
0.2577652999999991
0.20337140000000176
0.32739919999999856
0.37188019999999966
0.03523840000000078
0.105124
0.011731300000001
0.0887508999999973
0.28568070000000034
0.18010470000000112
0.2158906999999992
0.23934030000000206
0.22278559999999814
0.9490398000000013
