0.3460000000000001
0.11800000000000033
0.2576999999999998
0.1676000000000002
0.12249999999999961
0.06890000000000018
0.10200000000000031
0.21720000000000006
0.1061999999999994
0.0904000000000007
0.3213999999999997
0.2654000000000005
0.2776999999999994
0.11720000000000041
0.21089999999999964
0.08089999999999975
0.16060000000000052
0.18130000000000024
0.2668999999999997
0.11190000000000033
0.10420000000000051
0.07559999999999967
0.0968
0.02949999999999875
0.06630000000000003
0.0409000000000006
0.07160000000000011
0.06659999999999933
0.27250000000000085
0.09189999999999898
0.25450000000000017
0.03520000000000145
0.17499999999999893
0.28630000000000067
0.17769999999999975
0.3957999999999995
0.019899999999999807
0.16849999999999987
0.014000000000001123
0.14230000000000054
0.4603999999999999
0.3844999999999992
0.19289999999999985
0.11410000000000053
0.06949999999999967
0.15620000000000012
0.09890000000000043
0.12909999999999933
0.10420000000000051
0.5351999999999997
0.14610000000000056
0.3572999999999986
0.19840000000000124
0.4702000000000002
0.26569999999999894
0.02200000000000024
0.1600999999999999
0.11299999999999955
0.014200000000000657
0.13260000000000005
0.32590000000000074
0.7090999999999994
0.6833999999999989
0.16910000000000025
0.25560000000000116
0.08119999999999905
0.31259999999999977
0.12519999999999953
0.1363000000000021
0.5143999999999984
0.05509999999999948
0.28740000000000165
0.12920000000000087
0.18029999999999902
0.4134999999999991
0.3440000000000012
0.3951999999999991
0.12209999999999965
0.25430000000000064
0.06480000000000175
0.03089999999999904
0.11759999999999948
0.3731000000000009
0.05150000000000077
0.05619999999999692
0.1722999999999999
0.2333000000000034
0.3251999999999988
0.1313999999999993
0.39509999999999934
0.2856000000000023
0.040099999999998914
0.22070000000000078
0.29909999999999926
0.07939999999999969
0.13210000000000122
0.08449999999999847
0.07179999999999964
0.3133000000000017
0.2775999999999996
0.09779999999999944
