0.0805479999999994
0.04164720000000077
0.1488416999999993
0.36029530000000065
0.12713199999999958
0.6171430999999998
0.29603160000000006
0.2341002000000003
0.01928709999999967
0.05911069999999974
0.02361260000000076
0.0650984999999995
0.7768870000000003
0.8886199000000001
0.20693189999999895
0.21087530000000143
0.041683799999999493
0.04789519999999925
0.4531483999999999
0.06726049999999972
0.20067050000000108
0.07842269999999907
0.10407890000000108
0.2615787999999988
0.07559420000000117
0.3287443000000003
0.3775215999999997
0.011798799999999332
0.008262300000000167
0.17139039999999994
0.07382300000000086
0.0868941999999997
0.06904699999999941
0.5451905000000004
0.2115778000000006
0.17827029999999944
0.2618343000000003
0.07305790000000023
0.09246239999999872
0.063664300000001
0.03252339999999876
0.04855430000000105
0.11551739999999988
0.008126700000000042
0.09847800000000007
0.030051399999999617
0.07332509999999992
0.5659375999999998
0.19383879999999998
0.2624057999999998
0.05683460000000018
0.34719489999999986
0.5986542999999998
0.015574100000000257
0.04064540000000072
0.12523189999999929
0.05386540000000117
0.3848597999999974
0.6432512000000017
0.11078060000000178
0.14667229999999876
0.01484699999999961
0.11872269999999929
0.22752020000000073
0.9684093000000011
0.023829700000000287
0.02888979999999819
0.09106650000000016
0.17366559999999964
0.11215890000000073
0.05156549999999882
0.023475799999999936
0.06494670000000013
0.01101820000000231
0.08732989999999674
0.22031230000000335
0.04802879999999732
1.2665222000000007
0.08759410000000045
0.10453509999999966
0.12346330000000094
0.1193963999999994
0.35582159999999874
0.06479000000000212
0.01681950000000043
0.3802506000000001
0.062226899999998864
0.03198379999999901
0.20597430000000116
0.31712389999999857
0.019777900000001125
0.22681580000000068
0.11248720000000034
0.08284510000000012
0.04607959999999878
0.37209760000000003
0.3750958000000004
0.12391419999999798
0.0589334000000008
0.14875569999999882
0.25475210000000104
0.0426485999999997
0.16396620000000084
0.061478199999999816
0.08117160000000112
0.0502262999999985
0.03784130000000019
0.04579100000000125
0.025813700000000495
0.04587899999999934
