0.10420400000000019
0.30232550000000025
0.024903750000000002
0.05233225000000008
0.010319499999999593
0.07896525000000043
0.07743900000000004
0.18715824999999953
0.25992950000000015
0.32108274999999953
0.046405500000000544
0.42189124999999983
0.24707999999999952
0.031032000000000615
0.19486874999999948
0.009597499999999926
0.012086750000000812
0.3781687500000004
0.2782007499999999
0.024807249999998504
0.10859275000000146
0.38290250000000015
0.4945882499999996
0.37576374999999906
0.11620025000000034
0.1008925000000005
0.08025099999999874
0.289090250000001
0.05400625000000048
0.27580599999999933
0.1415752500000007
0.09495699999999907
0.5962399999999999
0.13281000000000098
0.9401587500000002
0.13678624999999833
0.11762800000000162
0.1600697499999999
0.10521324999999848
0.14984350000000113
0.07777074999999911
0.45377950000000133
0.2564252499999995
0.017243999999999815
0.5674264999999998
0.14400374999999954
0.15952825000000104
0.16208724999999902
0.004913000000000167
0.46626099999999937
0.13379525000000037
0.049274000000000484
0.14136650000000017
0.21323024999999873
0.10963625000000121
0.4047440000000009
0.24386175000000065
0.04804824999999724
0.4885602500000026
0.18304299999999785
0.3425417500000023
0.10689199999999843
0.3369490000000006
0.16373300000000057
0.13040024999999744
0.22233974999999973
0.07327850000000069
0.09589850000000055
0.23618425000000087
0.10851899999999759
0.1672347500000022
0.06363699999999994
0.08007974999999945
0.04430899999999838
0.012258750000000873
0.3234987500000024
0.11176549999999708
0.0798367500000019
0.22763899999999992
0.12253949999999847
0.13759175000000212
0.1676582499999988
0.30939599999999956
0.07666375000000158
0.11977474999999771
0.4775122500000002
0.3006600000000006
0.1975264999999986
0.0575720000000004
0.0822262500000015
0.22131325000000146
0.033841749999997006
0.0392050000000026
0.042913249999998015
0.14868325000000127
0.1215945000000005
0.14595874999999836
0.4654187500000013
0.18834199999999868
0.23217975000000024
0.0560299999999998
0.4652472500000009
0.05048100000000133
