0.42697999999999947
0.11020000000000074
0.2413299999999996
0.07078999999999969
0.049100000000000144
0.21933999999999987
0.10561000000000043
0.21140999999999988
0.02334000000000014
0.13018000000000018
0.3739600000000003
0.15761999999999965
0.28085000000000004
0.21042999999999967
0.15444000000000013
0.0786800000000003
0.4035499999999992
0.01598000000000077
0.05109999999999992
0.1733399999999996
0.3267900000000008
0.18229999999999968
0.013889999999999958
0.2446900000000003
0.24277999999999977
0.05979999999999919
0.08169000000000004
0.2711300000000012
0.8058699999999988
0.09348000000000134
0.42872999999999983
0.08754000000000062
0.21566999999999936
0.08614000000000033
0.03477999999999959
0.20594999999999963
0.23191000000000095
0.06708999999999854
0.017260000000000275
0.44674999999999976
0.12071000000000076
0.05655999999999928
0.20956000000000152
0.23928999999999867
0.6379800000000007
0.05274999999999963
0.28898000000000046
0.12349000000000032
0.2862999999999989
0.4133900000000015
0.09382999999999875
0.09048000000000123
0.5943899999999989
0.5990900000000003
0.0667599999999986
0.028410000000000935
0.12570000000000192
0.28748999999999825
0.23622999999999905
0.01091000000000264
0.10089999999999932
0.14265999999999934
0.433209999999999
0.04964999999999975
0.06903000000000148
0.14528999999999925
0.24076000000000164
0.433250000000001
0.0838499999999982
0.298960000000001
0.1041799999999995
0.12070999999999898
0.22445000000000093
0.24047999999999803
0.6911700000000032
0.030239999999999156
0.23270000000000124
0.3542999999999985
0.14816000000000074
0.13944000000000045
0.2327799999999982
0.028410000000000935
0.05778000000000105
0.2701999999999991
0.21988999999999947
0.30020999999999987
0.7144499999999994
0.16788000000000025
0.2593999999999994
0.011990000000000833
0.06397000000000119
0.42798999999999765
0.1446000000000005
0.15353999999999957
