0.08069999999999933
0.22240000000000038
0.03399999999999981
0.23059999999999992
0.13569999999999993
0.08540000000000081
0.04529999999999923
0.1474000000000002
0.08340000000000014
0.25070000000000014
0.08190000000000008
0.3677999999999999
0.009299999999999642
0.06990000000000052
0.2814999999999994
0.1966000000000001
0.45509999999999984
0.1471
0.11930000000000085
0.14690000000000047
0.036399999999998656
0.5130999999999997
0.18680000000000163
0.15639999999999965
0.11159999999999926
0.182500000000001
0.02200000000000024
0.04899999999999949
0.030199999999998894
0.03950000000000031
0.11500000000000021
0.22020000000000017
0.1661999999999999
0.10330000000000084
0.045700000000000074
0.02779999999999916
0.1980000000000004
0.0884999999999998
0.10699999999999932
0.1059000000000001
0.18229999999999968
0.7489000000000008
0.024100000000000676
0.19529999999999959
0.30219999999999914
0.1435000000000013
0.35079999999999956
0.21260000000000012
0.0815999999999999
0.034000000000000696
0.24079999999999835
0.36350000000000016
0.36630000000000074
0.1568000000000005
0.7936999999999994
0.06300000000000061
0.13100000000000023
0.011199999999998766
0.28690000000000104
0.014699999999999491
0.024200000000000443
0.14510000000000112
0.04169999999999874
0.16929999999999978
0.07979999999999876
0.25120000000000076
0.2646000000000015
0.6113
0.5826999999999991
0.1100999999999992
0.11299999999999955
0.08870000000000289
0.29499999999999815
0.04309999999999903
0.18940000000000268
0.2458999999999989
0.19640000000000057
0.10169999999999746
0.12330000000000041
0.36850000000000094
0.4364999999999988
0.0704000000000029
0.010999999999999233
0.21889999999999787
0.16170000000000329
0.05059999999999931
0.08419999999999916
0.0362000000000009
0.7696000000000005
0.21419999999999817
0.5257000000000005
0.2839999999999989
0.4914000000000023
0.030299999999996885
0.41480000000000317
0.09329999999999927
0.1418999999999997
0.10219999999999985
0.2818000000000005
0.2788000000000004
0.26060000000000016
0.020199999999999108
