0.15189199999999925
0.005133250000000089
0.46404400000000035
0.7187545000000002
0.41228974999999934
0.03144200000000019
0.3224867500000004
0.4853949999999996
0.09732375000000015
0.2654304999999999
0.04713775000000098
0.008686249999998452
0.2248947500000007
0.29955024999999935
0.23265425000000128
0.5695012500000001
0.12657574999999888
0.15138849999999948
0.09149900000000066
0.03540575000000068
0.0932044999999988
0.3155202500000005
0.0886092499999993
0.19939375000000048
0.10839200000000027
0.09278575000000089
0.2516689999999997
0.13166124999999873
0.14477850000000103
0.026155250000000407
0.36439749999999904
0.03385674999999999
0.04553549999999973
0.4375844999999998
0.25519725000000015
0.06223624999999977
0.0658335000000001
0.0401302500000007
0.017905499999999464
0.03057949999999998
0.1580812500000004
0.7748089999999994
0.08468850000000039
0.2918850000000006
0.14845174999999955
0.041996750000000915
0.026600499999998917
0.46461350000000046
0.015567250000000143
0.0744682499999989
0.19436475000000009
0.08651075000000041
0.2165429999999997
0.3375535000000003
0.11499425000000052
0.25628674999999923
0.2778925000000019
0.14309974999999753
0.3726962500000006
0.030094749999999948
0.178199750000001
0.08270650000000046
0.21413699999999736
0.20171250000000285
0.039098749999997295
0.017917000000000627
0.022393250000000364
0.11515525000000082
0.07281499999999852
0.08693600000000146
0.11752925000000047
0.09742274999999978
0.6608327500000009
0.42294524999999794
0.08678825000000145
0.09778724999999966
0.3293040000000005
0.028546999999999656
0.061509000000000924
0.07801924999999699
0.19108824999999996
0.11146700000000109
0.5556842499999988
0.19156375000000025
0.05464075000000079
0.04259925000000209
0.18091899999999939
0.4527140000000003
0.2607127499999997
0.5649784999999987
0.374152500000001
0.09092150000000032
0.13848024999999708
0.10306975000000307
0.16104550000000017
0.03284349999999847
0.18847375
0.16273724999999928
0.11904125000000221
0.4498782499999976
0.056715000000000515
0.03123275000000092
0.17604924999999838
0.1306030000000007
