0.24906200000000034
0.054629499999999886
0.6290719999999999
0.0839477500000001
0.17265200000000025
0.0817439999999996
0.138293
0.17384299999999975
0.1736102500000003
0.023253500000000038
0.011813749999999956
0.07183449999999958
0.26315050000000006
0.2430607500000006
0.5837372499999995
0.06778225000000049
0.03413025000000047
0.029714749999998347
0.07988275000000122
0.26718074999999963
0.08600500000000011
0.09522549999999974
0.2505185000000001
0.6497432500000002
0.09977724999999893
0.03267400000000009
0.23357875000000128
0.11459200000000003
0.2376542499999985
0.02202900000000163
0.03289674999999903
0.11120200000000047
0.04683849999999978
0.10049199999999914
0.3563535000000009
0.04040924999999973
0.09640575000000062
0.21124124999999871
0.23838625000000135
0.694117499999999
0.07379475000000113
0.24491074999999896
0.09462249999999983
0.02384400000000042
0.03946475000000049
0.0383792500000002
0.06468549999999951
0.07292050000000039
0.48335975
0.018095499999999376
0.1892732499999994
0.25942475000000087
0.3725884999999991
0.012399750000000154
0.33490025000000045
0.11001425000000076
0.007169999999998566
0.4448330000000009
0.02767099999999978
0.18331124999999915
0.061932750000000425
0.12396900000000066
0.020212499999999523
0.022612500000001035
0.11236299999999844
0.04675824999999989
0.3167692500000019
1.5370512499999975
0.046668750000002035
0.010546250000000867
0.3642772499999971
0.055074250000000546
0.9136264999999995
0.31200150000000093
0.5259677499999995
0.21437375000000003
0.06967350000000039
0.3763292500000013
0.17844949999999926
0.76183275
0.1158974999999991
0.25414750000000197
0.062430499999997835
0.29513425000000026
0.060896249999998986
0.2449210000000015
0.038165750000001
0.08697549999999765
0.03635425000000225
0.07444925000000069
0.6496327499999985
0.04719950000000139
0.12387974999999685
0.05060100000000034
0.0685645000000008
0.1923230000000018
0.22880924999999763
0.11692250000000115
0.1698139999999988
0.03202450000000212
0.4124604999999981
