0.265161
0.00814574999999973
0.0990435000000005
0.21516974999999938
0.4197442500000008
0.14367899999999967
0.015684750000000136
0.03696300000000008
0.5737942499999997
0.04964700000000022
0.16968225000000015
0.048409499999999994
0.20152649999999994
0.1142827500000001
0.3032617499999999
0.023664750000000012
0.032123249999999715
0.06280950000000018
0.25040324999999974
0.038226749999999754
0.2918422500000002
0.14050650000000076
0.48705975000000024
0.6967732499999997
0.4439497499999998
0.041420249999999825
0.37306350000000066
0.3103259999999999
0.5243587499999993
0.02904374999999959
0.13347150000000063
0.005277749999999415
0.22092675000000028
0.07657649999999983
0.0825262500000008
0.15238349999999912
0.03216450000000037
0.4305734999999995
0.3146437500000001
0.5303977500000006
0.662229
0.1743389999999998
0.4179157500000006
0.44847974999999884
0.06019875000000141
0.16063649999999896
0.18578325000000007
0.2844060000000006
0.10430850000000014
0.13386750000000092
0.035624249999997915
0.35522325000000166
0.07967774999999833
0.01420050000000117
0.10840350000000143
0.09914549999999878
0.06767699999999977
0.0956249999999983
0.08963850000000306
0.04542449999999931
0.03422924999999921
0.08512724999999932
0.012395250000000857
0.035875499999999505
0.29028974999999946
0.1355415000000022
0.38556224999999955
0.056265749999997894
0.2832780000000028
0.16418474999999688
0.07471350000000143
0.24620475000000042
0.14306399999999897
0.14532674999999884
0.10148325000000114
0.08146200000000192
0.07981049999999712
0.21384825000000163
0.01191000000000031
0.13355549999999994
0.06051374999999837
0.5453167500000013
0.18584325000000135
0.28911974999999757
0.015458250000001783
0.052194000000000074
0.07363574999999756
0.11933175000000062
0.26825400000000243
0.8283884999999991
0.2937075
0.5282632499999984
0.04314675000000179
0.10972574999999907
0.15685949999999949
0.13496250000000032
0.06802125000000103
0.3912060000000004
0.044805000000000206
0.045377249999997815
0.05316450000000117
0.35389800000000093
0.32493524999999934
