0.04039999999999999
0.010099999999999554
0.045100000000000584
0.09499999999999975
0.5168999999999997
0.028600000000000847
0.016199999999999548
0.18179999999999996
0.5613999999999999
0.2968000000000002
0.2004999999999999
0.058900000000000396
0.2170999999999994
0.15630000000000077
0.020999999999999908
0.5543999999999993
0.13140000000000107
0.18219999999999992
0.3160999999999987
0.2071000000000005
0.19810000000000016
0.01750000000000007
0.3348999999999993
0.08280000000000065
0.06879999999999953
0.277000000000001
0.05879999999999974
0.299199999999999
0.5621000000000009
0.1877999999999993
0.26280000000000037
0.08590000000000053
0.0862999999999996
0.02120000000000033
0.12359999999999971
0.16159999999999997
0.2972999999999999
0.30100000000000016
0.32510000000000083
0.136099999999999
0.07949999999999946
0.023300000000000765
0.11480000000000068
0.049399999999998556
0.06630000000000003
0.031200000000000117
0.0071000000000012164
0.37539999999999907
0.018500000000001293
0.17389999999999972
0.19409999999999883
0.13510000000000133
0.12929999999999886
0.10660000000000025
0.43319999999999936
0.20910000000000117
0.4452999999999996
0.04690000000000083
0.30159999999999876
0.005500000000001393
0.3270999999999997
0.20219999999999771
0.18430000000000035
0.19930000000000092
0.07230000000000203
0.27039999999999864
0.08810000000000073
0.02009999999999934
0.011700000000001154
0.05439999999999756
0.0879000000000012
0.40449999999999875
0.4709000000000003
0.2849000000000004
0.03399999999999892
0.18330000000000268
0.4222999999999999
0.0113999999999983
0.008900000000000574
0.025099999999998346
0.24630000000000152
0.017399999999998528
0.11920000000000286
0.33789999999999765
0.02850000000000108
0.40749999999999886
0.5510000000000019
0.1767000000000003
0.7769999999999975
0.043600000000001415
0.23019999999999996
0.03810000000000002
0.4715999999999987
0.17240000000000322
0.019299999999997652
0.019700000000000273
0.10160000000000124
0.3012999999999977
0.14500000000000313
0.0779999999999994
0.017099999999999227
0.2516999999999996
0.19030000000000058
0.38370000000000104
0.36219999999999786
