0.75916725
0.1304059999999998
0.07793250000000018
0.013078750000000028
0.013849999999999696
0.015188499999999827
0.5488457500000008
0.14313249999999922
0.05026775000000061
0.38614000000000015
0.7796944999999997
0.2024772499999994
0.4790045000000003
0.10225950000000061
0.18998500000000007
0.16167549999999942
0.11394924999999922
0.5053805000000011
0.18304574999999979
0.11238424999999985
0.14086325000000066
0.3699560000000002
0.10419724999999858
0.17622725000000017
0.0769795000000002
0.28884949999999954
0.02684250000000077
0.3377964999999996
0.17737849999999966
0.6805892500000006
0.3415267499999999
0.21866275000000002
0.08440724999999993
0.22974499999999942
0.6803102499999998
0.2567710000000005
0.021129750000000058
0.6505349999999996
0.3975692500000001
0.10839149999999975
0.06628125000000118
0.1463847499999993
0.01199625000000104
0.08149349999999878
0.024718000000000018
0.7991347499999986
0.07559100000000285
0.17347549999999856
0.10053674999999984
0.15307625000000158
0.02015300000000053
0.23281174999999976
0.015407499999998464
0.16792549999999906
0.02597199999999944
0.3721730000000001
0.18949250000000006
0.17912425000000098
0.014647249999999445
0.0722730000000027
0.02532524999999808
0.20299975000000003
0.027207250000000016
0.019915499999999753
0.08503800000000084
0.7875920000000001
0.12429625000000044
0.050871250000000146
0.037635749999999746
0.28665524999999903
0.36467375000000146
0.03698274999999995
0.05901374999999831
0.010907500000001846
0.5025064999999991
0.04287725000000009
0.12267824999999988
0.0703642500000008
0.23170599999999908
0.38197475000000125
0.03725174999999936
0.02567524999999904
0.15265624999999972
0.010746749999999139
0.442003500000002
0.4388949999999987
0.041266750000001906
0.12072799999999972
0.012801749999997725
0.04509350000000012
0.05113625000000255
0.044390999999997405
0.34545200000000165
0.13600324999999813
0.1941462499999993
0.353982000000002
0.10128174999999828
0.029951249999999874
0.26408750000000225
0.0923582500000002
0.1780115000000002
