0.020675999999999917
0.24407400000000035
0.30508199999999963
0.12011699999999959
0.7989690000000005
0.17665500000000023
0.07729799999999987
0.02599499999999999
0.6634349999999998
0.014003999999999905
0.6490710000000011
0.06390599999999935
0.04702499999999965
0.060845999999999734
0.20078999999999958
0.4635900000000017
0.19765799999999878
0.09445200000000042
0.26115000000000066
0.09255600000000008
0.5536889999999985
0.38570100000000096
0.3770939999999996
0.09394499999999972
0.02028600000000047
0.01005900000000004
0.20845199999999942
0.532095
0.12650700000000015
0.06973200000000013
0.039215999999999696
0.31242000000000125
0.20549699999999937
0.08602499999999935
0.24017400000000144
0.012719999999999843
0.4604520000000001
0.07624799999999965
0.21752099999999963
0.11402400000000057
0.14549399999999935
0.37364400000000053
0.04565999999999981
0.15126000000000062
0.10332299999999961
0.0877529999999993
0.11929800000000057
0.05091599999999907
0.2798430000000014
0.09001199999999976
0.38328899999999955
0.3100290000000001
0.4986870000000003
0.11492399999999847
0.35448000000000235
0.032081999999999056
0.2882069999999999
0.07065000000000055
0.031583999999998724
0.03791400000000067
0.05327399999999827
0.1626000000000012
0.08595000000000041
0.07255500000000126
0.051344999999997754
0.06068100000000243
0.08554200000000023
0.3971640000000001
0.33011399999999824
0.8693670000000004
0.14394300000000015
0.0403589999999987
0.037905000000002076
0.26020799999999866
0.38559000000000054
0.3138240000000003
0.027578999999999354
0.06171300000000102
0.01034699999999944
0.8377619999999979
0.21294300000000277
0.25943399999999883
0.1844879999999982
0.03604800000000097
0.20325300000000013
0.08833200000000119
0.024803999999999604
0.09387599999999807
0.33144600000000324
0.15553199999999734
0.3157650000000025
0.19717499999999788
0.2772299999999994
0.08762700000000123
0.2805630000000008
0.1631639999999983
