0.05200000000000049
0.09809999999999963
0.19320000000000004
0.1665000000000001
0.1318999999999999
0.041999999999999815
0.02400000000000002
0.04740000000000055
0.2585999999999995
0.018000000000000682
0.4558
0.12650000000000006
0.11660000000000004
0.5084999999999997
0.1684000000000001
0.10559999999999992
0.03169999999999984
0.04049999999999976
0.058900000000000396
0.10489999999999977
0.6761999999999997
0.41270000000000095
0.1189
0.04659999999999975
0.9212000000000007
0.12009999999999899
0.28500000000000014
0.020799999999999486
0.3109000000000002
0.09450000000000003
0.12480000000000047
0.3531999999999993
0.24900000000000055
0.13920000000000066
0.15749999999999886
0.09810000000000052
0.3202999999999996
0.5630000000000006
0.07349999999999923
0.1031000000000013
0.03849999999999909
0.48099999999999987
0.20990000000000109
0.3521000000000001
0.25709999999999944
0.3186
0.2865000000000002
0.4432999999999989
0.0387000000000004
0.15880000000000116
0.18869999999999898
0.16680000000000206
0.3526999999999987
0.5760000000000005
0.5466999999999977
0.2126000000000019
0.13039999999999807
0.06270000000000309
0.0440999999999967
0.06120000000000303
0.04679999999999751
0.1329000000000029
0.03389999999999915
0.05460000000000065
0.35389999999999944
0.2817000000000007
0.04669999999999774
0.030400000000000205
0.0710000000000015
0.14329999999999998
0.03609999999999758
0.02190000000000225
0.46389999999999887
0.055800000000001404
0.3251999999999988
0.32720000000000127
0.06669999999999732
0.23610000000000042
0.19989999999999952
0.2826000000000022
0.11809999999999832
0.9059000000000026
0.01249999999999929
0.24549999999999983
0.22119999999999962
0.08869999999999933
0.03689999999999927
0.20579999999999998
0.43620000000000303
0.21359999999999957
0.2041000000000004
0.6555
0.2820999999999998
0.018799999999998818
0.011499999999998067
0.008600000000001273
0.06050000000000111
