0.3389999999999995
0.11600000000000055
0.08799999999999919
0.13500000000000068
0.32099999999999973
0.21499999999999986
0.10500000000000043
0.2240000000000002
0.28499999999999925
0.3540000000000001
0.3340000000000005
0.1429999999999998
0.19399999999999995
0.038000000000000256
0.20999999999999908
0.08500000000000085
0.5950000000000006
0.20399999999999885
0.0259999999999998
0.038000000000000256
0.21000000000000085
0.09299999999999997
0.1869999999999994
0.11599999999999966
0.10500000000000043
0.12299999999999933
0.053000000000000824
0.2400000000000002
0.08399999999999963
0.03700000000000081
0.41999999999999993
0.09699999999999953
0.08000000000000007
0.2829999999999995
0.22199999999999953
0.136000000000001
0.3539999999999992
0.031000000000000583
0.125
0.28200000000000003
0.2859999999999996
0.2729999999999997
0.018000000000000682
0.4629999999999992
0.9080000000000013
0.13599999999999923
0.1620000000000008
0.24399999999999977
0.48300000000000054
0.03999999999999915
0.10899999999999999
0.0860000000000003
0.16600000000000037
0.08399999999999963
0.125
0.041999999999999815
0.0799999999999983
0.2680000000000007
0.07900000000000063
0.018000000000000682
0.05000000000000071
0.1559999999999988
0.16300000000000026
0.11400000000000077
0.6409999999999982
0.17600000000000193
0.12099999999999866
0.375
0.027000000000001023
0.13799999999999812
0.030000000000001137
0.08000000000000185
0.2129999999999974
0.29100000000000037
0.13200000000000145
0.06799999999999784
0.06900000000000261
0.384999999999998
0.2940000000000005
0.2469999999999999
0.1819999999999986
0.10000000000000142
0.17999999999999972
0.4469999999999992
0.25700000000000145
0.030000000000001137
0.023999999999997357
0.24099999999999966
0.019000000000001904
0.2970000000000006
0.06400000000000006
0.055999999999997385
0.5300000000000011
0.36299999999999955
0.0400000000000027
0.20899999999999963
0.03200000000000003
0.06899999999999906
0.4789999999999992
0.19000000000000128
0.07399999999999807
0.15300000000000225
0.038000000000000256
0.2539999999999978
0.07199999999999918
0.05600000000000094
0.03100000000000236
0.08999999999999986
