0.5669917500000006
0.020313749999999686
0.2966137499999997
0.4985310000000007
0.330654
0.5069175000000001
0.06902249999999999
0.13812749999999951
0.4765320000000006
0.7043669999999995
0.3047827499999993
0.030234749999999977
0.2830942500000013
0.1425907500000001
0.13588500000000003
0.03962399999999988
0.15814199999999978
0.055104749999999925
0.2824755000000003
0.20292074999999876
0.0464587500000011
0.0511304999999993
0.3130492500000006
0.065738249999999
0.7083539999999999
0.15308700000000108
0.17251274999999922
0.20196900000000007
0.08302425000000113
0.06766499999999986
0.06177449999999851
0.077739750000001
0.0912727499999999
0.09083024999999978
0.02197199999999988
0.051343499999999764
0.16867125000000094
0.6484237499999992
0.2514435000000006
0.18580049999999915
0.07278750000000045
0.029196000000000666
0.16663874999999884
0.14342250000000156
0.08612924999999905
0.7052242500000006
0.05866424999999964
0.22447350000000021
0.28854074999999924
0.3010155000000019
0.10031774999999854
0.0810884999999999
0.07480800000000087
0.15505874999999847
0.3828352499999994
0.02116050000000058
0.007500000000000284
0.12422100000000214
0.13073249999999703
0.7733985000000025
0.13066574999999858
0.05797575000000066
0.1801124999999999
0.10540049999999823
0.057875250000002154
0.1052970000000002
0.8254267499999983
0.08028374999999954
0.4201830000000015
0.03156600000000154
0.12427049999999795
0.12067425000000043
0.10584224999999847
0.19326750000000104
0.0604357499999999
0.17910600000000088
0.03359400000000079
1.087259249999999
0.029306999999999306
0.02492625000000004
0.13826249999999973
0.04418850000000063
0.22972650000000172
0.19113974999999783
0.12246675000000096
0.05306925000000007
0.28579500000000024
0.04965449999999905
0.12770550000000114
0.4956502500000006
0.1461359999999985
0.3479264999999998
0.30649125000000055
0.07917975000000155
0.22337174999999831
0.08526524999999907
0.01867275000000035
