0.08902799999999989
0.5261940000000003
0.049553999999999654
0.07383600000000001
0.37465800000000016
0.5539680000000002
0.20937899999999932
0.3341310000000002
0.1888740000000002
0.04452299999999987
0.37538099999999996
0.07265100000000047
0.1419359999999994
0.13298400000000044
0.023363999999999052
0.0323190000000011
0.30037499999999895
0.2966040000000003
0.35035799999999995
0.04968900000000076
0.08347200000000043
0.19977899999999948
0.06764100000000006
0.05026200000000003
0.16781699999999944
0.6522780000000008
0.2373239999999992
0.1390469999999997
0.08390100000000089
0.15364800000000045
0.139818
0.11416199999999854
0.014382000000001227
0.47177699999999945
0.08594700000000088
0.26974199999999904
0.03076800000000013
0.2642819999999997
0.12414000000000058
0.03585900000000031
0.05186400000000013
0.04169699999999921
0.09743100000000027
0.009344999999999715
0.0323430000000009
0.07830300000000001
0.0590099999999989
0.10941299999999998
0.013566000000000855
0.06329099999999954
0.13077299999999958
0.24277499999999996
0.1494510000000009
0.09365099999999948
0.5495909999999995
0.06649200000000022
0.19598700000000058
0.21079499999999918
0.018681000000000836
0.08341799999999999
0.5054370000000006
0.06388799999999861
0.24497700000000044
0.3205440000000017
0.07725599999999844
0.19866599999999934
0.08500500000000244
0.239058
0.3838799999999978
0.16274100000000047
0.2650919999999992
0.37818900000000255
0.5047379999999997
0.028082999999998748
0.06643800000000155
0.5151899999999969
0.020502000000000464
0.023334000000001964
0.1132559999999998
0.16835999999999984
0.05470499999999845
0.2894609999999993
0.08894400000000147
0.2637450000000001
0.18895200000000045
0.40500000000000114
0.1104239999999983
0.23686500000000166
0.05117100000000008
0.015452999999997274
0.012540000000001328
0.018857999999998043
0.15642900000000282
0.09063899999999947
0.23482500000000073
0.5556059999999974
0.15847199999999972
0.07410300000000092
0.3242730000000016
0.15678300000000078
0.08177099999999982
0.17762699999999754
0.07810200000000123
0.7483350000000009
0.05494200000000049
0.03744899999999873
0.014300999999999675
0.6490289999999987
0.24775200000000197
