0.15712930000000025
0.18620539999999952
0.2427709
0.03011250000000043
0.4044691
0.07418729999999929
0.13070830000000022
0.5496841999999997
0.37505390000000016
0.15191860000000013
0.06103319999999979
0.10752140000000043
1.0818785999999996
0.3670845000000007
0.39687999999999946
0.24951480000000004
0.10839029999999994
0.16192329999999977
0.10937660000000093
0.2160707999999989
0.06160850000000018
0.10694170000000014
0.4291710999999996
0.27250380000000085
0.012731199999999276
0.34084760000000003
0.3057540999999997
0.1377687999999999
0.7893389000000006
0.24669850000000082
0.18926139999999947
0.133667599999999
0.5962484000000003
0.1259553000000011
0.2566191
0.0276133999999999
0.11182889999999901
0.5541613000000005
0.16750259999999884
0.059616400000001235
0.5603698999999995
0.010706299999998947
0.05339980000000111
0.8689937999999984
0.09530470000000335
0.2013854999999971
0.1231548999999994
0.2040444000000008
0.030639700000001824
0.42765580000000014
0.13262529999999728
0.03629930000000314
0.10028419999999727
0.11251400000000089
0.038947499999999025
0.14008580000000137
0.9252819999999993
0.19557410000000175
0.01673049999999776
0.04526450000000182
0.18414549999999963
0.07047709999999796
0.20028190000000023
0.17348720000000029
0.012160400000002625
0.14126609999999928
0.060296900000000875
0.1097172999999998
0.33522569999999874
0.5613098000000001
0.19776840000000107
0.2825138999999979
0.2388779999999997
0.5411847000000023
0.07825090000000046
0.27560959999999923
0.2892130999999978
0.16385480000000285
0.6218832999999968
0.1901071000000023
0.10998090000000005
0.21375679999999875
