0.20500000000000007
0.11599999999999966
0.07400000000000073
0.05999999999999961
0.17100000000000026
0.14400000000000013
0.1479999999999997
0.33499999999999996
0.12600000000000033
0.10099999999999998
0.13399999999999945
0.03200000000000003
0.22000000000000064
0.0259999999999998
0.07399999999999984
0.48599999999999977
0.2060000000000004
0.0649999999999995
0.125
0.14200000000000035
0.6819999999999995
0.05799999999999983
0.14200000000000124
0.363999999999999
0.2840000000000007
0.05299999999999905
0.125
0.08000000000000007
0.39800000000000146
0.5409999999999986
0.09100000000000108
0.0129999999999999
0.1039999999999992
0.03200000000000003
0.062000000000001165
0.18499999999999872
0.06700000000000017
0.14199999999999946
0.21600000000000108
0.29499999999999993
0.5860000000000003
0.19899999999999984
0.125
0.04800000000000004
0.04699999999999882
0.4460000000000015
0.1659999999999986
0.05500000000000149
0.07699999999999996
0.06799999999999962
0.1039999999999992
0.3420000000000005
0.02800000000000047
0.14499999999999957
0.24600000000000044
0.11500000000000021
0.10199999999999854
0.04300000000000104
0.06400000000000006
0.0990000000000002
0.6020000000000003
0.12599999999999945
0.041999999999999815
0.06300000000000061
0.16699999999999804
0.1980000000000004
0.21499999999999986
0.0519999999999996
0.0400000000000027
0.389999999999997
0.020000000000003126
0.21599999999999753
0.22000000000000242
0.18299999999999983
0.02499999999999858
0.6099999999999994
0.07600000000000051
0.30400000000000205
0.0589999999999975
0.29299999999999926
0.16100000000000136
0.2220000000000013
0.10500000000000043
0.0589999999999975
0.15900000000000247
0.08399999999999963
0.2579999999999991
0.21000000000000085
0.23300000000000054
0.11799999999999855
0.10800000000000054
0.18299999999999983
0.08200000000000074
0.019999999999999574
0.07199999999999918
0.027000000000001023
0.022999999999999687
0.26099999999999923
0.09600000000000009
0.19000000000000128
0.11299999999999955
0.1460000000000008
1.4909999999999997
0.20099999999999696
0.15700000000000003
0.3470000000000013
0.021000000000000796
0.5569999999999986
0.12400000000000233
0.0849999999999973
0.1490000000000009
