0.0517000000000003
0.4170999999999996
0.018299999999999983
0.44399999999999995
0.8387000000000002
0.3754999999999997
0.46030000000000015
0.448500000000001
0.3894000000000002
0.33389999999999986
0.6831999999999994
0.15579999999999927
0.7455000000000016
0.03739999999999988
0.018599999999999284
0.5906000000000002
0.24659999999999904
0.2547000000000015
0.08809999999999896
0.7187000000000001
0.2532999999999994
0.19890000000000008
0.1471
0.11540000000000106
0.03279999999999994
0.07240000000000002
0.0823999999999998
0.2727000000000004
0.053300000000000125
0.18599999999999994
0.2518999999999991
0.0409000000000006
0.21620000000000061
0.09729999999999883
0.18769999999999953
0.07390000000000008
0.1678000000000015
0.3719000000000001
0.05030000000000001
0.10269999999999868
0.039400000000000546
0.9309000000000012
0.1612999999999971
0.09190000000000254
0.14140000000000086
0.1518999999999977
0.26440000000000197
0.49709999999999965
0.1498999999999988
0.36029999999999873
0.39220000000000255
0.05039999999999978
0.13220000000000098
0.4458999999999982
0.08510000000000062
0.025500000000000966
0.0326999999999984
0.2411999999999992
0.12690000000000268
0.050099999999996925
0.01880000000000237
0.9067000000000007
0.07139999999999702
0.17330000000000112
0.3442000000000007
0.11730000000000018
0.061299999999999244
0.08060000000000045
0.08779999999999788
0.08400000000000318
0.02109999999999701
0.05380000000000251
0.027200000000000557
0.03569999999999851
0.7436000000000007
0.010999999999999233
0.16400000000000148
0.08189999999999742
0.11899999999999977
0.04680000000000106
0.21010000000000062
0.18789999999999907
0.14890000000000114
0.34509999999999863
0.021000000000000796
0.06619999999999848
0.2359000000000009
0.2281000000000013
0.210799999999999
