0.11306349999999998
0.06605000000000061
0.16274750000000004
0.09458049999999929
0.06295900000000021
0.3413385
0.20683600000000002
0.028077000000000574
0.17298099999999916
0.187932
0.39864300000000075
0.22393099999999944
0.3558810000000001
0.18257550000000045
0.6705094999999996
0.21517449999999982
0.07048250000000067
0.1660079999999997
0.48700849999999996
0.011210499999998902
0.05901449999999997
0.43046450000000114
0.03443150000000017
0.1831244999999999
0.11180799999999991
0.2577455000000004
0.0405319999999989
0.06073349999999955
0.1575495
0.1551385000000014
0.03241449999999979
0.1354065000000002
0.17273199999999989
0.037431500000000284
0.4169064999999996
0.07592449999999928
0.058293499999999554
0.13575650000000117
0.4382324999999998
0.04620800000000003
0.11576149999999963
0.2484850000000005
0.5039435000000001
0.025830499999999645
0.1927690000000002
0.1873869999999993
0.5334730000000008
0.27163899999999863
0.3869600000000002
0.027356000000001046
0.16633150000000008
0.25567549999999883
0.12793650000000056
0.10261050000000083
0.010677499999999895
0.17563749999999878
0.11173300000000097
0.15736599999999967
0.24707150000000055
0.17142899999999983
0.10219100000000125
0.021950499999999096
0.15834749999999786
0.16690750000000065
0.5166895000000018
0.032838999999999174
0.06755550000000099
0.19131699999999796
0.13981599999999972
0.18043150000000097
0.12061149999999898
0.03714899999999943
0.17262850000000185
0.14970699999999937
0.19779700000000133
0.05099249999999955
0.22543950000000024
0.8261369999999992
0.2736325000000015
0.22456999999999994
0.144523999999997
0.022341000000000832
0.033843000000000956
0.05972799999999978
0.302346
0.1323180000000015
0.08432449999999747
0.015475999999999601
0.5272030000000001
0.2887474999999995
0.573657500000003
0.011666999999999206
0.2420605000000009
0.016968499999997277
0.10081700000000282
0.1325189999999985
0.38686799999999977
0.042170500000001
0.36636449999999954
0.022561499999998347
0.11828750000000099
0.20484499999999883
0.36808050000000136
0.5091155
