0.45941279999999995
0.22914609999999946
0.26254299999999997
0.04650080000000045
0.04593489999999978
0.03805920000000018
0.3942882000000001
0.2860397999999993
0.16571700000000078
0.540233699999999
0.1746432999999996
0.056298000000001736
0.3001291999999989
0.5893350999999996
0.30467250000000057
0.01837030000000084
0.03937399999999869
0.33556830000000026
0.3234376999999995
0.23702450000000042
0.1768799000000012
0.022240699999999336
0.1741393999999996
0.04226770000000002
0.01849849999999975
1.2082975999999999
0.18170600000000015
0.01666860000000092
0.27360769999999945
0.22419080000000058
0.035195899999999725
0.2775698999999996
0.07245409999999985
0.31362299999999976
0.46382050000000064
0.17816179999999981
0.041676300000000666
0.13049909999999976
0.01537070000000007
0.10894839999999917
0.03680789999999945
0.04193600000000153
0.09819189999999978
0.12442659999999961
0.01319980000000065
0.10600759999999987
0.029247399999999146
0.05570870000000028
0.05309489999999961
0.31655429999999996
0.04937080000000016
0.32206760000000045
0.5469683000000014
0.07529599999999803
0.28802260000000146
0.042206099999997804
0.01646859999999961
0.2161020000000029
0.0066406999999983896
0.21705240000000003
0.17077899999999957
0.07864700000000013
0.26580390000000165
0.33622849999999715
0.32792829999999995
0.29221110000000294
0.2015496999999975
0.0380742000000005
0.25263220000000075
1.852124700000001
0.025616799999998108
0.24850939999999966
0.03365619999999936
0.12095060000000046
0.00907370000000185
0.1642501000000003
0.37369250000000065
0.006508799999998871
0.21001970000000014
0.1767360999999994
0.15036539999999832
0.2485040000000005
0.053898400000001345
0.0884248999999997
0.033269600000000565
0.25578009999999907
0.638016799999999
0.09429869999999951
0.08876840000000286
0.06001459999999881
0.1486573
0.10638330000000096
0.0759161000000006
0.29840229999999934
0.23115310000000022
