0.20431500000000025
0.03699299999999983
0.33122775000000004
0.30514874999999986
0.06871124999999978
0.41068575000000074
0.06369449999999954
0.37554074999999987
0.18329474999999995
0.4724025000000003
0.020717250000000575
0.09000824999999857
0.19540875000000035
0.614904000000001
0.33111524999999986
0.1475737499999994
0.13540575000000032
0.017302499999999554
0.14334299999999978
0.034722000000000364
0.19364175000000117
0.042449249999998884
0.2728230000000007
0.08078249999999976
0.08555325000000025
0.08417024999999967
0.023553749999999596
0.10432124999999992
0.061605750000000015
0.013353750000000275
0.0672637500000004
0.042170999999999736
0.3992122499999997
0.19840500000000105
0.21895874999999876
0.13750199999999957
0.13669125000000015
0.09573825000000014
0.3574035000000002
0.025793249999999546
0.02739000000000047
0.08207175000000078
0.0966269999999998
0.04182374999999894
0.20748975000000058
0.1092569999999995
0.41917575000000085
0.11642699999999984
0.2833515000000002
0.07642124999999922
0.28426725000000097
0.07729875000000064
0.09401774999999901
0.43350299999999997
0.31407450000000026
0.2314469999999993
0.17882700000000007
1.3452247500000016
0.1696889999999982
0.04275450000000092
0.27220575000000125
0.009264749999999822
0.1791419999999988
0.0926594999999999
0.20863800000000055
0.2775615000000009
0.05590724999999708
0.012951750000002704
0.26528624999999906
0.06834149999999894
0.12386850000000038
0.5900040000000004
0.27561449999999965
0.012662999999999869
0.0313485
0.13319249999999982
0.06611850000000175
0.037896749999998036
0.3147750000000009
0.14126549999999938
0.25343175000000073
0.010385249999998791
0.5582519999999995
0.6580920000000035
0.06995624999999706
0.1082527500000019
0.11316824999999753
0.045880500000002655
0.10199474999999936
0.026295749999999174
0.1572382499999989
0.34075575000000313
0.5974237499999973
0.11573250000000002
0.012370500000002949
0.18632099999999951
0.18485774999999904
0.1531665000000011
0.013098749999997494
0.1715602500000024
0.08869049999999845
0.1786027499999996
0.12271499999999946
