0.15700000000000003
0.16199999999999992
0.11399999999999988
0.07000000000000028
0.20599999999999952
0.04600000000000026
0.15500000000000025
0.23099999999999987
0.2839999999999998
0.2450000000000001
0.23399999999999999
0.19200000000000017
0.10400000000000009
0.665
0.3550000000000004
0.10099999999999909
0.19599999999999973
0.19700000000000095
0.06899999999999906
0.1720000000000006
0.1590000000000007
0.16699999999999982
0.24499999999999922
0.038000000000000256
0.09500000000000064
0.16199999999999903
0.08000000000000007
0.2699999999999996
0.05000000000000071
0.14199999999999946
0.3600000000000012
0.35999999999999943
0.33399999999999963
0.18200000000000038
0.24799999999999933
0.14500000000000135
0.3039999999999985
0.6100000000000012
0.07099999999999973
0.0600000000000005
0.06099999999999994
0.08999999999999986
0.05799999999999983
0.40499999999999936
0.1750000000000007
0.04400000000000048
0.05799999999999983
0.05400000000000027
0.03199999999999825
0.05000000000000071
0.057000000000000384
0.18099999999999916
0.3620000000000001
0.4150000000000009
0.07499999999999929
0.09800000000000075
0.16699999999999982
0.08399999999999963
0.0990000000000002
0.025000000000000355
0.01699999999999946
0.07399999999999984
0.057000000000000384
0.0129999999999999
0.07699999999999996
0.02200000000000024
0.08199999999999896
0.11200000000000188
0.07399999999999807
0.23700000000000188
0.01699999999999946
0.1980000000000004
0.43299999999999983
0.2049999999999983
0.2740000000000009
0.36100000000000065
0.13899999999999935
0.19200000000000017
0.02499999999999858
0.03300000000000125
0.3670000000000009
0.0259999999999998
0.036999999999999034
0.3260000000000005
0.13800000000000168
0.11299999999999955
0.1039999999999992
0.14399999999999835
0.3000000000000007
0.1999999999999993
0.07700000000000173
0.2940000000000005
0.14199999999999946
0.08699999999999974
0.29799999999999827
0.44700000000000273
0.023999999999997357
0.11000000000000298
0.03500000000000014
0.09600000000000009
0.21499999999999986
0.027999999999998693
0.02400000000000091
0.07399999999999807
0.05000000000000071
0.2530000000000001
0.015999999999998238
0.1650000000000027
0.06499999999999773
0.6020000000000003
0.06700000000000017
0.04299999999999926
0.12300000000000111
0.16000000000000014
0.01699999999999946
0.33399999999999963
0.054000000000002046
0.2859999999999978
0.07200000000000273
0.10299999999999798
0.028999999999999915
0.10999999999999943
0.12300000000000111
0.05600000000000094
0.14999999999999858
0.06599999999999895
