0.07899999999999974
0.1070000000000002
0.133
0.14900000000000002
0.04900000000000038
0.05600000000000005
0.41999999999999993
0.569
0.2869999999999999
0.17400000000000038
0.2629999999999999
0.08599999999999941
0.18599999999999994
0.03900000000000059
0.2839999999999998
0.3340000000000005
0.28699999999999903
0.41300000000000026
0.06400000000000006
0.277000000000001
0.26399999999999935
0.1349999999999998
0.010999999999999233
0.0810000000000013
0.11999999999999922
0.1880000000000006
0.013999999999999346
0.22600000000000087
0.03399999999999892
0.13400000000000034
0.2599999999999998
0.15500000000000114
0.08499999999999908
0.06799999999999962
0.25200000000000067
0.21899999999999942
0.09200000000000053
0.11999999999999922
0.0600000000000005
0.07000000000000028
0.3550000000000004
0.08799999999999919
0.11899999999999977
0.23399999999999999
0.16600000000000037
0.16600000000000037
0.09999999999999964
0.025000000000000355
0.1590000000000007
0.04499999999999993
0.36599999999999966
0.01699999999999946
0.04100000000000037
0.06899999999999906
0.14400000000000013
0.15600000000000058
0.5169999999999995
0.2970000000000006
0.054999999999999716
0.12400000000000055
0.0129999999999999
0.25200000000000067
0.058999999999999275
0.10500000000000043
0.025000000000000355
0.036999999999999034
0.02200000000000024
0.42299999999999827
0.4039999999999999
0.3990000000000009
0.0259999999999998
0.054000000000002046
0.038000000000000256
0.07699999999999818
0.11100000000000065
0.0799999999999983
0.10100000000000264
0.1869999999999976
0.1700000000000017
0.11799999999999855
0.02500000000000213
0.07900000000000063
0.3879999999999981
0.30799999999999983
0.38400000000000034
0.07199999999999918
0.3190000000000026
0.01799999999999713
0.05799999999999983
0.04200000000000159
0.09700000000000131
0.4079999999999977
0.40500000000000114
0.5019999999999989
0.15800000000000125
0.2710000000000008
0.021999999999998465
0.06500000000000128
0.45899999999999963
0.125
0.09099999999999753
0.045000000000001705
0.2970000000000006
0.11799999999999855
0.010999999999999233
0.0660000000000025
0.14000000000000057
0.10099999999999909
0.5229999999999997
0.28000000000000114
0.21399999999999864
0.1769999999999996
0.07400000000000162
0.013999999999999346
0.11799999999999855
0.22800000000000153
0.05900000000000105
0.027999999999998693
