0.01004999999999967
0.3232400000000002
0.3769600000000004
0.3235599999999996
0.04768000000000061
0.04571999999999932
0.29903000000000013
0.08192999999999984
0.0940600000000007
0.12126999999999999
0.1224400000000001
0.06296999999999997
0.48346
0.41213999999999995
0.08914000000000044
0.08484999999999943
0.05801999999999907
0.0340600000000002
0.24596000000000018
0.11350000000000016
0.06661000000000072
0.013209999999999056
0.40477000000000096
0.2058099999999996
0.05278999999999989
0.13077000000000005
0.3566199999999995
0.09288000000000096
0.09797000000000011
0.02578999999999887
0.2138100000000005
0.3983100000000004
0.1694300000000002
0.18965000000000032
0.05625999999999998
0.4727699999999988
0.38182000000000116
0.022789999999998756
0.29478000000000115
0.3566400000000005
0.07228999999999886
0.18008999999999986
0.2212000000000014
0.4828499999999991
0.1291499999999992
0.1372700000000009
0.15535999999999994
0.01302000000000092
0.12656999999999918
0.79847
0.06321999999999939
0.37134
0.03523000000000032
0.11584000000000039
0.09585000000000043
0.07784999999999975
0.3922900000000009
0.7319800000000001
0.09303999999999846
0.39546999999999954
0.10125000000000028
0.08718000000000004
0.013110000000001065
0.0897900000000007
0.31540000000000035
0.009609999999998564
0.3462600000000009
0.3225200000000008
0.12983999999999796
0.05150000000000077
0.055630000000000734
0.17061999999999955
0.0080600000000004
0.14649999999999963
0.12941000000000003
0.022050000000000125
0.10719999999999885
0.2145399999999995
0.05725999999999942
0.11547000000000196
0.03979999999999961
0.1279299999999992
0.040790000000001214
0.0438699999999983
0.3782100000000028
0.4852599999999967
0.20561000000000007
0.4434400000000025
0.3258499999999991
0.09121999999999986
0.18121999999999971
0.148299999999999
0.16388000000000247
0.1008899999999997
0.8948999999999998
0.2085000000000008
0.032349999999997436
0.047680000000003275
0.25158999999999665
0.28699000000000296
0.05893999999999977
0.21340000000000003
0.006090000000000373
0.18762999999999863
0.031749999999998835
0.0820500000000024
0.07204999999999728
0.07796000000000092
