0.07403050000000011
0.4810832500000002
0.39793400000000023
0.11497499999999938
0.1579157499999999
0.179913
0.038349250000000445
0.08276775000000036
0.8751894999999994
0.03535950000000021
0.05392650000000021
0.18511524999999995
0.06463649999999976
0.0605557499999998
0.17949400000000004
0.09774175000000085
0.07003674999999987
0.11861199999999883
0.3672820000000012
0.05347349999999906
0.13976674999999972
0.4007500000000004
0.6955480000000005
0.24465574999999973
0.3188032500000002
0.11767425000000031
0.18423024999999882
0.05625425000000028
0.09626049999999964
0.3551359999999999
0.11317900000000058
0.07288125000000001
0.4811600000000009
0.01608199999999904
0.0400557500000005
0.26135649999999977
0.027050499999999644
0.4689657500000006
0.0783012499999991
0.5545235000000002
0.31955050000000007
0.45476449999999957
0.6391985000000009
0.08104125000000018
0.2664875000000002
0.0624527499999985
0.48793299999999995
0.008978000000000819
0.039056750000000306
0.04871524999999899
0.04354300000000144
0.4535924999999992
0.12284825000000055
0.09032524999999936
0.15404399999999896
0.07724500000000134
0.06301200000000051
0.03214750000000066
0.3166362499999984
0.16589150000000075
0.02771424999999894
0.04452500000000015
0.07838650000000058
0.48538925000000077
0.0809394999999995
0.16369024999999837
0.37451775000000254
0.15139074999999735
0.024962500000000887
0.3435644999999994
0.31968875000000097
0.3422917500000011
0.377745749999999
0.5693014999999981
0.5935977500000007
0.08699275000000029
0.03364025000000126
0.016085499999999087
0.21082949999999911
0.3925382500000012
0.2917557500000001
0.4663302499999986
0.7012942500000001
0.20812575000000066
0.4347847499999986
0.03700675000000331
0.26586849999999984
0.021028499999999894
0.09381750000000011
0.02163724999999772
0.07950625000000144
0.09211050000000043
0.04692449999999937
0.014323250000000343
0.02732250000000036
0.012522499999999326
