0.040000000000000036
0.19399999999999995
0.07399999999999984
0.02800000000000047
0.10099999999999998
0.05400000000000027
0.23299999999999965
0.13600000000000012
0.40200000000000014
0.1459999999999999
0.006000000000000227
0.1949999999999994
0.19600000000000062
0.1949999999999994
0.07800000000000029
0.3280000000000003
0.11699999999999999
0.1769999999999996
0.1479999999999997
0.20000000000000107
0.006999999999999673
0.04299999999999926
0.04800000000000004
0.2010000000000005
0.14199999999999946
0.29300000000000104
0.1349999999999998
0.129999999999999
0.1490000000000009
0.3879999999999999
0.06700000000000017
0.05799999999999983
0.019000000000000128
0.3330000000000002
0.19699999999999918
0.015000000000000568
0.12599999999999945
0.3550000000000004
0.3089999999999993
0.40300000000000047
0.6259999999999994
0.29499999999999993
0.16500000000000092
0.06300000000000061
0.13599999999999923
0.1850000000000005
0.34999999999999964
0.12100000000000044
0.22299999999999898
0.588000000000001
0.06099999999999994
0.25099999999999945
0.10400000000000098
0.19599999999999973
0.28699999999999903
0.0990000000000002
0.07399999999999984
0.24900000000000055
0.019999999999999574
0.0129999999999999
0.2919999999999998
0.015000000000000568
0.09199999999999875
0.18400000000000105
0.030000000000001137
0.42299999999999827
0.24200000000000088
0.31200000000000117
0.01699999999999946
0.19299999999999784
0.054999999999999716
0.10000000000000142
0.1039999999999992
0.09800000000000253
0.11499999999999844
0.33899999999999864
0.20200000000000173
0.11100000000000065
0.44299999999999784
0.09600000000000009
0.043000000000002814
0.254999999999999
0.03599999999999781
0.19000000000000128
0.16900000000000048
0.15200000000000102
0.625
0.09499999999999886
0.3219999999999992
0.15900000000000247
0.04099999999999682
0.16000000000000014
0.05100000000000193
0.05799999999999983
0.04499999999999815
0.09800000000000253
0.08299999999999841
0.10999999999999943
0.054999999999999716
0.2270000000000003
0.7980000000000018
0.18599999999999994
0.26599999999999824
0.2270000000000003
0.12199999999999989
0.0660000000000025
0.14199999999999946
0.0259999999999998
0.24799999999999756
0.15000000000000213
0.20599999999999952
