0.10101139999999997
0.1944278000000006
0.06850889999999943
0.22303940000000022
0.29710190000000036
0.019453799999999966
0.6596726999999998
0.023596099999999787
0.053668700000000236
0.029303200000000196
0.032478299999999294
0.016413300000000852
0.02075169999999993
0.3926088999999999
0.08409719999999954
0.1253884000000003
0.06704819999999945
0.03789240000000049
0.12593869999999985
0.21999160000000018
0.06299519999999958
0.17019619999999946
0.17691830000000053
0.5265012000000002
0.0607325000000003
0.3034933999999989
0.2435755000000004
0.10800990000000077
0.20912429999999915
0.011778300000001352
0.06912819999999975
0.03583399999999948
0.5629214000000005
1.1753431999999986
0.23327530000000074
0.047022800000000586
0.171487299999999
0.08449790000000057
0.16757149999999932
0.39216670000000065
0.17770559999999946
0.05788680000000035
0.030490600000000256
0.12278710000000004
0.017246099999999487
0.09090759999999953
0.008282900000001092
0.16742219999999897
0.48371990000000054
0.20237919999999932
0.021596300000000568
0.042573199999999645
0.055985700000000804
0.2659780000000005
0.09810099999999977
0.22954640000000026
0.11520629999999876
0.08314540000000115
0.6671581999999994
0.37349869999999896
0.2562705000000012
0.5393280999999988
0.060599599999999754
0.15285300000000035
0.06043060000000011
0.07889550000000156
0.4866269999999986
0.25595129999999955
0.035294300000000334
0.6176193999999988
0.659433700000001
0.09785019999999989
0.0400349999999996
0.22295680000000218
0.12675149999999746
0.03368440000000206
0.4799630999999991
0.05501560000000083
0.01420309999999958
0.14620000000000033
0.020135199999998576
0.12041590000000113
0.21774389999999855
0.2873038000000001
0.4368078000000004
0.03321610000000064
0.04493559999999874
0.5835214000000022
0.12209769999999764
0.4285361999999999
0.46316420000000136
0.17386899999999983
0.5783926000000008
0.18017659999999935
0.2340397000000003
0.36785679999999843
0.04825170000000156
0.14464909999999875
0.08067319999999967
