0.1273515000000005
0.11286075000000029
0.5757374999999998
0.3971114999999994
0.1038982500000003
0.24818624999999983
0.30195974999999997
0.1208475
0.40518000000000054
0.029844749999999642
0.050752499999999756
0.09194100000000027
0.1313512499999998
0.030952500000000605
0.04848074999999952
0.13720350000000003
0.783047250000001
0.32256524999999847
0.20525850000000112
0.012644249999999246
0.08153775000000074
0.09201824999999886
0.4491750000000003
0.1804117500000011
0.06961049999999958
0.2530312499999994
0.06266250000000007
0.09698250000000108
0.6087577499999988
0.04389075000000098
0.19496625000000023
0.0180922499999987
0.177543
0.22754025000000055
0.17897250000000042
0.008421000000000234
0.2239192499999998
0.39729674999999887
0.22071975000000066
0.13137225000000008
0.25672650000000097
0.11881949999999897
0.1639582500000003
0.35812875000000055
0.03454049999999853
0.2574360000000002
0.23950050000000012
0.0948562500000012
0.16532849999999932
0.1840635000000006
0.008759249999998886
0.09986549999999994
0.7994219999999999
0.01627425000000038
0.054090000000000416
0.12651450000000075
0.6661372500000002
0.07317149999999728
0.25534125000000074
0.04796775000000153
0.2990549999999992
0.028018500000001723
0.04487249999999676
0.2304390000000005
0.1877947500000019
0.02306924999999893
0.06365625000000108
0.09319125000000028
0.36125024999999766
0.11291475000000162
0.05180024999999944
0.08034375000000082
0.11889299999999992
0.13218450000000104
0.5128874999999979
0.3341744999999996
0.16138575000000088
0.011223000000001093
0.042096749999998906
0.033695250000000954
0.19630949999999814
0.36236775000000065
1.7516842500000003
0.07799699999999987
0.27448275000000066
0.1572982500000002
0.05846024999999955
0.0430905000000017
0.15476099999999704
0.08554050000000046
0.27913050000000084
0.04900650000000084
0.13726725000000073
0.2568577499999982
0.10989375000000123
0.37831874999999826
0.4607707500000018
0.24204074999999747
