0.13037599999999916
0.049783250000000834
0.015976999999999464
0.24121300000000012
0.1217157499999999
0.22100800000000032
0.23026225
0.07883149999999972
0.025797250000000105
0.5994277500000003
0.7279082499999996
0.08036174999999979
0.24539425000000037
0.8916007499999994
0.2456145000000003
0.21285349999999958
0.04413599999999995
0.2728345000000001
0.29463100000000075
0.1527327500000002
0.08976350000000011
0.06249699999999869
0.7463202500000001
0.14766800000000124
0.06547349999999952
0.08131599999999928
0.30644075000000015
0.18378599999999956
0.42373925000000057
0.2016012499999995
0.4799685
0.30016975000000023
0.7389442500000012
0.0566312499999988
0.1375989999999998
0.03088150000000134
0.1276642499999987
0.17022250000000128
0.15684149999999875
0.24242100000000022
0.46365824999999994
0.03214250000000085
0.12472024999999931
0.06457374999999921
0.8869862499999996
0.06577550000000087
0.09951674999999938
0.22627325000000198
0.12529924999999764
0.053576500000001914
0.3250787499999994
0.23779375000000158
0.22396474999999683
0.23643700000000223
0.08417049999999904
0.25309024999999963
0.2985880000000023
0.09648849999999953
0.4340844999999973
0.6607877500000008
0.17691124999999985
0.06949850000000168
0.14373099999999894
0.18169024999999905
0.059091250000001594
0.013926500000000175
0.029845500000000413
0.01993724999999813
0.7879067500000012
0.16564375000000098
0.287163249999999
0.2403752499999996
0.04950849999999818
0.21916675000000296
0.028632749999999874
0.20924924999999917
0.15537475
0.014353499999998576
0.10681100000000043
0.45046350000000146
0.18993324999999928
0.08695575000000133
0.27788799999999725
0.4414377500000022
0.17017324999999772
0.026157250000000687
0.22567875000000015
