0.11452349999999978
0.08051850000000016
0.3532807499999997
0.20088150000000038
0.15825449999999996
0.15522149999999968
0.23080049999999996
0.014679000000000109
0.0410775000000001
0.5243137500000001
0.5496082499999995
0.3199897500000004
0.006203250000000438
0.060410249999999444
0.12791775000000083
0.7802662499999986
0.30390225000000015
0.20041875000000076
0.08970150000000032
0.28808399999999956
0.20975175000000057
0.21979349999999975
0.14418824999999913
0.31297200000000025
0.04168349999999954
0.8222482500000012
0.46455300000000044
0.09727349999999824
0.09057675000000032
0.6263909999999999
0.10601700000000136
0.03291299999999886
0.009089250000000604
0.8017395
0.24620325000000065
0.03469574999999914
0.18725700000000067
0.14067674999999902
0.24051374999999986
0.08600550000000062
0.20642400000000016
0.18431024999999934
0.07858874999999976
0.4557210000000005
0.11156625000000098
0.0783359999999984
0.1688010000000002
0.32219775000000084
0.16853400000000107
0.30312524999999724
0.12111525000000256
0.07060874999999811
0.05905800000000028
0.2274630000000002
0.16899000000000086
0.07716974999999948
0.217962
0.07727549999999894
0.04549199999999942
0.25746975000000205
0.2968717500000011
0.519365999999998
0.1524472500000016
0.17408249999999725
0.019218750000000284
0.0537577500000026
0.1111754999999981
0.06611400000000245
0.07589849999999743
0.36646424999999994
0.13857074999999952
0.08736375000000152
0.08026874999999833
0.7588590000000011
0.08504625000000132
0.10740149999999815
0.3519697500000021
0.04631625000000028
0.008263499999998203
0.21159150000000082
0.1583040000000011
0.07718474999999714
0.4974045000000018
0.02999099999999899
0.24561075000000088
0.0320767499999981
0.0986242500000003
0.1059637500000008
0.25961625000000055
0.10315724999999887
0.10384050000000045
0.35030624999999915
0.8952570000000009
