0.020499999999999297
0.2262000000000004
0.4935999999999998
0.013600000000000279
0.06879999999999953
0.08090000000000064
0.1471
0.12089999999999979
0.1498999999999997
0.02010000000000023
0.7218
0.4328000000000003
0.15259999999999962
0.3049999999999997
0.036900000000000155
0.20699999999999985
0.27810000000000024
0.1288999999999998
0.1772000000000009
0.029899999999999594
0.2771000000000008
0.10779999999999923
0.055899999999999395
0.266
0.027599999999999625
0.08280000000000065
0.3753000000000011
0.13299999999999912
0.18629999999999924
0.24910000000000032
0.14780000000000015
0.01860000000000106
0.37509999999999977
0.1761999999999997
0.08370000000000033
0.06959999999999944
0.45950000000000024
0.48770000000000024
0.2533999999999992
0.06760000000000055
0.2514000000000003
0.28200000000000003
0.02689999999999948
0.040300000000000225
0.21899999999999942
0.37480000000000047
0.017100000000001003
0.7157999999999998
0.4894999999999996
0.12119999999999997
0.17379999999999995
0.01559999999999917
0.020100000000001117
0.7815000000000012
0.14239999999999853
0.28859999999999886
0.05270000000000152
0.6067999999999998
0.026499999999998636
0.232800000000001
0.07610000000000028
0.1775999999999982
0.01850000000000307
0.6738
0.49239999999999995
0.08659999999999712
0.1980000000000004
0.23730000000000118
0.04650000000000176
0.11949999999999861
0.48389999999999844
0.058200000000002916
0.19269999999999854
0.017900000000000915
0.16000000000000014
0.6245999999999974
0.07610000000000028
0.24320000000000164
0.2690999999999981
0.1130000000000031
0.01869999999999905
0.12170000000000059
0.3080999999999996
0.29879999999999995
0.6137999999999977
0.07169999999999987
0.30540000000000234
0.012699999999998823
0.03300000000000125
0.41600000000000037
0.2638999999999996
0.03160000000000096
0.23930000000000007
0.09789999999999921
0.08510000000000062
