0.16810999999999954
0.20382999999999996
0.3262900000000002
0.1753600000000004
0.8534999999999995
0.03437000000000001
0.07577000000000034
0.05041000000000029
0.11580999999999975
0.06449000000000016
0.06940999999999953
0.22161000000000008
0.3156800000000004
0.12362999999999946
0.016520000000000756
0.0101899999999997
0.29354000000000013
0.016049999999999898
0.07196000000000069
0.09895999999999994
1.2068399999999997
0.09541999999999895
0.4378000000000011
0.7762399999999996
0.47905000000000086
0.12099999999999866
0.02584000000000053
0.367560000000001
0.0678099999999997
0.2933299999999992
0.1724800000000002
0.16854000000000013
0.13490000000000002
0.1823800000000002
0.04140999999999906
0.14301999999999992
0.09889000000000081
0.12021999999999977
0.5709
0.5993899999999996
0.045440000000001035
0.06413000000000046
0.13598
0.1291499999999992
0.017110000000000625
0.24904999999999866
0.32609000000000066
1.0156700000000018
0.032859999999999445
0.4583699999999986
0.08672999999999931
0.18174000000000134
0.0349800000000009
0.7724999999999973
0.08823000000000292
0.37284000000000006
0.13086999999999804
0.13312000000000168
0.04101999999999961
1.0188300000000012
0.03330999999999662
0.06642000000000081
0.2468199999999996
0.05328000000000088
0.12431000000000125
0.4563500000000005
0.18618000000000023
0.09035999999999689
0.06558000000000064
0.03983000000000203
0.15486999999999895
0.22735000000000127
0.2951599999999992
0.25982000000000127
0.014189999999999259
0.0634699999999988
0.18426000000000187
0.519169999999999
0.0380900000000004
0.41225999999999985
0.028890000000000526
0.18852000000000046
0.4154299999999971
0.10438000000000258
0.06981000000000037
0.6080699999999979
0.0879700000000021
