0.03699999999999992
0.08700000000000063
0.1349999999999998
0.038000000000000256
0.04699999999999971
0.017999999999999794
0.04100000000000037
0.13999999999999968
0.057000000000000384
0.07899999999999974
0.5120000000000005
0.15199999999999925
0.07200000000000006
0.4240000000000004
0.0129999999999999
0.27700000000000014
0.03599999999999959
0.15600000000000058
0.28200000000000003
0.266
0.06299999999999972
0.30600000000000005
0.04499999999999993
0.08799999999999919
0.11400000000000077
0.11599999999999966
0.15800000000000125
0.22999999999999865
0.16999999999999993
0.02400000000000091
0.28500000000000014
0.06099999999999994
0.10899999999999999
0.09399999999999942
0.05900000000000105
0.21799999999999997
0.08000000000000007
0.03799999999999848
0.6720000000000006
0.06099999999999994
0.10100000000000087
0.02099999999999902
0.10400000000000098
0.11799999999999855
0.03700000000000081
0.06300000000000061
0.05299999999999905
0.2010000000000005
0.08900000000000041
0.39400000000000013
0.21699999999999875
0.034000000000000696
0.0649999999999995
0.17900000000000027
0.44200000000000017
0.10699999999999932
0.15300000000000047
0.359
0.15700000000000003
0.021000000000000796
0.10699999999999932
0.07199999999999918
0.04300000000000104
0.03599999999999959
0.2940000000000005
0.02099999999999902
0.10899999999999999
0.38700000000000045
0.016000000000000014
0.45700000000000074
0.47799999999999976
0.40699999999999825
0.22600000000000264
0.16799999999999926
0.16300000000000026
0.03999999999999915
0.09700000000000131
0.1280000000000001
0.08999999999999986
0.09799999999999898
0.16900000000000048
0.0940000000000012
0.1059999999999981
0.18700000000000117
0.0329999999999977
0.028000000000002245
0.023999999999997357
0.23100000000000165
0.19000000000000128
0.29299999999999926
0.1460000000000008
0.15199999999999747
0.0730000000000004
0.08000000000000185
0.21699999999999875
0.04100000000000037
0.26399999999999935
0.14199999999999946
0.045999999999999375
0.011000000000002785
0.259999999999998
0.19000000000000128
0.120000000000001
0.17199999999999704
0.05600000000000094
0.13200000000000145
0.134999999999998
0.1700000000000017
0.19899999999999807
0.28600000000000136
0.11899999999999977
0.021000000000000796
0.48600000000000065
0.053999999999998494
0.39199999999999946
0.08300000000000196
0.32099999999999795
0.12900000000000134
0.24099999999999966
0.027999999999998693
0.06700000000000017
0.07000000000000028
0.34800000000000253
0.0799999999999983
0.1280000000000001
0.17999999999999972
0.013000000000001677
0.03500000000000014
0.03999999999999915
0.036999999999999034
0.3940000000000019
0.13099999999999667
