0.0745825
0.6866574999999999
0.03936250000000019
0.11577199999999976
0.023455000000000226
0.49208050000000014
0.1895124999999993
0.017381000000000313
0.10494649999999961
0.2565300000000006
0.2322949999999997
0.02306000000000008
0.33751900000000035
0.20544449999999959
0.015625
0.19584150000000022
0.04835749999999983
0.0603239999999996
0.01399849999999958
0.025121500000000907
0.192952
0.012663500000000383
0.1576114999999998
0.4330835000000004
0.08385099999999923
0.027966499999999783
0.22422249999999977
0.22592649999999992
0.021895999999999916
0.2543375000000001
0.0329025000000005
0.11079699999999981
0.029376000000000957
0.026522999999999186
0.16180849999999936
0.37282350000000086
0.06437099999999951
0.4340390000000003
0.24772199999999955
0.010882500000001016
0.21474699999999913
0.0167420000000007
0.09723199999999999
0.03622549999999869
0.11757850000000047
0.10085000000000122
0.07357099999999939
0.019528499999999838
0.4151740000000004
0.05788599999999988
0.08067950000000046
0.20775100000000002
0.2688134999999985
0.280186500000001
0.14086700000000008
0.05259199999999886
0.01582100000000075
0.1408334999999994
0.08740400000000115
0.022090499999999125
0.08968450000000061
0.021141000000000076
0.26710999999999885
0.41172500000000056
0.11521300000000068
0.04477599999999882
0.2585110000000004
0.740615
0.09079649999999972
0.0844699999999996
0.22198850000000014
0.1552180000000014
0.013877000000000805
0.43071399999999826
0.2631350000000019
0.04149549999999991
0.07674549999999769
0.7906200000000005
1.0682325000000006
0.2643109999999993
0.14930049999999895
0.5887659999999997
0.17677750000000003
0.19522050000000135
0.17854549999999847
0.29182850000000116
1.012513000000002
0.1317214999999976
1.0306040000000003
0.11691100000000176
0.14582599999999957
0.21351049999999816
0.4361430000000013
0.14522949999999923
0.46775399999999934
0.1390519999999995
0.09714650000000091
0.09264250000000018
0.07369350000000097
