0.5289767999999997
0.028846300000000547
0.11166609999999988
0.7531616999999997
0.6563331999999997
0.046302100000000124
0.1788887000000008
0.26272439999999975
0.2746531999999995
0.05325170000000057
0.028243899999999655
0.04123440000000045
0.03484949999999998
0.24995299999999965
0.06186119999999917
0.1597286000000011
0.10755960000000009
0.07792629999999967
0.3696047999999994
0.582532200000001
0.08787879999999859
0.5623445
0.16878230000000016
0.05670830000000038
0.24046650000000014
0.1431950999999998
0.08198270000000107
0.12908869999999872
0.09126160000000105
0.13516529999999882
0.49091860000000054
0.3480188999999996
0.10073320000000052
0.3104826000000003
0.11116179999999964
0.03387389999999968
0.3926210999999995
0.40688689999999994
0.027407700000001256
0.4121914999999987
0.06351450000000014
0.04094840000000133
0.36360039999999927
0.39536820000000006
0.11987039999999993
0.10627140000000068
0.5404993999999999
0.19908690000000107
0.2402128999999995
0.5185900999999973
0.13665240000000267
0.14846049999999877
0.7892623999999984
0.2751324000000004
0.1909185000000022
0.026803099999998636
0.04688610000000182
0.139001099999998
0.06934670000000054
0.7698640999999995
0.03177790000000158
0.12475909999999857
0.043317000000001826
0.48122069999999795
0.07627409999999912
0.4488277000000025
0.07566359999999861
0.08364919999999998
0.08693979999999968
0.18194070000000195
0.07120849999999734
0.011889000000000038
0.20098760000000127
0.09054019999999952
0.06607819999999975
0.20429340000000096
0.19552179999999808
0.2189690000000013
0.2807206999999998
0.10637270000000143
0.05059389999999908
0.1665005999999991
0.14365680000000225
0.3480491999999984
0.15036630000000173
0.23300649999999834
0.5011623000000007
0.24031489999999778
0.018566700000000935
0.021528400000001113
0.16019520000000043
0.04359829999999931
