0.18044599999999988
0.06303649999999994
0.14997900000000008
0.04752549999999989
0.10085850000000018
0.03327999999999953
0.20432450000000024
0.16490749999999998
0.04251149999999981
0.06706099999999982
0.08104099999999992
0.03547849999999997
0.09366250000000065
0.16763499999999976
0.12595949999999956
0.13173000000000012
0.04971200000000042
0.0517000000000003
0.08690699999999918
0.19703350000000075
0.019454999999999778
0.23785800000000012
0.15494899999999934
0.10861400000000021
0.20035150000000002
0.08695900000000023
0.10178400000000032
0.01778299999999966
0.04625000000000057
0.4024894999999997
0.09677999999999898
0.27075650000000095
0.05826650000000022
0.24223799999999862
0.18506450000000108
0.07449699999999915
0.4711180000000006
0.17498250000000048
0.2454029999999996
0.11927749999999904
0.047154000000000806
0.4052129999999998
0.18666800000000094
0.006960999999998663
0.17222500000000096
0.2541840000000004
0.2854759999999992
0.09288500000000077
0.12226849999999878
0.009533499999999862
0.10035400000000116
0.3279259999999997
0.1409634999999998
0.028020500000000226
0.2774954999999988
0.05785450000000125
0.24276699999999884
0.2551645000000011
0.37581299999999906
0.10742600000000024
0.0918480000000006
0.06742249999999927
0.15129950000000036
0.015024999999999622
0.08502250000000089
0.3573310000000003
0.3368544999999994
0.23327149999999897
0.10483900000000013
0.1176320000000004
0.09591800000000106
0.1428649999999987
0.02592749999999988
0.2173090000000002
0.16983149999999902
0.02866300000000166
0.031174499999998773
0.05050500000000113
0.566552999999999
0.06374900000000139
0.5661430000000003
0.07460700000000031
0.23563549999999722
0.735218500000002
0.3105399999999996
0.2724794999999993
0.058405000000000484
0.1114555000000017
0.26876949999999766
0.036847500000000366
0.09108550000000193
0.351896
0.2127964999999996
0.07420549999999793
0.4130819999999993
0.07535299999999978
0.10274250000000151
0.030405999999999267
0.031658000000000186
0.39330950000000087
0.2569499999999998
0.8751205000000013
0.09024249999999867
0.2319020000000016
0.1482689999999991
0.1846154999999996
0.7095495000000014
0.04903549999999868
0.045293000000000916
0.10890749999999727
0.03615700000000288
0.21932649999999754
0.35134100000000146
0.03437249999999992
0.022390500000000202
