0.12370600000000032
0.031486000000000125
0.11445799999999995
0.07418199999999953
0.3847990000000001
0.06008400000000069
0.12175099999999972
0.026035000000000252
0.35713999999999935
0.05496200000000062
0.03291699999999942
0.23714000000000013
0.179303
0.07449499999999976
0.10476799999999997
0.07362900000000039
0.20005000000000006
0.24508300000000016
0.38066599999999884
0.19199200000000083
0.11599600000000088
0.1910279999999993
0.04637299999999911
0.4870619999999999
0.019114000000000075
0.02694500000000133
0.030690999999999136
0.1280979999999996
0.1150260000000003
0.013217000000000922
0.1900479999999991
0.01900999999999975
0.052808999999999884
0.21093600000000023
0.05078800000000072
0.09219700000000053
0.04885499999999965
0.06923600000000008
0.18664599999999965
0.28342199999999984
0.1370900000000006
0.10785199999999939
0.010946999999999818
0.08761800000000086
0.005519999999998859
0.019137999999999877
0.043858000000000175
0.06810699999999947
0.684132
0.0718140000000016
0.17143299999999861
0.1238690000000009
0.05167499999999947
0.5029859999999999
0.414733
0.1924790000000005
0.10845800000000061
0.09634199999999993
0.3671509999999998
0.38214799999999904
0.1902500000000007
0.022966000000000264
0.013790000000000191
0.013220999999999705
0.2761589999999998
0.2621140000000004
0.1439009999999996
0.08146900000000024
0.030367000000000033
0.13274899999999867
0.10832400000000142
0.08825599999999945
0.06068400000000018
0.13215999999999894
0.4994430000000012
0.10210799999999765
0.21431800000000223
0.10785900000000126
0.20250199999999907
0.34686100000000053
0.20489099999999993
0.8165789999999973
0.5115110000000023
0.07539099999999976
0.0619019999999999
0.05414599999999936
0.33433700000000144
0.23499799999999738
0.13148999999999944
0.21655000000000157
0.13258599999999987
0.04600500000000096
0.07163800000000009
0.29052599999999984
0.034555000000001
0.14860299999999782
0.15996799999999922
0.06784900000000249
0.1544719999999984
0.21632900000000177
0.22451899999999725
0.11955800000000139
0.09748499999999893
0.2857120000000002
0.023761000000000365
0.08882900000000049
0.3201679999999989
0.0613240000000026
0.030412999999999357
0.6116419999999998
0.4734650000000009
0.1887389999999982
0.11011600000000143
0.12241599999999764
0.08421700000000243
0.17534399999999906
0.048481999999999914
0.04083899999999829
0.27796100000000123
