0.9213122499999997
0.12052925000000059
0.025463249999999604
0.0569835000000003
0.2650647499999996
0.1922442499999999
0.3776262500000005
0.2623217499999999
0.21244275000000012
0.15744949999999935
0.18341675000000013
0.030526000000000053
0.33892950000000077
0.38364949999999887
0.035767500000000396
0.27925800000000045
0.20848224999999942
0.3206729999999993
0.3859545000000004
0.045536999999999495
0.08629475000000042
0.17160774999999973
0.056113250000001
0.19741250000000043
0.20487199999999994
0.31214299999999895
0.05404625000000074
0.19074475000000035
0.22458074999999944
0.015761250000000615
0.22740574999999907
0.26103024999999924
0.02039475000000124
0.13540174999999977
0.4513020000000001
0.10683575000000012
0.2675710000000002
0.4701109999999993
0.5061654999999998
0.30236224999999983
0.3562277500000004
0.06315900000000063
0.1023367499999992
0.2389847500000002
0.49517099999999914
0.4457052500000014
0.25715049999999806
0.06281050000000121
0.11048699999999911
0.14284600000000225
0.1258739999999996
0.06667524999999941
0.05423099999999792
0.02734725000000182
0.36494550000000103
0.0689744999999995
0.035302749999999605
0.17867800000000145
0.051527999999997576
0.028458249999999907
0.17004900000000234
0.3700014999999972
0.2750880000000002
0.024899500000000074
0.24476075000000108
0.08011425000000116
0.022020999999998736
0.49221675000000076
0.17675999999999803
0.5343280000000021
0.4003964999999994
0.01872875000000107
0.02677449999999837
0.16634025000000108
1.016897499999999
0.05703975000000128
0.13513799999999776
0.11054075000000196
0.1861217499999981
0.055324999999999847
0.35824500000000015
0.5527490000000022
0.03368774999999857
0.05668100000000109
0.10557825000000065
0.30316749999999715
0.04295899999999975
0.10196675000000255
0.2648635000000006
0.08908199999999766
0.26957425000000157
0.0969687499999985
0.1332304999999998
0.04445074999999932
0.036344500000002
0.2600839999999991
