0.03370000000000051
0.026699999999999946
0.021099999999999675
0.03840000000000021
0.19869999999999965
0.10850000000000026
0.9204999999999997
0.22219999999999995
0.05730000000000057
0.1924999999999999
0.10329999999999995
0.08819999999999961
0.026900000000000368
0.10930000000000017
0.10559999999999992
0.04359999999999964
0.07910000000000039
0.1144999999999996
0.20690000000000008
0.13419999999999987
0.08110000000000017
0.043400000000000105
0.012299999999999756
0.07230000000000114
0.016399999999999082
0.0472999999999999
0.09370000000000012
0.22530000000000072
0.08429999999999893
0.20289999999999964
0.03970000000000162
0.16199999999999903
0.03080000000000105
0.057099999999998374
0.410400000000001
0.07659999999999911
0.032900000000001484
0.20069999999999943
0.043699999999999406
0.5119000000000007
0.22419999999999973
0.17719999999999914
0.36900000000000155
0.13149999999999906
0.39530000000000065
0.5366
0.176499999999999
0.3310000000000013
0.11190000000000033
0.12129999999999974
0.018799999999998818
0.2124000000000006
0.11320000000000086
0.4468999999999994
0.1733999999999991
0.30040000000000155
0.3009999999999984
0.04460000000000086
0.38320000000000043
0.05289999999999928
0.30240000000000045
0.14400000000000013
0.11629999999999896
0.04910000000000103
0.14840000000000053
0.14149999999999885
0.29529999999999923
0.10610000000000142
0.14610000000000056
0.13659999999999783
0.16720000000000113
0.08330000000000126
0.15579999999999927
0.2641999999999989
0.06800000000000139
0.3642000000000003
0.06499999999999773
0.11899999999999977
0.4742000000000033
0.34059999999999846
0.6119999999999983
0.11630000000000251
0.2914999999999992
0.05679999999999907
0.5280000000000022
0.1562999999999981
0.017500000000001847
0.03509999999999991
0.0627999999999993
0.13279999999999959
0.014399999999998414
0.12160000000000082
0.03819999999999979
0.015200000000000102
0.7157000000000018
0.13969999999999771
0.3413000000000004
0.05799999999999983
0.3094999999999999
0.215600000000002
0.14839999999999876
0.07890000000000086
0.25929999999999964
0.2041000000000004
0.7830000000000013
0.24139999999999873
0.15249999999999986
0.024399999999999977
0.0583999999999989
