0.31260000000000066
0.04339999999999922
0.02210000000000001
0.3282000000000007
0.5259999999999998
0.16929999999999978
0.2408999999999999
0.2566000000000006
0.5222999999999995
0.04780000000000051
0.2485999999999997
0.02540000000000031
0.059499999999999886
0.14210000000000012
0.08179999999999943
0.2840000000000007
0.5566999999999993
0.01609999999999978
0.6355000000000004
0.34410000000000096
0.2896000000000001
0.3028999999999993
0.13039999999999985
0.013600000000000279
0.13480000000000025
0.024499999999999744
0.20429999999999993
0.06080000000000041
0.024699999999999278
0.04899999999999949
0.12750000000000128
0.9586999999999986
0.06840000000000046
0.45250000000000057
0.2895000000000003
0.0995999999999988
0.45750000000000135
0.4051999999999989
0.5073000000000008
0.04800000000000004
0.30269999999999975
0.07039999999999935
0.10080000000000133
0.10039999999999871
0.17950000000000088
0.0968
0.14250000000000007
0.03509999999999991
1.0861
0.20579999999999998
0.1341000000000001
0.17889999999999873
0.07980000000000231
0.21780000000000044
0.15249999999999986
0.07809999999999917
0.22129999999999939
0.08899999999999864
0.33389999999999986
0.05710000000000193
0.1413000000000011
0.23209999999999908
0.2623999999999995
0.03340000000000032
0.7214999999999989
0.03829999999999956
0.07570000000000121
0.3196000000000012
0.16529999999999845
0.29820000000000135
0.14809999999999945
0.23089999999999833
0.07400000000000162
0.009899999999998244
0.36980000000000146
0.5410000000000004
0.2731999999999992
0.10440000000000182
0.049399999999998556
0.0710000000000015
0.491699999999998
0.12420000000000186
0.05859999999999843
0.2289999999999992
0.02850000000000108
0.10559999999999903
0.15350000000000108
0.3033000000000001
0.030699999999999505
0.0622000000000007
0.017499999999998295
0.15670000000000073
0.23049999999999926
0.06330000000000169
0.04919999999999902
