0.039683999999999386
0.41742900000000027
0.02320200000000039
0.2623799999999994
0.026196000000000552
0.03252599999999983
0.10961399999999966
0.08596500000000074
0.2780609999999992
0.38121900000000064
0.24735899999999944
0.01777500000000032
0.12119400000000002
0.05076000000000036
0.044756999999999714
0.04264199999999985
0.014184000000000196
0.3484590000000001
0.24628499999999942
0.1243830000000008
0.1429859999999996
0.06042599999999965
0.017454000000000747
0.016845
0.3716039999999996
0.07262099999999982
0.20876699999999992
0.05478000000000094
0.2494979999999991
0.09563100000000091
0.07657199999999875
0.22168800000000033
0.19415400000000105
0.04394399999999976
0.12442199999999914
0.37461000000000055
0.1622369999999993
0.36851700000000065
0.032121000000000066
0.24601200000000034
0.22971300000000028
0.051869999999999195
0.06538499999999914
0.04347600000000007
0.20601300000000045
0.3749880000000001
0.23833199999999977
0.02861700000000056
0.6123779999999996
0.04100700000000046
0.05763299999999916
0.03389400000000009
0.1740030000000008
0.09573900000000002
0.0642479999999992
0.18088499999999996
0.015270000000001005
0.6439679999999992
0.02709000000000117
0.09542999999999857
0.17978700000000103
0.1111740000000001
0.10495500000000035
0.0740009999999991
0.16660199999999925
0.044340000000000046
0.026868000000000336
0.0160859999999996
0.029061000000000448
0.11448299999999989
0.022440000000001348
0.5703689999999995
0.09463500000000025
0.17350799999999822
0.1603500000000011
0.06381899999999874
0.05251800000000273
0.019790999999997894
0.39066000000000045
0.1103519999999989
0.08181900000000297
0.6242369999999973
0.2160870000000017
0.09079499999999996
0.0535199999999989
0.2656860000000023
0.0635729999999981
0.298878000000002
0.042107999999998924
0.4025280000000002
0.20087699999999842
0.040779000000000565
0.09668999999999883
0.014064000000001187
0.16574100000000058
0.15917400000000015
0.17812800000000095
0.422387999999998
0.20565600000000117
0.012570000000000192
0.5066819999999979
0.1512240000000027
0.07746599999999759
0.02839800000000281
0.03612899999999897
0.1450649999999989
0.2613120000000002
0.07505700000000104
0.1687379999999976
0.03674700000000186
0.07341599999999815
0.027384000000001407
0.1571700000000007
0.15130200000000116
0.0648959999999974
0.12150000000000105
0.686592000000001
0.09457199999999943
0.10322999999999993
0.11974199999999868
0.035802000000000334
0.20967900000000128
0.7813289999999995
