0.5185399999999998
0.12731000000000048
0.01593
0.16946999999999957
0.029200000000000337
0.26487000000000016
0.022629999999999484
0.03591000000000033
0.3926999999999996
0.01069000000000031
0.16989000000000054
0.043859999999999566
0.3093199999999996
0.09433000000000025
0.14423999999999992
0.1674300000000004
0.20077000000000034
0.5275599999999994
0.046179999999999666
0.22109000000000023
0.07841999999999949
0.21720000000000006
0.012860000000001648
0.08994999999999997
0.08197999999999972
0.08192999999999984
0.2735500000000002
0.1572800000000001
0.10937999999999981
0.030300000000000438
0.11517999999999873
0.4785800000000009
0.29731999999999914
0.35548
0.21082
0.0535300000000003
0.05483000000000082
0.015269999999999229
0.12964999999999982
0.1285299999999996
0.06203000000000003
0.18315000000000126
0.03233999999999959
0.44542000000000037
0.21372999999999998
0.2560500000000001
0.28237999999999985
0.14508999999999972
0.03430999999999962
0.1295300000000008
0.153319999999999
0.4286000000000012
0.16329999999999956
0.09742999999999924
0.0343700000000009
0.04871999999999943
0.2809500000000007
0.01853999999999978
0.35716000000000037
0.41596999999999973
0.07325999999999944
0.1913499999999999
0.08500000000000085
0.1710799999999999
0.29311999999999827
0.13535000000000252
0.025339999999999918
0.09359999999999857
0.09174000000000149
0.1963899999999974
0.1996600000000015
0.134879999999999
0.06362000000000023
0.196550000000002
0.041149999999998244
0.02120000000000033
0.09923000000000215
0.04041999999999746
1.152070000000002
0.07269999999999754
0.15193999999999974
0.022920000000002716
0.5640599999999978
0.19125000000000014
0.2612400000000008
0.2980799999999988
0.03300000000000125
0.2666000000000004
0.5046099999999996
0.09790999999999883
0.3293200000000027
0.2724999999999973
0.22301000000000215
0.08507999999999782
0.13227000000000189
0.32420000000000115
0.6554599999999979
0.5080400000000012
0.03255000000000052
0.16915999999999798
0.3834300000000006
0.27177000000000007
0.3410200000000003
0.027319999999999567
0.11551000000000045
