0.2732999999999999
0.020999999999999908
0.17830000000000013
0.02349999999999941
0.14559999999999995
0.10060000000000002
0.08420000000000005
0.1294000000000004
0.042899999999999494
0.02910000000000057
0.3517000000000001
0.0508999999999995
0.042500000000000426
0.04889999999999972
0.16959999999999997
0.1737000000000002
0.2394999999999996
0.13490000000000002
0.0506000000000002
0.043400000000000105
0.14090000000000025
0.2885
0.15479999999999983
0.10219999999999985
0.08060000000000045
0.11149999999999949
0.0705000000000009
0.5726999999999993
0.48959999999999937
0.12920000000000087
0.044599999999999085
0.31070000000000064
0.42769999999999975
0.14200000000000124
0.06789999999999985
0.20139999999999958
0.2909000000000006
0.14619999999999855
0.38060000000000116
0.018799999999998818
0.33250000000000135
0.3356999999999992
0.6722999999999999
0.20679999999999943
0.2641000000000009
0.27699999999999925
0.16880000000000095
0.2848000000000006
0.05109999999999992
0.04169999999999874
0.029300000000000992
0.20019999999999882
0.025100000000000122
0.03730000000000011
0.10899999999999999
0.33340000000000103
0.32729999999999926
0.2721999999999998
0.11800000000000033
0.12979999999999947
0.04680000000000106
0.4187000000000012
0.19109999999999872
0.26089999999999947
0.14939999999999998
0.11700000000000088
0.051199999999997914
0.24430000000000263
0.060900000000000176
0.535499999999999
0.06409999999999982
0.04579999999999984
0.01950000000000074
0.2879000000000005
0.0627999999999993
0.10069999999999979
0.12869999999999848
0.0669000000000004
0.2729999999999997
0.1302000000000021
0.2560000000000002
0.136099999999999
0.4436
0.46140000000000114
0.20550000000000068
0.08919999999999817
0.06850000000000023
0.010500000000000398
0.16059999999999874
0.06790000000000163
0.4045999999999985
0.031800000000000495
0.0057000000000009265
0.11499999999999844
0.25870000000000104
0.11209999999999809
0.20930000000000248
0.43519999999999825
0.02149999999999963
0.0732999999999997
0.04320000000000235
0.1164999999999985
0.6217000000000006
0.035599999999998744
0.15430000000000277
0.1612999999999971
0.278100000000002
