0.21797549999999966
0.01721425000000032
0.02883049999999976
0.23856150000000031
0.03210649999999937
0.08286550000000048
0.07808924999999967
0.006774250000000315
0.19223274999999962
0.06301675000000007
0.028702000000000005
0.18472050000000007
0.22004049999999964
0.029288500000000717
0.1940912499999996
0.25931075000000003
0.20753224999999986
0.13337775000000018
0.048250499999999974
0.09296974999999996
0.10133249999999983
0.37224725000000003
0.7459217499999999
0.15241424999999964
0.14389325000000142
0.3714972499999991
0.23831324999999914
0.032985500000000556
0.03246174999999951
0.6601602500000006
0.19317000000000029
0.14127249999999947
0.19433174999999991
0.03379975000000002
0.046019750000001025
0.024544249999999934
0.32211199999999884
0.024244750000001147
0.5332429999999988
0.18437500000000107
0.019103249999998795
0.14508800000000122
0.18375599999999892
0.39741350000000075
0.46764474999999983
0.15615224999999988
0.041293250000000725
0.9670544999999997
0.08276225000000004
0.08592325000000045
0.18142324999999992
0.11192949999999868
0.036333250000000206
0.4618562500000003
0.4468735000000006
0.5201012499999997
0.008287499999998005
0.0357225000000021
0.015527999999999764
0.31622025000000065
0.08725124999999778
0.10956825000000237
0.030029249999998342
0.030184000000001987
0.12490000000000023
0.10322199999999881
0.2178274999999985
0.19452550000000102
0.32364524999999844
0.09569749999999999
0.019745250000003267
0.04195099999999741
0.06779875000000146
0.3548864999999992
0.030039750000000254
0.09142900000000154
0.18309924999999794
0.08888174999999876
0.2100272500000031
0.0653592500000002
0.19993724999999785
0.08047674999999899
0.13177400000000006
0.1273875000000011
0.16363250000000207
0.051741249999999184
0.2755325000000006
0.16693049999999943
0.2747674999999994
0.025047250000000076
0.3876987499999984
0.06686050000000066
0.19020174999999995
0.03511475000000175
0.28244374999999877
0.5995965000000005
0.6443062499999996
0.2611150000000002
0.07366324999999918
0.09055400000000091
0.02140125000000026
0.16860124999999826
0.14571025000000049
0.024223750000000877
0.009097249999999946
0.05173824999999965
0.12921550000000082
0.10571974999999867
0.264630750000002
0.1481887499999992
0.0193887499999974
0.026469750000000403
0.2281770000000023
0.07717024999999822
0.08544674999999913
0.09394575000000316
0.030854249999997307
