0.02145999999999937
0.8002200000000004
0.07882000000000033
0.030559999999999476
0.07115000000000027
0.19191999999999965
0.10666000000000064
0.43800999999999934
0.5584899999999999
0.007350000000000634
0.19252999999999965
0.1342800000000004
0.16739999999999977
0.04985000000000017
0.01825999999999972
0.04352
0.9662900000000008
0.02596999999999916
0.19029000000000096
0.25051000000000023
0.08636999999999873
0.06494
0.17082000000000086
0.08075999999999972
0.007609999999999673
0.38320000000000043
0.11666999999999916
0.14610000000000056
0.11940000000000062
0.09844000000000008
0.018509999999999138
0.10580000000000034
0.11201999999999934
0.14080000000000048
0.033170000000000144
0.012600000000000833
0.039509999999999934
0.011559999999999349
0.01173999999999964
0.1809200000000004
0.13790000000000013
0.021739999999999426
0.23289000000000115
0.16343999999999959
0.44852000000000025
0.11291999999999902
0.09198000000000128
0.12876999999999938
0.08238000000000056
0.09212999999999916
0.12139999999999951
0.08782000000000068
0.07853000000000065
0.035489999999999355
0.015420000000000655
0.6863499999999991
0.14944999999999986
0.05761000000000038
0.35429000000000066
0.16944999999999943
0.020149999999999224
0.07675000000000054
0.2418800000000001
0.10370999999999952
0.08499000000000123
0.013149999999999551
0.0916099999999993
0.06595000000000084
0.01674000000000042
0.3945399999999992
0.1959900000000001
0.2926599999999997
0.26254000000000133
0.112289999999998
0.19571000000000183
0.04622999999999777
0.22770000000000223
0.13049999999999784
0.036310000000000286
0.09289000000000058
0.056219999999999715
0.10998999999999981
0.04352000000000089
0.03464999999999918
0.05244000000000071
0.5808
0.02786000000000044
0.1166899999999984
0.01594000000000051
0.2890499999999996
0.013500000000000512
0.21262000000000114
0.19860999999999862
0.06528000000000134
0.1752199999999995
0.3269500000000001
0.05483999999999867
0.2525200000000005
0.07742000000000004
0.06657000000000224
0.3066299999999984
0.23046000000000078
0.18259000000000114
0.34018999999999977
0.3506399999999985
0.3331799999999987
0.09105000000000274
0.10933999999999955
0.03935999999999851
0.3436400000000006
0.059899999999998954
0.014780000000001792
0.0429700000000004
0.3853699999999982
0.02417000000000158
0.12465999999999866
0.06868000000000052
0.6826800000000013
0.15955999999999904
0.06844999999999857
0.17726000000000042
0.27475000000000094
0.12538999999999945
