0.0295229999999993
0.06997100000000067
0.6590029999999993
0.3550330000000006
0.1345969999999994
0.012612999999999985
0.046793000000000085
0.43877900000000025
0.12023099999999953
0.33872700000000044
0.3018710000000002
0.19942300000000035
0.2144579999999987
0.19752599999999987
0.057631999999999906
0.7777710000000013
0.0589309999999994
0.012033000000000627
0.17070199999999858
0.059499999999999886
0.1815200000000008
0.13565499999999986
0.17399499999999968
0.12028399999999984
0.28211900000000156
0.3098409999999987
0.19597599999999993
0.047467000000001036
0.1337250000000001
0.09912099999999846
0.032410000000000494
0.1650810000000007
0.03670699999999982
0.3337020000000006
0.41962599999999917
0.12305800000000033
0.19074299999999944
0.3001319999999996
0.023635000000000517
0.16434699999999935
0.008354000000000639
0.08784499999999973
0.14313700000000118
0.307423
0.01096199999999925
0.06305799999999984
0.19608599999999932
0.07839000000000063
0.23318899999999942
0.01654800000000023
0.4395220000000002
0.013707999999999387
0.10070000000000157
0.3323679999999989
0.007846000000000686
0.04762500000000003
0.24462999999999901
0.22086200000000034
0.3088809999999995
0.03190900000000241
0.1704599999999985
0.2543380000000006
0.15540099999999768
0.3223610000000008
0.45149299999999926
0.022361000000000075
0.1030060000000006
0.06613700000000122
0.3822359999999989
0.09135900000000063
0.052236000000000615
0.03981500000000082
0.07957799999999793
0.1369119999999988
0.09504100000000193
0.13598100000000102
0.2581719999999983
0.02506999999999948
0.03308499999999981
0.2098910000000025
0.1471279999999986
0.11268400000000156
0.03825299999999743
0.41045500000000246
0.16008599999999973
0.24202499999999816
0.03307099999999963
0.15915700000000044
0.04349200000000053
0.22365600000000185
0.1757799999999996
0.3505079999999978
0.24630400000000208
0.8070849999999972
0.3803540000000005
0.34963800000000234
0.0654629999999976
0.0937480000000015
0.03647099999999881
0.3897750000000002
0.22271200000000135
0.29670499999999933
0.2586720000000007
0.011786999999998216
0.26114300000000057
