0.25175199999999975
0.40392200000000056
0.20547799999999938
0.12536600000000053
0.10077200000000008
0.2865019999999996
0.1502290000000004
0.19683099999999953
0.31159300000000023
0.07064000000000004
0.04178700000000024
0.1405839999999996
0.17471100000000028
0.014127999999999474
0.03393200000000007
0.24091799999999974
0.3669930000000008
0.08835499999999996
0.07118099999999927
0.042464999999999975
0.1427940000000003
0.18735500000000016
0.328854999999999
0.2525220000000008
0.015881000000000256
0.05428200000000061
0.05306799999999967
0.3566579999999995
0.11529200000000017
0.14241999999999955
0.30008300000000077
0.3543389999999995
0.4581699999999991
0.086449
0.049491000000001506
0.031041000000000096
0.017080999999999236
0.21577500000000072
0.7390909999999984
0.07424900000000001
0.17062800000000067
0.8901459999999997
0.017117999999999967
0.13421199999999978
0.02321300000000015
0.11324300000000065
0.07687400000000011
0.23527699999999996
0.03635899999999914
0.06852700000000134
0.05631900000000023
0.03952099999999881
0.2185600000000001
0.017231999999999914
0.2283830000000009
0.05540199999999906
0.9286890000000003
0.15904600000000002
0.058873000000000175
0.36459699999999806
0.041136000000001616
0.3209969999999984
0.1152910000000027
0.07862099999999828
0.6007999999999996
0.30962900000000104
0.07078600000000179
0.4942649999999986
0.2835429999999981
0.07117300000000171
0.06964100000000073
0.057807000000000386
0.40394999999999825
0.11342799999999897
0.10839200000000204
0.3863279999999989
0.102958000000001
0.15213999999999928
0.02020299999999864
0.10696400000000139
0.3260259999999988
0.9522660000000016
0.1382589999999979
0.19122600000000034
0.020078000000001595
0.014115000000000322
0.037838000000000704
0.257285999999997
0.01008200000000059
0.015239000000001113
0.3171140000000001
0.10441700000000154
0.5496929999999978
0.16662000000000177
0.11123100000000008
0.17708999999999975
0.09930699999999959
0.2663329999999995
0.009389999999999787
0.20809500000000014
0.21596800000000016
0.03582799999999864
0.014962000000000586
0.14674499999999924
0.06807799999999986
0.0861350000000023
