0.1373255000000002
0.043000499999999775
0.037430500000000144
0.2547579999999998
0.09305300000000027
0.14863550000000014
0.5166895
0.17536599999999947
0.30619949999999996
0.01014350000000075
0.05710299999999968
1.1608574999999997
0.025691999999999382
0.08211000000000013
0.08097200000000093
0.19987599999999972
0.04716750000000047
0.030987999999998905
0.5156920000000014
0.13735349999999968
0.12317049999999874
0.17847700000000088
0.016994000000000398
0.12422399999999989
0.15029949999999914
0.026108000000000686
0.41461099999999895
0.07453200000000137
0.1537474999999997
0.10980200000000018
0.16660650000000032
0.4043864999999993
0.6574375000000003
0.03697949999999928
0.05196199999999962
0.040529499999999885
0.4464100000000002
0.719376500000001
0.07120950000000015
0.4165165000000002
0.02420549999999899
0.33474250000000083
0.04053749999999923
0.08885199999999926
0.15136950000000127
0.024012499999999548
0.1951204999999998
0.028585500000000152
0.022774000000000072
0.040699500000000555
0.22921249999999915
0.009776500000000965
0.09544149999999973
0.08863850000000006
0.07232250000000029
0.7492324999999997
0.4522410000000008
0.08391499999999752
0.040117500000000916
0.930142
0.10801800000000128
0.031728999999998564
0.10759050000000059
0.033772500000001315
0.06545999999999808
0.43569499999999906
0.5128585000000001
0.07372250000000236
0.18227449999999834
0.12723000000000084
0.10514200000000073
0.24408749999999912
0.39511949999999985
0.037342999999999904
0.06776999999999944
0.33683500000000066
0.15503
0.11478449999999896
0.4652680000000018
0.12737299999999863
0.10367550000000136
0.024121499999999685
0.014480499999997676
0.07126600000000138
0.1248004999999992
0.029521000000002573
0.1911574999999992
0.5229769999999974
0.019441500000002776
0.14919049999999956
0.16178799999999782
0.06645000000000323
0.04920049999999776
0.21856650000000144
0.025615999999999417
0.0310769999999998
0.18125849999999843
0.17927200000000099
0.33708000000000027
0.058878499999998724
0.10453650000000181
0.04057900000000103
0.22152649999999952
0.01663199999999776
0.06355300000000241
0.12503799999999998
0.12443999999999988
0.08735850000000056
