0.47999999999999954
0.04699999999999971
0.09800000000000075
0.23999999999999932
0.06500000000000039
0.020999999999999908
0.11000000000000032
0.3359999999999994
0.20400000000000063
0.026999999999999247
0.1800000000000006
0.020999999999999908
0.2969999999999997
0.6920000000000002
0.08300000000000018
0.03399999999999981
0.2209999999999992
0.016000000000000014
0.07700000000000173
0.43099999999999916
0.23799999999999955
0.030000000000001137
0.2959999999999994
0.0470000000000006
0.35799999999999876
0.2320000000000011
0.051000000000000156
0.008999999999998565
0.03500000000000014
0.031000000000000583
0.11999999999999922
0.11500000000000021
0.015000000000000568
0.1590000000000007
0.03500000000000014
0.03599999999999959
0.23599999999999888
0.04600000000000115
0.04100000000000037
0.16199999999999903
0.08500000000000085
0.0649999999999995
0.16999999999999993
0.11599999999999966
0.20800000000000018
0.0259999999999998
0.3390000000000004
0.09200000000000053
0.10799999999999876
0.06700000000000017
0.1850000000000005
0.009999999999999787
0.14499999999999957
0.0470000000000006
0.028999999999999915
0.30400000000000027
0.12199999999999989
0.0600000000000005
0.4209999999999994
0.28200000000000003
0.041999999999999815
0.11500000000000021
0.03500000000000014
0.06600000000000072
0.0129999999999999
0.058999999999999275
0.10599999999999987
0.24799999999999933
0.1620000000000008
0.1509999999999998
0.45700000000000074
0.02200000000000024
0.27399999999999913
0.14000000000000057
0.16699999999999982
0.07899999999999885
0.7530000000000001
0.3829999999999991
0.15000000000000213
0.6069999999999993
0.1529999999999987
0.13800000000000168
0.18100000000000094
0.0470000000000006
0.44499999999999673
0.04400000000000048
0.05900000000000105
0.129999999999999
0.013000000000001677
0.01899999999999835
0.10400000000000276
0.2049999999999983
0.26599999999999824
0.043000000000002814
0.16999999999999815
0.05100000000000193
0.2539999999999978
0.2930000000000028
0.3829999999999991
0.0519999999999996
0.08399999999999963
0.06700000000000017
0.21999999999999886
0.03300000000000125
0.05900000000000105
0.29499999999999815
0.054999999999999716
0.2980000000000018
0.027999999999998693
0.4089999999999989
0.5910000000000011
0.04899999999999949
0.10999999999999943
0.3180000000000014
0.26099999999999923
0.2940000000000005
0.06099999999999994
0.03300000000000125
0.26399999999999935
0.15700000000000003
