0.08203199999999988
0.05569600000000019
0.0190330000000003
0.08594899999999939
0.09457900000000041
0.5128180000000002
0.2020299999999997
0.2352660000000002
0.12227299999999985
0.04624399999999973
0.02727000000000057
0.137181
0.08879899999999985
0.0989829999999996
0.08567899999999984
0.13698500000000013
0.04838900000000024
0.0295399999999999
0.17525499999999994
0.17041600000000034
0.02937599999999918
0.24901000000000018
0.014755000000000962
0.10483499999999957
0.8386879999999994
0.26840499999999956
0.10720400000000119
0.5454699999999999
0.08198799999999906
0.050366000000000355
0.4094510000000007
0.4380430000000004
0.08354899999999965
0.076295
0.1473779999999998
0.18067300000000053
0.04964099999999938
0.0730789999999999
0.1530579999999997
0.17026800000000009
0.017049999999999343
0.01178600000000074
0.3835829999999998
0.679685000000001
0.16270899999999955
0.2984030000000004
0.014928999999998638
0.2752429999999997
0.039234000000000435
0.504721
0.3925230000000006
0.09986499999999943
0.09531199999999984
0.3347560000000005
0.04006599999999949
0.4166640000000008
0.2922389999999986
0.21287500000000037
0.10068100000000157
0.31366299999999825
0.9833929999999995
0.06587700000000041
0.02277400000000185
0.2062179999999998
0.3003719999999994
0.1052970000000002
0.11764900000000011
0.7887529999999998
0.04888400000000104
0.01606999999999914
0.4506510000000006
0.09502499999999969
0.058676999999999424
0.3822170000000007
0.21318399999999826
0.06910200000000088
0.052547000000000565
0.46277800000000013
0.9139619999999979
0.16561100000000195
0.022518999999999068
0.13925100000000157
0.09707699999999875
0.4648000000000003
0.3070619999999984
0.045615000000001515
0.29836500000000044
0.31799099999999925
0.15405399999999858
0.07658600000000249
0.20160999999999873
0.430613000000001
