0.027800000000000047
0.21004000000000023
0.06338000000000044
0.03597999999999946
0.18106000000000044
0.05612999999999957
0.1322000000000001
0.05595999999999979
0.06780000000000008
0.38388000000000044
0.01869999999999994
0.02524000000000015
0.2452299999999994
0.24024
0.1590000000000007
0.08469000000000015
0.025159999999999627
0.2808999999999999
0.018489999999999895
0.1567400000000001
0.44974999999999987
0.41913
0.15869
0.1059000000000001
0.23295000000000066
0.0383199999999988
0.05677000000000021
1.3373600000000003
0.29147999999999996
0.13926999999999978
0.030129999999999768
0.2639900000000015
0.6461199999999998
0.036880000000000024
0.020469999999999544
0.3107400000000009
0.18823999999999863
0.7293700000000012
0.014849999999999142
0.3238599999999998
0.19040999999999997
0.47305000000000064
0.10228000000000037
0.028509999999998925
0.29723000000000077
0.13978999999999964
0.13464000000000098
0.2901399999999992
0.06742999999999988
0.4836600000000004
0.02505999999999986
0.07588999999999935
0.02461000000000091
0.24999000000000038
0.34181999999999846
0.07323000000000235
0.11366999999999905
0.10784999999999911
0.05029000000000039
0.07780999999999949
0.5850200000000001
0.10711000000000226
0.2440099999999994
0.024349999999998317
0.2470300000000023
0.6632399999999983
0.17028000000000176
0.14339999999999975
0.22538999999999731
0.09266000000000219
0.19294999999999973
0.1260300000000001
0.024339999999998696
0.1527700000000003
0.14700000000000202
0.07110999999999734
0.02557000000000187
0.5211599999999983
0.043190000000002726
0.0823999999999998
0.5858699999999999
0.1542299999999983
0.12271000000000143
0.05840999999999852
0.15831000000000017
0.18118000000000123
0.4641300000000008
0.07588999999999757
0.14350999999999914
0.005300000000001859
0.05136999999999858
0.06794999999999973
0.11681000000000097
0.06641000000000119
0.03883000000000081
0.06430999999999898
0.06063999999999936
0.1406199999999984
0.18411000000000044
0.2885200000000019
0.013230000000000075
0.07398999999999845
0.04110999999999976
0.2958999999999996
0.16643000000000185
0.057790000000000674
0.3171199999999992
0.039560000000001594
0.02302999999999855
0.27279000000000053
