0.09311999999999987
0.028419999999999668
0.1018699999999999
0.14065000000000083
0.07895999999999948
0.2958400000000001
0.0792900000000003
0.6418499999999998
0.19486999999999988
0.05229000000000017
0.5770200000000001
0.011779999999999902
0.41533
0.37132000000000076
0.14020999999999972
0.0950299999999995
0.1872000000000007
0.11262999999999934
0.06827000000000005
0.17271999999999998
0.13556999999999952
0.05985000000000085
0.0526099999999996
0.5718800000000002
0.11458000000000013
0.10145999999999944
0.16158000000000072
0.07333999999999996
0.2006800000000002
0.7026000000000003
0.23913999999999902
0.1047899999999995
0.09762000000000093
0.20941999999999972
0.2738499999999995
0.17487999999999992
0.4036400000000011
0.3663899999999991
0.5455800000000011
0.41091999999999906
0.1793200000000006
0.1051599999999997
0.3265600000000006
0.8932099999999998
0.35688999999999993
0.19562999999999953
0.11246000000000045
0.1560200000000016
0.27741999999999933
0.06497999999999848
0.17970000000000041
0.04328999999999894
0.07554000000000016
0.11649000000000242
0.14453999999999922
0.6206399999999981
0.10357000000000127
0.09323000000000192
0.2141399999999969
0.0758800000000015
0.7158499999999997
0.19491000000000014
0.10383000000000209
0.07909999999999684
0.1259900000000016
0.2799900000000015
0.1374299999999984
0.13756000000000057
0.10696000000000083
0.13208999999999804
0.42124000000000095
0.6881999999999984
0.4744400000000013
0.24808000000000163
0.16707999999999856
0.03265000000000029
0.010609999999999786
0.030919999999998282
0.0825800000000001
0.3970400000000005
0.028280000000002303
0.1619899999999994
0.04298999999999964
0.19306999999999874
0.04976000000000269
0.5595199999999991
0.15494999999999948
0.2214199999999984
0.20960000000000178
0.04335999999999984
0.012609999999998678
0.09262000000000015
0.0396300000000025
0.22345999999999933
