0.10536049999999975
0.34811824999999974
0.20844175000000043
0.2992699999999999
0.052264499999999714
0.20776150000000015
0.14965274999999956
0.17435775000000042
0.37732224999999975
0.1458485000000005
0.013911249999999598
0.1091154999999997
0.03149874999999991
0.20917025000000056
0.15657624999999964
0.11114150000000045
0.32080350000000024
0.11443949999999958
0.4952242499999997
0.29663674999999934
0.022203250000000452
0.49540149999999983
0.25389875000000117
0.4263464999999993
0.07452274999999986
0.060339499999999546
0.0410762499999997
0.39064275000000137
0.19313700000000011
0.19238049999999873
0.02025050000000128
0.06884924999999953
0.049463250000000514
0.09734549999999942
0.35793499999999945
0.10819150000000022
0.10081425000000088
0.0903079999999985
0.12050825000000032
0.14343325000000107
0.09967024999999907
0.06156625000000027
0.2670102500000002
0.08983824999999968
0.45928274999999985
0.2310925000000008
0.03380574999999908
0.3874707500000003
0.19833649999999992
0.5016885000000002
0.1090157499999993
0.19374250000000082
0.04381824999999928
0.011884500000000742
0.1170012499999995
0.5999335000000006
0.012425999999999604
0.027290999999999954
0.12138374999999968
0.1823534999999996
0.041168500000001274
0.1909534999999991
0.03609949999999884
0.1278230000000029
0.018796749999999918
0.07697324999999822
0.19379925000000142
0.33242949999999993
0.050521249999999185
0.07311400000000035
0.4523179999999982
0.05110750000000053
0.15315775000000187
0.35469449999999725
0.051288500000001847
0.026248249999998308
0.19080975000000322
0.3724807499999976
0.11740075000000161
0.07131624999999886
0.010088500000001943
0.43642799999999937
0.30870074999999986
0.02772124999999903
0.2275109999999998
0.1894890000000018
0.41017949999999814
0.4367207499999992
0.1117910000000002
0.023310999999999638
0.11509575000000183
0.04481024999999761
0.05541900000000055
0.21183249999999987
0.10371650000000088
0.4640152499999992
0.3433102500000018
0.023796250000000185
0.0732734999999991
0.08615250000000074
0.07477924999999885
0.11000100000000046
0.05137424999999851
0.08676600000000079
0.11559774999999917
0.06607250000000064
0.03121125000000191
0.24217399999999856
0.13188399999999945
0.059811750000001496
0.03304550000000006
0.20621024999999804
0.11431175000000238
0.5190332499999997
0.025580999999998966
0.03883950000000169
0.11730324999999908
0.06294474999999977
0.09183374999999927
