0.2706970000000002
0.2958495000000001
0.27156350000000007
0.12881549999999997
0.07769400000000015
0.15368099999999973
0.08196150000000024
0.04702199999999923
0.4011135000000001
0.7140910000000007
0.060371999999999204
0.04089650000000056
0.5643395
0.10608850000000025
0.023040499999998687
0.3759565000000009
0.16251749999999987
0.3663615
0.017454499999999484
0.24979050000000136
0.6641389999999987
0.3159580000000002
0.10115050000000103
0.03274499999999847
0.07640450000000065
0.3772450000000003
0.03276900000000005
0.09318649999999984
0.03897800000000018
0.14505899999999983
0.037969000000000364
0.1859845
0.2668834999999987
0.21701700000000024
0.4496929999999999
0.36750850000000135
0.06742099999999951
0.04938349999999936
0.0416129999999999
0.17270749999999957
0.17150850000000162
0.026936999999998434
0.10920100000000055
0.27107299999999945
0.1565650000000005
0.08837450000000047
0.20898299999999992
0.2909384999999993
0.07800199999999968
0.15065150000000038
0.20825400000000016
0.20445300000000088
0.16625349999999983
0.028169499999998848
0.2865795000000002
0.027141000000000304
0.03128799999999998
0.047491499999999576
0.07462100000000049
0.0428285000000006
0.18059849999999855
0.02500000000000213
0.41501149999999853
0.13606199999999902
0.1163550000000022
0.14141899999999907
0.02915750000000017
0.24209199999999953
0.038993500000000125
0.07036950000000175
0.08630799999999894
0.17842800000000025
0.1243364999999983
0.0145540000000004
0.040609500000002186
0.1779094999999984
0.09170350000000127
0.1801844999999993
0.05061949999999982
0.3891209999999994
0.14013650000000055
0.1859970000000004
0.10501499999999808
0.15360199999999935
0.07221100000000291
0.08635250000000028
0.017008999999998053
0.030526500000000567
0.6150020000000005
0.07212050000000048
0.061736999999997266
0.04449000000000325
0.03679549999999665
0.01753800000000183
0.044719999999998095
0.5686435000000003
0.06225650000000016
0.07576300000000202
0.042403999999997666
0.039318500000000256
0.05518000000000001
0.14868799999999993
0.20604950000000244
0.0985114999999972
0.24366450000000128
0.011749999999999261
0.040111500000001854
0.15004249999999786
0.29107400000000183
0.23128149999999792
0.19720900000000086
0.14293650000000113
0.07830600000000132
0.47347899999999754
0.08870549999999966
0.02667600000000192
0.023412999999997908
0.17021850000000072
0.057864500000000874
0.023812499999998238
0.04590750000000199
0.12298999999999793
0.23922800000000066
0.028550500000001477
0.12122600000000006
0.09417350000000013
0.4249024999999982
