0.26017200000000074
0.08427600000000002
0.0870299999999995
0.023457000000000505
0.06781199999999998
0.016757999999999384
0.06214500000000012
0.15237299999999987
0.18609600000000004
0.18755699999999997
0.29732100000000017
0.028853999999999935
0.00774000000000008
0.06298500000000029
0.4346490000000003
0.48921299999999945
0.17249099999999995
0.2909700000000006
0.16917600000000022
0.3629730000000002
0.10687800000000003
0.2641859999999987
0.05555999999999983
0.1642140000000012
0.1877129999999987
0.026037000000000532
0.23616600000000076
0.09318899999999886
0.18225600000000064
0.4419240000000002
0.08732700000000015
0.02253599999999878
0.09149100000000132
0.06552899999999973
0.05550000000000033
0.2586870000000001
0.06986699999999857
0.1811070000000008
0.09523199999999932
0.008667000000000868
0.34527600000000014
0.45245099999999994
0.05962500000000048
0.5341139999999989
0.2517870000000002
0.4014179999999996
0.5562570000000004
0.20946600000000082
0.1641300000000001
0.29787299999999917
0.3465360000000004
0.02413199999999982
0.17519099999999987
0.02102099999999929
0.1317029999999999
0.1801710000000014
0.10124699999999898
0.02285999999999966
0.5865209999999994
0.02310600000000207
0.13640399999999886
0.05801400000000001
0.2552160000000008
0.03262199999999993
0.22580999999999918
0.02364599999999939
0.39834300000000056
0.09201300000000145
0.22424099999999925
0.07684799999999825
0.2629530000000031
0.11021699999999868
0.22157999999999944
0.06942599999999999
0.047181000000001916
0.1973099999999981
0.04075500000000076
0.19389599999999874
0.32045100000000204
0.050096999999997394
0.6184470000000033
0.10058399999999779
0.049382999999998844
0.15187500000000043
0.14128800000000297
0.31999199999999917
0.1900410000000008
0.0322529999999972
0.4706190000000028
0.08071499999999787
0.09931200000000118
0.20588400000000107
0.7034279999999988
0.05835599999999985
0.21720900000000043
0.5147879999999994
0.052551000000001125
0.05583899999999886
0.06806699999999921
0.3371940000000002
0.07021500000000103
0.46888799999999975
0.08321399999999812
0.11923200000000023
0.10176900000000089
0.2409959999999991
