0.04174299999999942
0.14110600000000062
0.05896399999999957
0.07889999999999997
0.05782699999999963
0.008121000000000045
0.28743100000000066
0.11939899999999959
0.09679500000000019
0.08931999999999984
0.11630699999999994
0.05430400000000013
0.029665999999999748
0.07485099999999978
0.05976700000000079
0.18988599999999956
0.13968800000000048
0.43367499999999914
0.139532
0.5147720000000007
0.12824099999999916
0.4823500000000003
0.21428400000000103
0.025748000000000104
0.130037999999999
0.6286360000000002
0.111599
0.25340399999999974
0.15969199999999972
0.05328900000000125
0.24078299999999864
0.09584500000000062
0.06648900000000069
0.1570779999999985
0.023140000000001493
0.5879899999999996
0.2154740000000004
0.05403399999999969
0.039979999999999905
0.11153000000000013
0.01532800000000023
0.09286899999999854
0.40452000000000155
0.020837999999999468
0.2310850000000002
0.052678000000000225
0.12457999999999991
0.05709599999999959
0.1608609999999988
0.8348090000000017
0.13279599999999903
0.370927
0.049587999999999965
0.20510600000000068
0.28862900000000025
0.295833
0.034372999999998655
0.19916100000000014
0.10123700000000113
0.2933419999999991
0.037843000000000515
0.5704190000000011
0.17253999999999792
0.10723700000000136
0.6501049999999999
0.7927499999999981
0.2306740000000005
0.026921000000001527
0.264130999999999
0.18786499999999862
0.03637000000000157
0.6053689999999996
0.02601399999999998
0.2112259999999999
0.11747700000000094
0.24091999999999913
0.2717649999999985
0.0572960000000009
0.12855400000000117
0.46741600000000005
0.04726799999999898
0.2142559999999989
0.2881020000000021
0.10046600000000083
0.2774019999999986
0.12240399999999951
0.15808600000000084
0.07819599999999838
0.06254300000000157
0.13688000000000144
0.3686759999999971
0.14486600000000038
0.0424989999999994
0.23686600000000269
0.11450599999999866
0.19387700000000052
0.04996799999999979
0.09604500000000016
0.024975999999998777
0.24023900000000253
0.10237899999999911
0.09339499999999745
0.21365000000000123
0.3798780000000015
0.07955300000000065
0.01960099999999798
