0.0732399999999993
0.014217499999999994
0.01572774999999993
0.5133560000000008
0.08882549999999956
0.09849249999999987
0.3175327499999998
0.39856274999999997
0.08348475000000022
0.3139970000000005
0.2287429999999997
0.26052799999999987
0.08726325000000035
0.4113502499999999
0.04379924999999929
0.11798700000000029
0.016585750000000843
0.07699925000000007
0.030789749999998506
0.3027500000000014
0.6385394999999985
0.012670750000001618
0.14431549999999937
0.0425197500000003
0.0989432499999996
0.2519252499999993
0.036725750000000446
0.13116424999999943
0.18440125000000052
0.34575075000000055
0.10154874999999919
0.08000574999999976
0.22301900000000074
0.058457250000000016
0.34719624999999965
0.11697000000000024
0.07808050000000044
0.0880902499999987
0.9925187500000003
0.014538500000000454
0.4874635000000005
0.04005649999999861
0.12951274999999995
0.1390437500000008
0.4026580000000006
0.08565374999999875
0.045084750000000895
0.08729875000000042
0.03478599999999865
0.2085870000000014
0.04394499999999901
0.1603602500000001
0.3263435000000001
0.030745250000000723
0.05566699999999969
0.07217374999999926
0.04215824999999995
0.02707000000000015
0.07971225000000004
0.1848554999999994
0.021457750000001496
0.23078124999999972
0.23087999999999909
0.4233272499999998
0.027625000000000455
0.2965795
0.07972050000000053
0.1932262499999986
0.016257250000002443
0.06937674999999999
0.7051764999999968
0.07055900000000292
0.3494534999999992
0.09016975000000116
0.23209574999999916
0.3625987500000001
0.6391424999999984
0.07855775000000165
0.01660049999999913
0.28271649999999937
0.2533530000000006
0.021877249999999293
0.15600875000000158
0.04946174999999897
0.05080925000000036
0.14494325000000075
0.03837949999999779
0.06377425000000159
0.04990349999999921
0.11657849999999925
0.22186325000000195
0.14048599999999922
0.12339275000000072
0.3840334999999975
0.447359500000001
0.04848074999999952
0.006902000000000186
0.3817092500000001
0.036393750000002
0.11391024999999999
0.10787724999999782
0.14890175000000028
0.07179925000000154
0.08929124999999871
0.3005887499999993
0.16093475000000268
0.43432374999999723
0.7609467500000022
0.13279799999999753
0.07389125000000263
0.013580250000000404
0.11075874999999868
