0.044063250000000664
0.3620107499999996
0.14445825000000045
0.1458907499999995
0.023133750000000397
0.029345999999999428
0.04182150000000018
0.22031775000000042
0.03142349999999983
0.21300149999999984
0.4383284999999999
0.402717
0.3179482500000006
0.31259774999999923
0.09835800000000017
0.18127799999999983
0.3137055000000011
0.16374524999999984
0.2670344999999994
0.1720574999999993
0.06571200000000132
0.3267547499999992
0.3117075000000007
0.1128922499999998
0.0652620000000006
0.30760875
0.014154749999999439
0.06312600000000046
0.0871739999999992
0.1891695000000002
0.11611124999999944
0.015239250000000482
0.05345325000000045
0.08510249999999964
0.08287799999999912
0.04595100000000052
0.41398949999999957
0.10205400000000076
0.21451650000000022
0.013780499999999307
0.06886650000000039
0.13610025000000014
0.25710375000000063
0.040707749999999265
0.04159274999999951
0.027767250000000132
0.23658299999999954
0.2773822500000005
0.3243697500000007
0.06930000000000014
0.019123499999999183
0.018738750000000692
0.6934792499999993
0.22145249999999983
0.4750905000000003
0.06259499999999996
0.10871775000000028
0.06769275000000086
0.12168599999999863
0.33325274999999976
0.05859750000000119
0.024921749999998966
0.29600399999999993
0.2364795000000015
0.13956524999999864
0.027659249999999247
0.11857050000000058
0.15466274999999996
0.09413625000000181
0.25425899999999757
0.06485100000000088
0.40025699999999986
0.290894999999999
0.08340750000000341
0.4676249999999982
0.104621250000001
0.33623474999999914
0.6070230000000016
0.2971814999999971
0.23950800000000072
0.05606025000000159
0.2239552499999995
0.029583750000000464
0.25569374999999894
0.049230749999999546
0.13625550000000075
0.4092487499999997
0.23273775000000185
0.060588749999997304
0.06132750000000087
0.03511500000000112
0.0703364999999998
0.012304499999999052
0.15490349999999964
0.2834752500000022
0.7520452499999983
0.023268749999999727
0.09444225000000017
0.3963127499999999
0.2493172500000007
0.05437949999999958
0.19008750000000063
0.47687475000000035
0.26773199999999875
0.07914524999999983
0.021445499999998674
