0.14900000000000002
0.17100000000000026
0.09600000000000009
0.5209999999999999
0.03399999999999981
0.03300000000000036
0.36099999999999977
0.10200000000000031
0.026999999999999247
0.3130000000000006
0.0699999999999994
0.3070000000000004
0.27200000000000024
0.0779999999999994
0.18400000000000016
0.17999999999999972
0.06500000000000039
0.07000000000000028
0.14899999999999913
0.12900000000000134
0.6199999999999992
0.3879999999999999
0.11800000000000033
0.07499999999999929
0.05000000000000071
0.23399999999999999
0.3049999999999997
0.016000000000000014
0.11899999999999977
0.018000000000000682
0.15899999999999892
0.2760000000000016
0.049999999999998934
0.24399999999999977
0.1330000000000009
0.07199999999999918
0.12199999999999989
0.2680000000000007
0.12899999999999956
0.18700000000000117
0.20199999999999996
0.03999999999999915
0.03500000000000014
0.11599999999999966
0.6440000000000001
0.34699999999999953
0.14800000000000146
0.02499999999999858
0.13000000000000078
0.5549999999999997
0.2270000000000003
0.21799999999999997
0.16799999999999926
0.06500000000000128
0.10199999999999854
0.3570000000000011
0.2530000000000001
0.24399999999999977
0.32599999999999874
0.10500000000000043
0.2789999999999999
0.20200000000000173
0.11299999999999955
0.009000000000000341
0.055999999999997385
0.1930000000000014
0.06500000000000128
0.13100000000000023
0.1319999999999979
0.24900000000000233
0.05299999999999727
0.11000000000000298
0.02499999999999858
0.3520000000000003
0.08800000000000097
0.038000000000000256
0.04199999999999804
0.1280000000000001
0.23600000000000065
0.3780000000000001
0.027000000000001023
0.13999999999999702
0.3630000000000031
0.0259999999999998
0.06999999999999673
0.08900000000000219
0.3329999999999984
0.0470000000000006
0.5259999999999998
0.08000000000000185
0.015999999999998238
0.11599999999999966
0.03400000000000247
0.44099999999999895
0.027000000000001023
0.06299999999999883
0.07699999999999818
0.2380000000000031
0.10499999999999687
0.04600000000000293
0.021999999999998465
0.08399999999999963
0.2530000000000001
0.02400000000000091
0.4510000000000005
0.06700000000000017
0.10999999999999943
0.17099999999999937
0.24399999999999977
0.3940000000000019
0.14699999999999847
0.06500000000000128
0.21599999999999753
0.08099999999999952
0.32800000000000296
0.07699999999999818
0.028999999999999915
