0.7013192500000001
0.02880324999999928
0.03338450000000037
0.04893150000000013
0.06839625000000016
1.2489167499999994
0.3967654999999999
0.0818790000000007
0.0708227499999996
0.045701750000000096
0.02675475000000027
0.09178700000000006
0.032235000000000014
0.17296475000000022
0.10815149999999996
0.16300775000000023
0.06467749999999839
0.19994075000000144
0.02523624999999896
0.6495922499999995
0.21787400000000012
0.3177695000000007
0.21201274999999953
0.15490525000000055
0.5312277499999993
0.1160597499999998
0.08654800000000051
0.25048899999999996
0.22175149999999988
0.21031300000000108
0.11738924999999867
0.04979600000000062
0.10873400000000011
0.022169249999999252
0.2845127500000011
0.36659749999999924
0.19176524999999955
0.052892250000001084
0.06659424999999963
0.08924099999999946
0.9108444999999996
0.20555975000000082
0.04243250000000032
0.09016849999999899
0.1355687500000009
0.12425849999999983
0.18424624999999928
0.06681100000000129
0.06746149999999851
0.006319500000000033
0.04833950000000087
0.2423144999999991
0.21933075000000102
0.2266944999999989
0.14330900000000035
0.07918475000000136
0.3354167499999985
0.14832649999999958
0.049697749999999985
0.11403450000000248
0.060790499999999525
0.0697890000000001
0.41551199999999966
0.12818224999999828
0.025705500000000825
0.5752589999999991
0.23460024999999973
0.39577674999999957
0.11513900000000277
0.2358867499999988
0.10507000000000133
0.15080924999999823
0.04408324999999991
0.5031715000000005
0.4726657500000009
0.03564174999999992
0.1462184999999998
0.14013749999999803
0.05104775000000217
0.38025599999999926
0.03838400000000064
0.5792902499999997
0.62442025
0.00972499999999954
0.02384400000000042
0.1156259999999989
0.01494250000000008
0.6514742499999997
0.2648082500000015
0.506268249999998
0.19618550000000212
0.018746999999997627
0.14310575000000014
0.10197400000000201
0.06693824999999975
0.06786049999999832
0.08667575000000127
0.06072500000000147
0.23618824999999788
0.22363500000000158
0.07438999999999751
0.058543000000000234
