0.04325549999999989
0.008386749999999665
0.0797832500000002
0.22680924999999963
0.1953750000000003
0.11742249999999999
0.04726075000000041
0.10363324999999968
0.13474575000000044
0.15282349999999933
0.156555
0.7942485000000001
0.045943499999999915
0.34272525
0.1685857500000001
0.0667737500000003
0.05271500000000007
0.05067874999999944
0.04315575000000038
0.3248987499999991
0.07119125000000004
0.22098525000000002
0.09684775000000023
0.5416245000000011
0.23624324999999935
0.4201922499999995
0.08893575000000098
0.2924287499999991
0.12749924999999962
0.08141849999999984
0.20138300000000164
1.0220724999999984
0.45395874999999997
0.6301682500000005
0.2871044999999999
0.07010574999999974
0.17647425000000005
0.17563450000000103
0.21074649999999906
0.5960910000000013
0.008377499999999927
0.12250499999999853
0.03708250000000035
0.14903825000000026
0.09631674999999973
0.025551500000000615
0.04112474999999982
0.2312460000000005
0.12657274999999935
0.6793875000000007
0.13153674999999865
0.09810150000000029
0.13786849999999973
0.15961375000000189
0.19862674999999896
0.028033999999998116
0.11813925000000225
0.14050874999999863
0.14529274999999942
0.28344575000000205
0.4786502499999976
0.018950250000003166
0.17534299999999803
0.2930704999999989
0.3194845000000015
0.05746249999999975
0.2572304999999986
0.225831000000003
0.06734849999999781
0.15674424999999914
0.3450027500000026
0.19485999999999848
0.24721050000000133
0.09091274999999754
0.2345630000000014
0.04031774999999982
0.1118862500000013
0.16166524999999865
0.04007075000000171
0.3613167500000003
0.2644334999999991
0.11573299999999875
0.027335000000000775
0.2367619999999988
0.5084420000000023
0.10181099999999788
0.09356675000000081
0.27571675000000084
0.12510074999999787
0.018479250000002168
0.025573500000000138
0.7538247499999997
0.2682942500000003
0.30860674999999915
0.021702499999999958
0.18962549999999823
0.03939575000000062
0.43094500000000124
