0.28642150000000033
0.03327024999999928
0.11069925000000058
0.04299074999999952
0.24591350000000034
0.013226750000000287
0.10609799999999936
0.2062040000000005
0.019824499999999468
0.0674967500000001
0.13605050000000052
0.6817694999999997
0.015822000000000003
0.3094359999999998
0.0661744999999998
0.5677467500000004
0.3423792499999996
0.022559250000000475
0.19214975000000045
0.018179249999999314
0.22482824999999984
0.2787102499999996
0.1564842500000001
0.3370002500000009
0.47530549999999927
0.14621700000000004
0.05570975000000011
0.0258762499999996
0.2692987500000008
0.394552749999999
0.11344600000000149
0.2054594999999999
0.13049274999999838
0.10308075000000017
0.21732200000000113
0.057092749999998915
0.21854050000000136
0.3293734999999991
0.09932550000000084
0.24147475000000007
0.19700899999999955
0.13652924999999883
0.30176600000000064
0.3183402500000003
0.040926000000000684
0.15668149999999947
0.03345700000000029
0.41345299999999874
0.4009367500000014
0.25060849999999846
0.04475100000000154
0.10726699999999845
0.5071362500000003
0.3642795000000003
0.11425949999999929
0.009513749999999987
0.4343010000000014
0.13920200000000094
0.23155974999999884
0.11148250000000104
0.2105222499999968
0.11607950000000145
0.051360250000001884
0.10139449999999783
0.16564625000000177
0.08526799999999923
0.10274674999999789
0.21181800000000095
0.5633955000000022
0.18353474999999975
0.05437225000000012
0.008362249999997573
0.05501575000000258
0.04433174999999778
0.23170650000000137
0.05944524999999956
0.458142500000001
0.22183849999999694
0.06449975000000308
0.5214079999999974
0.13872525000000024
0.16059450000000197
0.1622275000000002
0.16653149999999783
0.16723975000000024
0.6105517499999991
0.08685250000000266
0.059196499999998764
0.5649982499999986
0.3130537500000017
0.4359022500000016
0.5269897499999985
0.40669975000000136
0.1415059999999997
0.1314537499999986
0.15522775000000166
0.20140724999999904
0.1465047499999983
