0.35163550000000043
0.032046749999999236
0.4751787500000004
0.015287749999999711
0.22594274999999975
0.03808700000000087
0.21403324999999995
0.6568842499999992
0.14008575000000079
0.19155049999999996
0.07710624999999993
0.09765524999999986
0.12387525000000021
0.08265524999999929
0.08767450000000032
0.06566575000000086
0.03456074999999892
0.08473024999999978
0.020302750000000813
0.04838400000000043
0.024905249999999768
0.2566829999999989
0.1090630000000008
0.35841049999999974
0.17145074999999999
0.05603724999999926
0.08670125000000084
0.03190700000000035
0.30016399999999877
0.036915249999999844
0.09137700000000137
0.08009624999999865
0.12476525000000116
0.5406382499999989
0.20768375000000106
0.36045625000000037
0.05891100000000016
0.029794499999999502
0.29954199999999886
0.31147975000000017
0.08032575000000008
0.16058925000000102
0.012596499999999011
0.044363000000000596
0.0335902499999996
0.08583549999999995
0.2445107499999999
0.15318025000000013
0.08490474999999975
0.1817592500000007
0.11277025000000052
0.10625824999999978
0.13258025000000018
0.19269924999999866
0.02462000000000053
0.16067574999999934
0.09849550000000029
0.014134249999999682
0.40626025000000077
0.11835675000000023
0.07706950000000035
0.07582174999999935
0.017825999999999453
0.08451349999999991
0.05898525000000099
0.622166
0.03247400000000056
0.11778849999999963
0.41178075000000014
0.06338624999999887
0.15208575000000124
0.1538819999999994
0.15442450000000107
0.48208574999999954
0.15915349999999862
0.02724475000000126
0.031721000000001
0.026192499999996954
0.020558499999999924
0.25184975000000165
0.23655349999999942
0.3275432500000015
0.2315707499999995
0.16437999999999775
0.09450925000000154
0.07456974999999844
0.2641655000000007
0.20318350000000152
0.06286949999999791
0.3382745000000007
0.08456424999999967
0.05530275000000273
0.07428074999999978
0.2365877499999982
0.3324689999999997
0.18223700000000065
0.4345649999999992
0.1297744999999999
0.15512999999999977
0.48611550000000037
0.0456847499999995
0.3473850000000027
0.26819224999999847
0.17146225000000115
0.287118999999997
0.4410710000000009
0.16416974999999923
0.505429000000003
0.2166784999999969
0.06807350000000056
0.12264675000000125
0.3606020000000001
0.015689749999999947
0.13628500000000088
0.03541124999999923
0.15620075
0.22811524999999833
