0.17439999999999944
0.04870000000000019
0.1285999999999996
0.11080000000000023
0.036900000000000155
0.18540000000000045
0.0378999999999996
0.12070000000000025
0.2930999999999999
0.05069999999999997
0.03329999999999966
0.22109999999999985
0.023100000000000342
0.09480000000000022
0.005499999999999616
0.051000000000000156
0.36240000000000006
0.17649999999999988
0.3197000000000001
0.05039999999999978
0.09759999999999991
0.3830000000000009
0.03500000000000014
0.1097999999999999
0.06439999999999912
0.07650000000000112
0.5064999999999991
0.1073000000000004
0.07620000000000005
0.09229999999999983
0.23419999999999952
0.05460000000000065
0.5041999999999991
0.29290000000000127
0.17809999999999881
0.13060000000000116
0.08750000000000036
0.03799999999999848
0.03560000000000052
0.2644000000000002
0.14220000000000077
0.006199999999999761
0.12789999999999857
0.6060000000000016
0.03229999999999933
0.2663999999999991
0.1338000000000008
0.11439999999999984
0.0815999999999999
0.22740000000000116
0.09059999999999846
0.12310000000000088
0.8310999999999993
0.3512000000000004
0.01929999999999943
0.06040000000000134
0.10430000000000028
0.20120000000000005
0.059499999999999886
0.08679999999999843
0.2782
0.2281000000000013
0.27970000000000006
0.10829999999999984
0.41880000000000095
0.1261999999999972
0.17330000000000112
0.0815000000000019
0.01769999999999783
0.09450000000000003
0.05840000000000245
0.18329999999999913
0.13429999999999964
0.24409999999999954
0.24459999999999837
0.2010000000000005
0.9724000000000004
0.3420000000000023
0.2582999999999984
0.36439999999999984
0.4565000000000019
0.055699999999998084
0.04790000000000205
0.503499999999999
0.07849999999999824
0.29749999999999943
0.008800000000000807
0.7256
0.23130000000000095
0.026499999999998636
0.012700000000002376
0.18969999999999843
0.046400000000001995
0.026799999999997937
0.07420000000000115
0.3777000000000008
0.1828000000000003
0.34259999999999735
0.18400000000000105
0.10389999999999944
0.05790000000000006
0.2225999999999999
0.042500000000000426
0.27949999999999875
0.22010000000000218
0.10820000000000007
0.2079999999999984
