0.2703799999999994
0.21099000000000068
0.02073999999999998
0.1751699999999996
0.14784000000000042
0.2912699999999999
0.3656699999999997
0.11017999999999972
0.30709000000000053
0.5629499999999998
0.1150500000000001
0.2426200000000005
0.24942999999999937
0.36946999999999974
0.15465000000000018
0.1792100000000012
0.06347999999999843
0.3397900000000007
0.2275500000000008
0.11704999999999899
0.15897999999999968
0.026820000000000732
0.09215000000000018
0.06476999999999933
0.23667000000000016
0.018370000000000886
0.4287200000000002
0.10348999999999897
0.04603999999999964
0.20647000000000126
0.19472999999999985
0.35835999999999935
0.020789999999999864
0.05987000000000009
0.027730000000000032
0.2917000000000005
0.11383999999999972
0.09914999999999985
0.10505999999999993
0.10830999999999946
0.12155000000000094
0.21128999999999998
0.40424999999999933
0.2603400000000011
0.005359999999999587
0.17146999999999935
0.1725500000000011
0.5969599999999993
0.016930000000000334
0.4015400000000007
0.044010000000000105
0.298449999999999
0.16043999999999947
0.5006600000000017
0.03434999999999988
0.27039999999999864
0.11706000000000216
0.24484999999999957
0.15086999999999762
0.16703000000000046
0.3551000000000002
0.10549999999999926
0.5463500000000003
0.13247000000000142
0.35582000000000136
0.144879999999997
0.1684100000000015
0.07278000000000162
0.2942399999999985
0.12556999999999974
0.19357000000000113
0.8287699999999987
0.04983000000000004
0.06757999999999953
0.03317000000000192
0.1261499999999991
0.3034700000000008
0.20176999999999978
0.11688999999999794
0.016600000000000392
0.06656000000000262
0.060259999999999536
0.021989999999998844
0.27290999999999954
0.024370000000001113
0.1387299999999989
0.13327999999999918
0.11345000000000027
0.24505000000000265
0.22632999999999726
0.025270000000002568
0.10980999999999952
0.11130999999999958
0.13149999999999906
0.07734999999999914
0.08234000000000208
0.02867999999999782
0.1322100000000006
0.03942999999999941
0.30479000000000056
0.2469999999999999
0.016510000000000247
0.2257700000000007
0.12509999999999977
0.13940000000000197
0.1974199999999975
0.06795999999999935
0.024950000000000472
0.020929999999999893
0.4575400000000016
0.11856999999999829
