1.1462024999999993
0.16493249999999993
0.1457107500000001
0.09520650000000064
0.044221499999999914
0.14627925000000008
0.6611894999999999
0.1060402499999995
0.21704774999999987
0.05467725000000012
0.12789750000000044
0.3920602499999992
0.08261174999999987
0.19738275000000094
0.37570949999999925
0.10184324999999994
0.09732150000000139
0.058400999999999925
0.09123524999999866
0.1786102500000002
0.1196122500000012
0.20624399999999987
0.02536499999999897
0.2667472499999999
0.07250550000000011
0.16203750000000028
0.14552850000000106
0.2356732499999996
0.8114279999999994
0.47010674999999935
0.25695975000000004
0.2170027500000007
0.04738500000000023
0.1356667500000004
0.06901349999999873
0.3831067500000014
0.24040274999999944
0.14315249999999935
0.2304434999999998
0.5911972500000005
0.2757570000000005
0.33453225000000053
0.08603399999999972
0.4159904999999995
0.310416
0.08584199999999953
0.4105109999999996
0.11591475000000173
0.09884399999999971
0.11207174999999836
0.5547907500000022
0.036550500000000596
0.16266074999999702
0.01789125000000169
0.29753325000000075
0.2938469999999995
0.022654499999998023
0.07589700000000121
0.20388150000000138
0.10777949999999947
0.33859950000000083
0.19090124999999958
0.17795324999999806
0.26820299999999975
0.013149750000000182
0.36646275000000017
0.20316150000000022
0.4131239999999998
0.25013475000000085
0.2278455000000008
0.116825249999998
0.19483800000000073
0.2222647500000008
0.26958674999999843
0.328060500000003
0.4732102499999975
0.16543800000000175
0.37283399999999745
0.36468075000000155
0.34379325000000094
0.07807199999999881
0.09503175000000041
0.19871625000000037
0.23569499999999977
0.47852849999999947
0.07928850000000054
