0.36481910000000006
0.23057759999999927
0.19034770000000023
0.06384710000000027
0.030520899999999962
0.1664431999999998
0.1481406999999999
0.05007240000000035
0.2655327999999999
0.17771190000000026
0.38176509999999997
0.09862099999999963
0.0789458999999999
0.027925800000000223
0.010804799999999837
0.18834769999999956
0.191422600000001
0.02763519999999886
0.055216900000001345
0.212698099999999
0.3804487999999999
0.041152399999999645
0.1130147000000008
0.10149909999999984
0.10032110000000038
0.8242677999999994
0.47374330000000064
0.1025830999999986
0.17299180000000014
0.3089270000000006
0.06997759999999964
0.1258499999999998
0.2644189000000008
0.04368380000000016
0.011361100000000235
0.12881389999999904
0.18673099999999998
0.0752423000000011
0.11271949999999897
0.08910419999999952
0.02367810000000148
0.5703611999999989
0.028671199999999786
0.32283850000000136
0.31807809999999925
0.16015349999999984
0.09511610000000026
0.37806110000000004
0.20902959999999915
0.20438440000000035
0.1297776000000006
0.05367189999999944
0.02091990000000088
0.1482645999999992
0.09904910000000022
0.3522564999999993
0.3363057000000005
0.2517218999999997
0.23756470000000007
0.21967340000000135
0.033881899999997245
0.2094333000000006
0.007127100000001718
0.5109567999999989
0.01910660000000064
0.1972239999999985
0.035847200000002744
0.16877489999999895
0.015782500000000255
0.04990799999999851
0.6535702000000008
0.6696856000000011
0.0907658999999974
0.3247549999999997
0.24784490000000048
0.728466700000002
0.1845353000000003
0.6213520999999993
0.015493400000000435
0.1102616999999988
0.042441300000000126
0.19909910000000153
0.026421899999999
0.19657330000000073
0.02109309999999809
0.20769300000000257
0.16145389999999793
0.07770770000000127
0.08967050000000043
0.14281289999999913
0.23428960000000032
0.32409219999999905
0.12039940000000016
0.19893259999999913
0.1663876000000002
0.01870150000000237
0.19997899999999902
0.41150850000000005
0.027165499999998843
0.29148990000000197
0.2067274999999995
0.03581840000000014
0.37843189999999893
