0.1337250000000001
0.055314000000000085
0.4363829999999993
0.039693000000000644
0.4303619999999997
0.20281799999999972
0.25417800000000046
0.3267629999999997
0.12982199999999988
0.3675390000000007
0.31923299999999966
0.1897169999999999
0.0439740000000004
0.27504299999999926
0.14490600000000065
0.18059099999999972
0.05911200000000072
0.07487699999999897
0.058697999999999695
0.025749000000001132
0.1888229999999993
0.10302000000000078
0.2551349999999992
0.04296899999999937
0.16594200000000114
0.12599699999999991
0.0360510000000005
0.025874999999999204
0.062129999999999797
0.10413300000000092
0.16379699999999886
0.5073720000000002
0.06508499999999984
0.19158000000000008
0.26821800000000096
0.3555779999999995
0.03673200000000065
0.14629799999999982
0.01067399999999985
0.10454099999999933
0.05209499999999956
0.22737600000000135
0.062375999999998655
0.14547600000000038
0.42685800000000107
0.3046199999999999
0.47447399999999895
0.08853900000000081
0.13203299999999984
0.05957399999999957
0.704364
0.11515200000000014
0.10031700000000043
0.11920800000000042
0.14227799999999924
0.20491799999999927
0.10987500000000061
0.2909100000000002
0.37159499999999923
0.13278600000000118
0.08136600000000094
0.5911679999999997
0.1253399999999978
0.06598200000000176
0.03911099999999834
0.11533800000000127
0.07373700000000127
0.20409599999999983
0.054786
0.09933900000000051
0.15582299999999805
0.17697300000000027
0.007473000000000951
0.2746980000000008
0.060524999999998386
0.3397289999999984
0.07449000000000083
0.07106699999999933
0.047259000000000384
0.05141700000000071
0.19147800000000004
0.3062700000000014
0.1331009999999999
0.39395999999999987
0.1744199999999978
0.3330149999999996
0.055203000000002334
0.1748100000000008
0.19861199999999712
0.0394830000000006
0.1326570000000018
0.048491999999999535
0.08391599999999855
0.3627810000000018
0.4291979999999995
0.05955600000000061
0.13641900000000007
0.7120499999999979
0.6613500000000023
0.06806100000000015
0.20540399999999792
0.05176799999999915
0.02647800000000089
0.28818000000000055
0.015353999999998535
0.33720000000000283
0.32645399999999825
0.05458499999999944
0.24933599999999956
