0.07896575000000006
0.12750150000000016
0.4136862499999996
1.1858847499999996
0.12071175000000078
0.1433409999999995
0.31545824999999983
0.4593392500000011
0.1180557499999999
0.2658844999999985
0.10967325000000017
0.32292200000000015
0.09493550000000006
0.2487085000000011
0.4068992499999986
1.091952000000001
0.059915999999999414
0.3848577500000001
0.38433099999999953
0.01311550000000139
0.06832874999999916
0.27741999999999933
0.27565300000000015
0.2968225000000011
0.22895724999999878
0.23864149999999995
0.023830750000000123
0.02039050000000131
0.13703999999999894
0.3758102500000007
0.15229524999999988
0.06755599999999973
0.21417149999999907
0.40605275000000063
0.007204250000000911
0.05182024999999868
0.09494700000000122
0.02805749999999918
0.02775349999999932
0.7715300000000003
0.3355290000000011
0.08366674999999901
0.12455825000000154
0.22551825000000036
0.21682224999999988
0.05689250000000001
0.1104232500000002
0.6294379999999968
0.09815150000000017
0.1687435000000015
0.27546874999999815
0.07693800000000195
0.22567374999999856
0.15045925000000082
0.2682162500000018
0.12356199999999973
0.05519199999999813
0.46816499999999905
0.039255500000002996
0.28783274999999975
0.03385924999999901
0.05104499999999845
0.15949349999999995
0.06047075000000035
0.14890749999999997
0.352958000000001
0.16092675000000156
0.07179499999999805
0.009931749999999795
0.1533162499999996
0.3461260000000017
0.11667950000000005
0.04315799999999825
0.4209322499999999
0.06567950000000167
0.08923324999999949
0.0688430000000011
0.5869169999999997
0.08046699999999873
0.033587749999998806
0.40095275000000186
0.10306950000000015
0.23816725000000005
0.2763644999999997
0.3633084999999987
0.19057175000000015
0.09296525000000244
0.09182574999999815
