0.013873000000000246
0.26910900000000026
0.06028900000000004
0.10978399999999944
0.09664200000000012
0.049298000000000286
0.6043229999999999
0.18210000000000015
0.6627520000000002
0.0645579999999999
0.0439569999999998
0.12818299999999994
0.06938400000000033
0.176736
0.180593
0.12716700000000003
0.10244299999999917
0.4222880000000009
0.23886800000000008
0.13989099999999866
0.09418100000000074
0.05447900000000061
0.19606699999999933
0.035045999999999466
0.013661000000000811
0.2541709999999995
0.05109200000000058
0.03277399999999986
0.285798999999999
0.13125800000000076
0.07039100000000076
0.2634969999999992
0.1000709999999998
0.42250300000000074
0.08097899999999925
0.39464399999999955
0.10473200000000027
0.0709060000000008
0.03461300000000023
0.6331209999999992
0.17785500000000098
0.09693199999999891
0.10123000000000104
0.007433999999999941
0.11457099999999976
0.470483999999999
0.020208000000000226
0.35835499999999954
0.153671000000001
0.30281499999999895
0.022239000000000786
0.5705069999999992
0.12736700000000134
0.09675799999999946
0.14712800000000037
0.211155999999999
0.024091000000000307
0.0905730000000009
0.5135679999999994
0.2681210000000007
0.07449899999999765
0.010982000000002046
0.16066700000000012
0.13325499999999835
0.38822000000000045
0.043307000000002205
0.2195389999999975
0.11545800000000028
0.1082780000000021
0.35766599999999826
1.0012410000000003
0.04752500000000026
0.058889000000000635
0.2924889999999998
0.05713000000000079
0.08334999999999937
0.031544999999997714
0.01257500000000178
0.08331099999999836
0.03935900000000103
0.08854200000000034
0.17361899999999864
0.26845800000000253
0.2565969999999993
0.20542899999999875
0.0660349999999994
0.017939000000001926
0.26359199999999916
0.19994099999999904
0.28292800000000184
0.2719479999999983
0.047460000000000946
0.2965510000000009
0.07709599999999739
0.027799000000001683
0.13806299999999894
0.17140700000000209
0.1510259999999981
0.04181600000000074
0.01652199999999837
0.051377000000002226
0.1791729999999987
0.23133299999999934
0.04195100000000096
0.09006000000000114
0.02626599999999968
0.07298600000000022
0.18577499999999958
0.09219399999999922
0.06192700000000073
0.11247600000000091
0.02921399999999963
0.02815599999999918
0.036094999999999544
0.21385599999999982
0.22205200000000147
0.35302899999999937
0.12844199999999972
0.2028010000000009
0.1030300000000004
