0.12117149999999999
0.18737400000000015
0.10420575000000021
0.2545004999999998
0.03162525000000027
0.09639825000000002
0.009050999999999476
0.15381074999999989
0.07156500000000054
0.11369249999999997
0.01387274999999999
0.32415825
0.5211217499999998
0.18164099999999994
0.07206374999999987
0.05192475000000041
0.12382425000000019
0.5659312500000002
0.14532900000000026
0.1627357499999995
0.3769379999999991
0.06316650000000124
0.3367642499999999
0.03420599999999929
0.008406000000000802
0.2653514999999995
0.013941750000000752
0.10600274999999826
0.12363150000000012
0.5932177500000009
0.07728675000000074
0.04134224999999958
0.22320150000000005
0.17006624999999964
0.14120250000000034
0.2264160000000004
0.03909524999999903
0.10506299999999946
0.1871565000000004
0.02489399999999975
0.239865
0.4926255000000008
0.02197199999999988
0.1634752499999994
0.19433174999999991
0.23839200000000105
0.17005949999999892
0.2336797500000003
0.17270475000000118
0.3919049999999995
0.17763300000000015
0.02585024999999952
0.25385475000000035
0.026147999999999172
0.26829225
0.06335849999999965
0.09716250000000137
0.10019624999999976
0.017192999999998904
0.1678372500000016
0.22650224999999935
0.03574049999999929
0.04107824999999998
0.5173822500000007
0.17844749999999898
0.004433999999999827
0.05358075000000184
0.059273999999998495
0.19660874999999933
0.09546000000000276
0.3054997499999992
0.3991042500000006
0.14027175000000014
0.04937699999999978
0.0654389999999978
0.08764950000000127
0.036646499999999804
0.8257034999999995
0.07200974999999943
0.21094275000000096
0.3941887500000014
0.27402000000000015
0.16306574999999768
0.051183000000001755
0.11997075000000024
0.09230399999999861
0.09128774999999933
0.2956357500000024
0.04839149999999748
0.09545325000000204
0.0639007499999984
0.049617000000001354
0.3867277499999986
0.025546500000000805
0.1246792499999998
0.21685125000000127
0.1380734999999973
0.01839750000000251
0.2368732499999986
0.6967267499999998
0.4669342500000013
0.3032520000000005
0.13814774999999813
0.025119000000000113
0.23764050000000125
0.2066714999999988
0.10623750000000243
0.046992749999997585
0.23112375000000185
0.21485549999999876
0.2610315000000014
0.14796224999999907
0.03653475000000128
0.02276174999999725
0.060741000000000156
0.15529725000000028
0.04143150000000162
0.043361999999998346
