0.4149250000000002
0.028705000000000425
0.05584199999999928
0.1992250000000002
0.026804000000000272
0.09175099999999947
0.07788400000000006
0.15660450000000026
0.4628639999999997
0.07625850000000067
0.11522499999999969
0.016229499999999675
0.05842700000000001
0.22355200000000064
0.16595549999999992
0.007780999999999594
0.05881000000000025
0.4321735000000002
0.10507099999999969
0.01469100000000001
0.025098999999999982
0.01629449999999988
0.1375700000000002
0.07981200000000044
0.1941214999999996
0.11614250000000048
0.07201399999999936
0.2504805000000001
0.06235500000000016
0.08259050000000023
0.08730450000000012
0.521253999999999
0.055011000000000365
0.22900899999999957
0.017241999999999535
0.2617750000000001
0.1782824999999999
0.5036920000000009
0.2828994999999992
0.3756295000000005
0.04322800000000093
0.02380099999999885
0.3029900000000012
0.04248899999999978
0.1667114999999999
0.27751400000000004
0.15680499999999853
0.03390500000000074
0.03570799999999963
0.013762500000000344
0.7335519999999995
0.07070099999999968
0.26793400000000034
0.060387999999999664
0.45980500000000113
0.25219549999999913
0.28882399999999997
0.2708925000000004
0.3285575000000005
0.0905415000000005
0.07306049999999864
0.19123200000000118
0.2231999999999985
0.42680700000000016
0.1399834999999996
0.10635800000000017
0.12658950000000146
0.31412500000000065
0.223710999999998
0.2787565000000001
0.24940600000000046
0.055498499999998785
0.286148500000003
0.09540699999999802
0.08678199999999947
0.038318499999999034
0.44958050000000327
0.21918900000000008
0.16810749999999786
0.33160900000000026
0.3264870000000002
0.17563200000000023
0.1664564999999989
0.23880750000000006
0.2556945000000006
0.1187995000000015
0.34106099999999984
0.27437949999999844
0.03722799999999893
0.15742750000000072
0.02597650000000229
0.0314230000000002
0.039430999999996885
0.028035000000002697
0.3482529999999997
0.1454979999999999
0.35043899999999795
0.3834925000000027
0.4141914999999976
0.22373699999999985
0.06823999999999941
0.05454549999999969
0.05360600000000204
0.014920000000000044
0.16469800000000134
0.018263999999998504
0.13519249999999872
0.018083499999999475
0.3606320000000025
0.11662349999999932
0.06593699999999814
0.23081750000000056
