0.047130000000000116
0.11334
0.016619999999999635
0.14676000000000045
0.27583999999999964
0.05863999999999958
0.38322000000000056
0.07843999999999962
0.19307000000000052
0.4308399999999999
0.026019999999999932
0.3978799999999998
0.022240000000000038
0.05752000000000024
0.07322999999999968
0.17942999999999998
0.03652000000000033
0.4146699999999992
0.06967999999999996
0.0720200000000002
0.24929000000000023
0.03523999999999994
0.2418200000000006
0.5513899999999996
0.22095999999999982
0.23079000000000072
0.022769999999999513
0.1559500000000007
0.29176999999999964
0.45939000000000085
0.3689999999999998
0.0856300000000001
0.8033099999999997
0.08958999999999939
0.1975800000000003
0.014139999999999375
0.3441800000000015
0.0621199999999984
0.017270000000001673
0.012539999999999552
0.16127999999999965
0.07859000000000016
0.02149999999999963
0.07437000000000005
0.09355000000000047
0.02523000000000053
0.08491999999999855
0.05306999999999995
0.7284800000000011
0.011039999999999495
0.03190999999999988
0.0213599999999996
0.04258000000000095
0.16685000000000016
0.08671000000000006
0.2163699999999995
0.27147000000000077
0.15163999999999866
0.0371800000000011
0.3733399999999989
0.06445000000000078
0.19473999999999947
0.20145000000000124
0.3524899999999995
0.013850000000001472
0.11195999999999984
0.07542999999999722
0.1325099999999999
0.032450000000000756
0.47927999999999926
0.23104999999999976
0.4843400000000031
0.10005999999999915
0.19808000000000092
0.06571999999999889
0.03755999999999915
0.1724400000000017
0.24535999999999802
0.011820000000000164
0.13740999999999914
0.5394800000000011
0.10715000000000074
0.23211999999999833
0.2890200000000007
1.1218600000000016
0.024110000000000298
0.13608999999999938
0.2524300000000004
0.12424999999999997
0.028849999999998488
0.27646000000000015
0.17849999999999966
0.2741100000000003
0.21281000000000105
0.10683999999999827
0.10594999999999999
0.7336799999999997
0.09597000000000122
0.6975699999999989
0.29967000000000255
0.1833500000000008
0.13896999999999693
