0.12933299999999992
0.03155624999999951
0.03153450000000024
0.09393224999999994
0.044222249999999796
0.8156490000000005
0.3018787500000002
0.0862425
0.28746524999999945
0.0688102500000003
0.3275467499999998
0.13411425000000055
0.13048199999999976
0.03217874999999992
0.0910132499999996
0.255312
0.04417050000000078
0.15445274999999992
0.08067750000000018
0.03674174999999913
0.1771635000000007
0.3236309999999989
0.019245750000001394
0.05549174999999984
0.16835249999999924
0.06017399999999995
0.06867150000000066
0.12656849999999942
0.16892250000000075
0.23260799999999904
0.3645712500000009
0.09986849999999947
0.09099149999999945
0.6482595
0.25565550000000137
0.18211274999999993
0.016888500000000306
0.030186749999998597
0.1729289999999999
0.11135175000000075
0.19952550000000002
0.02558550000000004
0.05844450000000023
0.1113780000000002
0.20891099999999874
0.036980250000000936
0.05891699999999922
0.015714750000000777
0.40386900000000026
0.024587249999999727
0.46973475000000064
0.04565249999999921
0.0283162499999996
0.09669750000000121
0.09910124999999859
0.04235325000000145
0.10467449999999978
0.16730624999999932
0.46166024999999955
0.3539032500000001
0.05074875000000034
0.4712032500000003
0.23453400000000002
0.06961800000000018
0.02326349999999877
0.1966530000000013
0.04057349999999893
0.147256500000001
0.03289799999999943
0.07691175000000072
0.20359874999999938
0.09670725000000147
0.36183449999999695
0.1139505000000014
0.07604249999999979
0.1648619999999994
0.42084975000000213
0.09671774999999982
0.3207090000000008
0.13520549999999787
0.4761330000000008
0.05625750000000096
0.18106574999999836
0.05689574999999891
0.07889250000000203
0.07950675000000018
0.13258949999999814
0.10254600000000025
0.0665565000000008
0.18802875000000085
0.10543724999999782
0.06446024999999977
0.042278250000002515
0.05515049999999988
0.03327900000000028
0.1943204999999999
0.36433874999999816
0.10962525000000056
0.05937374999999889
0.32011425000000315
0.09142274999999955
0.04573349999999721
0.075357750000002
0.05680800000000019
0.26990100000000083
0.12071549999999931
0.39116474999999795
0.08814075000000088
0.2977394999999987
0.5032095000000005
0.09832199999999958
0.07859625000000037
0.2393722500000024
0.060868499999997994
0.09587550000000178
0.021698999999998136
0.12947025000000068
0.08230574999999973
0.027522000000001157
0.21822374999999994
0.5490464999999993
0.16372199999999992
0.06830700000000078
0.2652877499999988
0.025970250000000306
