0.08486774999999991
0.12270000000000003
0.1588605000000003
0.2543999999999995
0.06286800000000081
0.13952774999999917
0.0699727500000007
0.1269960000000001
0.029480999999999646
0.07485974999999989
0.3178605000000001
0.03558824999999999
0.3094657500000002
1.1709344999999995
0.025186500000000223
0.043762499999999704
0.12599849999999968
0.38243325000000006
0.2582347500000015
0.1820024999999994
0.006869249999999383
0.28701675000000115
0.10516799999999904
0.018800999999999846
0.05706450000000096
0.18828074999999878
0.07951500000000067
0.3014227500000004
0.12358199999999897
0.18581775
0.08348624999999998
0.1848030000000005
0.013586249999999467
0.2317815000000003
0.4708635000000001
0.06530099999999983
0.416412750000001
0.11314724999999903
0.030231750000000446
0.4218705000000007
0.12581174999999867
0.05529450000000047
0.3652507499999995
0.16987050000000004
0.02026200000000067
0.012256499999999448
0.3332309999999996
0.26359950000000154
0.21953474999999933
0.11248199999999997
0.04595400000000005
0.2005049999999997
0.2271667500000003
0.07448924999999917
0.17126100000000122
0.048250499999999974
0.3992655000000003
0.30655499999999947
0.018529499999999643
0.11492699999999978
0.08944950000000063
0.12242700000000006
0.07674000000000092
0.014452499999997315
0.04719000000000051
0.09768225000000186
0.04540799999999834
0.08841600000000227
0.25064025
0.05594774999999785
0.14013600000000181
0.08355749999999773
0.3865590000000019
0.02472075000000018
0.8449619999999989
0.08027249999999952
0.06294600000000017
0.31556400000000195
0.6389167499999999
0.22581224999999705
0.1145220000000009
0.036303750000001855
0.19899224999999987
0.11147399999999763
0.17201925000000173
0.05614350000000101
0.211932749999999
0.07420425000000108
0.5060587499999976
0.22784250000000128
0.5532862499999993
0.023523749999998955
0.01042575000000312
0.23077499999999773
0.196258499999999
0.20854575000000253
0.7166505000000001
0.026309999999998723
0.01603125000000105
0.8088765000000002
0.04235624999999743
0.4242157500000019
0.09947700000000026
0.31449599999999833
