0.31323109999999943
0.05212320000000048
0.16675299999999993
0.5446491999999994
0.31386100000000017
0.12774779999999986
0.14069020000000076
0.14500519999999995
0.07356469999999948
0.3165690000000003
0.28119169999999993
0.13634099999999982
0.09925490000000003
1.2098214999999994
0.240839900000001
0.08127520000000032
0.05406949999999888
0.3194846000000009
0.48908239999999914
0.36922629999999934
0.0967254000000004
0.3682791000000005
0.09641330000000004
0.3368062999999992
0.1277197000000001
0.1513246000000006
0.21167029999999976
0.08531209999999945
0.21874910000000014
0.09591930000000026
0.08611860000000071
0.1259055999999994
0.19507770000000058
0.12868879999999905
0.33136720000000075
0.08710430000000002
0.2462344999999999
0.17144539999999964
0.049315800000000465
0.01857869999999906
0.008107500000001266
0.1259813999999988
0.03751440000000095
0.39647459999999946
0.3875776999999996
0.27793500000000115
0.18566389999999977
0.7915524999999999
0.0826506000000009
0.055824499999999944
0.19255539999999982
0.34871379999999874
0.10809010000000185
0.0905623999999996
0.1820719000000004
0.3848091999999994
0.2618204999999989
0.1952032000000017
0.06216279999999941
0.16236479999999887
0.10258779999999845
0.07011560000000117
0.2754484000000019
0.42364439999999703
0.14536430000000067
0.1833311000000002
0.2959449999999997
0.08456190000000063
0.2720981000000009
0.050589800000000906
0.054666699999998514
0.10558789999999973
0.2008769000000008
0.10768059999999835
0.028435500000000502
0.2456686000000019
0.08940690000000018
0.06775809999999893
0.12680830000000043
0.02137249999999824
0.07088410000000067
0.2114528
0.21700149999999852
0.8645972000000022
0.4392320000000005
0.09752809999999812
0.08760870000000054
0.11293069999999972
0.056822400000001494
0.02449370000000073
0.046781899999999155
0.2947774999999986
0.15097190000000182
0.10720689999999777
0.4272191999999997
0.1268734000000009
0.3339269999999992
0.09308220000000134
