0.13400000000000034
0.06099999999999994
0.1589999999999998
0.133
0.12199999999999989
0.1640000000000006
0.0909999999999993
0.14900000000000002
0.18700000000000028
0.5030000000000001
0.6660000000000004
0.02799999999999958
0.4720000000000004
0.06700000000000017
0.04099999999999859
0.2560000000000002
0.23099999999999987
0.026000000000001577
0.17099999999999937
0.20999999999999908
0.1960000000000015
0.19699999999999918
0.4280000000000008
0.6760000000000002
0.5279999999999987
0.11700000000000088
0.15700000000000003
0.9299999999999997
0.13100000000000023
0.12399999999999878
0.09800000000000075
0.1639999999999997
0.07399999999999984
0.07600000000000051
0.11700000000000088
0.1039999999999992
0.2240000000000002
0.12199999999999989
0.125
0.2419999999999991
0.10899999999999999
0.03200000000000003
0.12600000000000122
0.6709999999999994
0.1869999999999994
0.07400000000000162
0.10299999999999976
0.13599999999999923
0.21799999999999997
0.10200000000000031
0.7289999999999992
0.16600000000000037
0.09100000000000108
0.036999999999999034
0.16000000000000014
0.2779999999999987
0.043000000000002814
0.12599999999999767
0.09299999999999997
0.0660000000000025
0.2359999999999971
0.20300000000000296
0.06799999999999784
0.6640000000000015
0.09099999999999753
0.02400000000000091
0.23100000000000165
0.12399999999999878
0.1999999999999993
0.20400000000000063
0.08000000000000185
0.347999999999999
0.15899999999999892
0.11599999999999966
0.08699999999999974
0.12100000000000222
0.2729999999999997
0.04499999999999815
0.11899999999999977
0.0400000000000027
0.10699999999999932
0.021999999999998465
0.054000000000002046
0.5529999999999973
0.45600000000000307
0.24099999999999966
0.12599999999999767
0.04100000000000037
0.08000000000000185
0.1509999999999998
0.0470000000000006
0.06499999999999773
0.3689999999999998
0.028999999999999915
0.10100000000000264
0.23999999999999844
0.01600000000000179
0.3289999999999971
0.12300000000000111
0.045999999999999375
0.03200000000000003
0.03300000000000125
0.5519999999999996
0.1819999999999986
0.036000000000001364
0.036000000000001364
0.09199999999999875
