0.03403869999999998
0.017015699999999967
0.4859308000000002
0.010823900000000108
0.14247850000000017
0.04683130000000002
0.1529670999999997
0.3647789999999995
0.23893520000000024
0.1647968999999998
0.7296933000000001
0.22157349999999987
0.31199380000000065
0.02015190000000011
0.12004349999999953
0.2574386999999998
0.08664989999999939
0.5066271000000011
0.1615871000000002
0.11944079999999957
0.06710619999999956
0.15755680000000005
0.10935779999999973
0.4112393000000001
0.012596699999999572
0.20577560000000084
0.027273199999999775
0.0418990000000008
0.04014079999999964
0.054209999999999425
0.06522130000000104
0.04845969999999866
0.018844700000000714
0.0446705000000005
0.051540099999998645
0.11768860000000103
0.030955499999999248
0.16162079999999968
0.015332500000001303
0.15271599999999985
0.7346574999999991
0.28609690000000043
0.15100450000000087
0.15371079999999893
0.029969799999999935
0.02481280000000119
0.027176299999998932
0.0518919000000011
0.07552139999999952
0.25223510000000005
0.3829267999999999
0.012082499999999996
0.19231949999999998
0.06216389999999983
0.0775699000000003
0.35034529999999897
0.04396209999999989
0.29686009999999996
0.038930200000001136
0.1334389999999992
0.23034610000000022
0.1532081000000005
0.026011300000000404
0.20971279999999837
0.18821200000000005
0.38694710000000043
0.17659920000000007
0.14429040000000093
0.06612750000000034
0.1139772999999984
0.09583310000000012
0.4889627999999995
0.04586790000000107
0.32969329999999886
0.04617550000000037
0.10233589999999992
0.07725759999999937
0.2650096000000026
0.07195099999999854
0.4382121000000012
0.08631420000000034
0.4098575999999987
0.3011645999999999
0.1986354999999982
0.2424178000000019
0.15165819999999997
0.23309139999999928
0.5595926999999996
0.05866789999999966
0.056024600000000646
0.1709423000000001
0.21098380000000105
0.14521960000000078
0.27883059999999915
0.016242699999999388
0.09557459999999907
0.012683500000001402
0.11766139999999936
0.03473779999999849
0.11821190000000215
0.041186799999998414
0.14847560000000115
0.029507200000001177
0.1492130999999972
0.19675430000000205
0.10207039999999878
0.08341779999999943
0.1528129000000007
0.2515086000000011
0.1663971999999987
0.020365200000000527
0.0985301000000014
0.012660799999999028
0.19738750000000138
0.051791800000000165
0.01166160000000005
0.5871796999999965
0.07514850000000095
0.11914499999999961
0.11564450000000193
0.16024029999999811
0.49053130000000067
