0.062913
0.40537500000000026
0.1928460000000003
0.6622559999999993
0.02198400000000067
0.43501799999999946
0.01873799999999992
0.11583000000000077
0.10086899999999943
0.2501730000000002
0.15431099999999986
0.09710999999999981
0.11950800000000061
0.09188099999999988
0.05534999999999979
0.5798160000000001
0.11993999999999971
0.07202099999999945
0.32054700000000125
0.08707499999999868
0.13467300000000115
0.28361400000000003
0.024350999999999345
0.3019350000000003
0.049284000000000106
0.3523019999999999
0.1709340000000008
0.07031399999999977
0.08478899999999889
0.3127230000000001
0.026253000000000526
0.051462000000000785
0.24672299999999936
0.4165259999999993
0.05851200000000034
0.021603000000000705
0.09854999999999947
0.14208299999999952
0.07449000000000083
0.3883139999999994
0.06543600000000005
0.4143120000000007
0.15690599999999932
0.22719299999999976
0.18396300000000032
0.5075579999999995
0.3456480000000006
0.06433200000000028
0.18945300000000032
0.03730499999999992
0.22752599999999923
0.5234100000000002
0.08813400000000016
0.20859899999999953
0.31630499999999984
0.05313000000000123
0.542739000000001
0.08353199999999816
0.14746200000000087
0.011027999999999594
0.5557440000000007
0.21341999999999928
0.5334809999999983
0.014004000000003458
0.028511999999999205
0.0608550000000001
0.025376999999998873
0.28701300000000174
0.16052999999999784
0.2973150000000011
0.40116899999999944
0.5275649999999992
0.0737400000000008
0.3902220000000014
0.04998900000000006
0.15029399999999882
0.08394300000000143
0.15860699999999994
0.21507899999999935
0.8310719999999989
0.5542140000000018
0.053663999999997714
0.42108900000000204
0.14166599999999718
0.10009800000000268
0.07819499999999735
0.8480220000000003
0.041766000000002634
0.01371599999999873
0.07753500000000102
0.028727999999997422
0.471147000000002
0.3031380000000006
