0.016269750000000194
0.06790199999999924
0.055587749999999936
0.2279977500000001
0.04697025000000021
0.026246249999999804
0.2765422500000003
0.4995029999999998
0.10096725000000006
0.014274000000000342
0.02986799999999956
0.007801500000000239
0.21543524999999963
0.12708600000000025
0.03508274999999994
0.0891390000000003
0.0988567499999995
0.38329199999999997
0.11744550000000054
0.346317
0.35445525
0.0391875000000006
0.2140349999999991
0.08738025000000071
0.12870899999999885
0.26698425000000015
0.21608925000000134
0.27523949999999964
0.026090999999999198
0.03717750000000031
0.2773747499999999
0.041856750000000886
1.2051299999999987
0.295201500000001
0.008281499999998942
0.11110425000000035
0.3737490000000001
0.14926950000000083
0.12122549999999954
0.23513250000000063
0.10973324999999967
0.1406925000000001
0.0405704999999994
0.07094999999999985
0.09139425000000045
0.04195349999999998
0.0616424999999996
0.027826499999999754
0.22059600000000046
0.38562974999999966
0.3201210000000003
0.5315744999999996
0.06724875000000097
0.3079169999999998
0.23594474999999981
0.45558750000000003
0.1434532500000003
0.0629294999999992
0.27191474999999876
0.174852750000003
0.11884500000000031
0.4092502499999995
0.028540499999998303
0.142052249999999
0.19652250000000038
0.013478250000002134
0.06668024999999744
0.07852950000000192
0.4164570000000012
0.02566500000000005
0.16098074999999668
0.7820632500000002
0.2965170000000015
0.15867675000000148
0.20969324999999728
0.13999575000000064
0.40806375000000017
0.1630199999999995
0.11823075000000216
0.13792799999999872
0.26205824999999905
0.34326150000000055
0.13506225000000072
0.1059164999999993
0.05628899999999959
0.14783775000000077
0.04781249999999915
0.4923802500000001
0.6261749999999999
0.2696707499999995
0.24667800000000284
0.05348774999999861
0.33888675000000035
0.09799800000000047
0.051843749999999744
0.537852749999999
0.024843750000002274
0.20847824999999887
0.2505877500000011
0.019914749999998094
0.03960825000000057
0.04616400000000098
0.2623237500000002
