0.22520000000000007
0.1181000000000001
0.13949999999999996
0.05250000000000021
0.21689999999999987
0.03500000000000014
0.11749999999999972
0.2604999999999995
0.10690000000000044
0.22199999999999953
0.013700000000000045
0.17040000000000077
0.1269
0.1786999999999992
0.1662000000000008
0.1398999999999999
0.3259999999999996
0.03279999999999994
0.03640000000000043
0.21609999999999907
0.043100000000000804
0.10210000000000008
0.16419999999999924
0.014700000000001268
0.5408999999999988
0.12330000000000041
0.12400000000000055
0.00879999999999903
0.15880000000000116
0.2784999999999993
0.2746999999999993
0.15010000000000012
0.017900000000000915
0.07809999999999917
0.1867000000000001
0.33200000000000074
0.3084000000000007
0.5931999999999995
0.1443999999999992
0.07200000000000095
0.006999999999999673
0.16119999999999912
0.13900000000000112
0.04389999999999894
0.44390000000000107
0.043199999999998795
0.18810000000000038
0.12070000000000114
0.10009999999999941
0.37320000000000064
0.13030000000000008
0.1971999999999987
0.18260000000000076
0.37979999999999947
0.0495000000000001
0.00990000000000002
0.1806000000000001
0.06520000000000081
0.3049999999999997
0.02340000000000053
0.3108999999999984
0.3475999999999999
0.15700000000000003
0.3727999999999998
0.357800000000001
0.019300000000001205
0.15179999999999794
0.42079999999999984
0.20080000000000098
0.06930000000000192
0.18859999999999744
0.10940000000000083
0.14099999999999824
0.33410000000000295
0.04369999999999763
0.6513000000000027
0.011999999999996902
0.6177000000000028
0.5839999999999996
0.15970000000000084
0.6710999999999991
0.04840000000000089
0.06379999999999697
0.030400000000000205
0.508300000000002
0.03340000000000032
0.3164999999999978
0.42180000000000106
0.47879999999999967
0.051400000000001
0.03849999999999909
0.1308000000000007
0.021999999999998465
0.27050000000000196
0.4120999999999988
0.03229999999999933
0.11630000000000251
0.12490000000000023
0.043199999999998795
0.2640999999999991
0.23580000000000112
0.1637999999999984
0.2774000000000001
0.043900000000000716
