0.098827
0.28643900000000055
0.3133520000000001
0.2190859999999999
0.12624999999999975
0.4049579999999997
0.2927580000000001
0.30443400000000054
0.07317599999999924
0.24141000000000012
0.30754899999999985
0.6269229999999997
0.10055300000000145
0.0276809999999994
0.048826000000000036
0.14874900000000046
0.14876600000000018
0.09408899999999853
0.010792000000000357
0.06214399999999998
0.031035000000001034
0.5469489999999997
0.07458699999999929
0.2671480000000006
0.0728150000000003
0.054040999999999784
0.08094000000000001
0.15606599999999915
0.22400799999999954
0.048229000000000966
0.03816400000000009
0.21286899999999953
0.32574600000000054
0.07299499999999881
0.036028000000001725
0.12750299999999903
0.022510000000000474
0.14138200000000012
0.08457399999999993
0.10128199999999943
0.03438500000000033
0.2914899999999996
0.03097800000000106
0.13671999999999862
0.38164000000000087
0.1539400000000004
0.036245999999998446
0.18281100000000094
0.0837690000000002
0.043549999999999756
0.029987000000000208
0.012399999999999523
0.5871879999999994
0.45741800000000055
0.18466500000000075
0.016472999999999516
0.16123400000000032
0.1780639999999991
0.938899000000001
0.06044499999999964
0.14690799999999982
0.08624400000000065
0.07346699999999906
0.08034699999999972
0.3538029999999992
0.828082000000002
1.1978449999999974
0.04583500000000029
0.3396490000000014
0.34076299999999904
0.342174
0.10555599999999998
0.6323900000000009
0.048722000000001486
0.1532059999999973
0.053332000000001045
0.20380700000000118
0.09710699999999761
0.10976800000000253
0.7026869999999974
0.02695200000000142
0.09169299999999936
0.3624350000000014
0.021473000000000297
0.14091699999999818
0.3255790000000012
0.1258449999999982
0.123147000000003
0.027040999999996984
0.028420000000000556
0.027996000000001686
0.17327299999999823
0.07334900000000033
0.17624800000000107
0.16862599999999972
0.03707999999999956
0.302662999999999
0.11057000000000272
0.12028199999999956
0.5766269999999984
0.18739800000000173
0.12540800000000019
