0.2036245000000001
0.015513499999999958
0.1649440000000002
0.05534399999999984
0.09446249999999967
0.14926750000000055
0.011954000000000242
0.2608404999999996
0.3781309999999998
0.09470750000000017
0.025812000000000168
0.16847250000000003
0.06850600000000018
0.10824499999999926
0.17878600000000056
0.16309400000000007
0.30569699999999944
0.4874345
0.18443050000000039
0.17235250000000057
0.016120499999999538
0.08500300000000038
0.02354300000000009
0.061760999999998845
0.3386015000000011
0.05003799999999892
0.27985550000000003
0.14706300000000105
0.47255049999999876
0.4732435000000006
0.08135500000000029
0.25882449999999935
0.14482349999999933
0.1714960000000012
0.06374349999999929
0.2012615000000011
0.8462714999999985
0.08584150000000079
0.03182550000000006
0.05962150000000044
0.2625250000000001
0.03754499999999972
0.16688249999999982
0.2897514999999995
0.4370455
0.29951100000000075
1.2358184999999988
0.19708450000000077
0.105912
0.3750865000000001
0.057912999999999215
0.046342000000000994
0.014101999999999393
0.4486629999999998
0.12798599999999993
0.3937650000000019
0.08968599999999682
0.03222200000000086
0.03518000000000043
0.2859020000000001
0.18697799999999987
0.18743999999999872
0.213592000000002
0.9174964999999986
0.38387850000000157
0.37537599999999927
0.29713100000000026
0.043260000000000076
0.09651350000000036
0.2204139999999981
0.38922700000000177
0.01594599999999957
0.20613349999999997
0.2755074999999998
0.14999949999999984
0.2850980000000014
0.014367499999998756
0.08057700000000168
0.062345999999998014
0.19685600000000036
0.1375275000000009
0.11093400000000031
0.3558854999999994
0.9577574999999996
0.6006305000000012
0.06841299999999961
0.15132049999999708
0.12501800000000074
0.06445700000000087
0.13073699999999988
