0.29692950000000007
0.38535949999999985
0.2779500000000006
0.4367764999999997
0.18068500000000043
0.7527839999999992
0.17316100000000034
0.3599939999999995
0.2992965000000005
0.046717499999999745
0.11246299999999998
0.014613000000000653
0.07326950000000032
0.050706499999998655
0.2829259999999998
0.01837350000000093
0.060299499999999284
0.3350085000000007
0.05140250000000002
0.043981999999999744
0.09383799999999987
0.05106400000000022
0.4077289999999998
0.23877650000000017
0.047905000000000086
0.3653549999999992
0.5653475000000014
0.28302049999999923
0.007409499999999625
0.03509999999999991
0.20201500000000117
0.06116849999999907
0.2967665000000004
0.34225700000000003
0.05334649999999996
0.5819174999999994
0.019348499999999547
0.3288195000000016
0.04220749999999995
0.3830384999999996
0.029593000000000202
0.031663499999998734
0.1476550000000003
0.05803249999999949
0.1460190000000008
0.13115349999999992
0.3649105000000006
0.20369449999999922
0.4537224999999996
0.09987749999999984
0.10711250000000128
0.5256934999999991
0.018730500000000205
0.11386999999999858
0.0913735000000031
0.23725799999999708
0.33614600000000294
0.29195199999999843
0.027165000000000106
0.09866799999999998
0.014361000000000956
0.18142699999999934
0.2604185000000001
0.03961699999999979
0.11963899999999938
0.07199699999999964
0.06976650000000006
0.21932750000000212
0.10781249999999787
0.3987204999999996
0.09436400000000233
0.250276999999997
0.18485500000000243
0.025109999999997967
0.04375100000000032
0.37200200000000194
0.09559549999999817
0.3061019999999992
0.34118450000000067
0.16023550000000242
0.05560899999999691
0.28595100000000073
0.19474600000000208
0.2519840000000002
0.12111200000000011
0.137280999999998
0.11857399999999885
0.26684150000000173
0.31093050000000133
0.2598655000000001
0.07188399999999717
0.10979299999999981
0.2937525000000001
0.022443500000001393
0.08007699999999929
0.15508349999999993
0.24878800000000112
0.07621349999999794
0.8977630000000012
0.01716300000000004
0.2373979999999989
0.0343250000000026
