0.3981462499999999
0.1300814999999993
0.8629977500000008
0.07725124999999977
0.022282749999999574
0.3676982500000001
0.1044407500000002
0.20144249999999975
0.34021275000000006
0.18161575000000063
0.0309532499999996
0.6759867499999999
0.44620250000000006
0.07801624999999923
0.5905255
0.32118225000000145
0.23226074999999824
0.00745200000000068
0.2781924999999994
0.0590262500000005
0.060062750000000165
0.1770650000000007
0.03201400000000021
0.2978769999999997
0.04203199999999896
1.0826907500000011
0.1862459999999988
0.12246675000000096
0.21104824999999927
0.12223875000000106
0.06066399999999916
0.1451425000000004
0.5862887499999996
0.03214999999999968
0.010845500000000285
0.2273934999999998
0.01797825000000053
0.1111399999999989
0.23791025000000054
0.010754000000000374
0.17166699999999935
0.19793899999999987
0.051142249999999834
0.032382750000000016
0.012139000000001232
0.018991500000000272
0.3246077499999984
0.16154050000000097
0.04562825000000004
0.3508597499999997
0.5540317500000018
0.045277749999996786
0.7388357499999998
0.16889075000000275
0.16032724999999814
0.3277907500000019
0.08782349999999894
0.12509299999999968
0.5730002499999998
0.10994824999999864
0.050277499999999975
0.09648975000000348
0.03423224999999874
0.29261624999999825
0.31467175000000225
0.10068000000000055
0.0889269999999982
0.36886249999999876
0.10308100000000309
0.107585499999999
0.5066862499999978
0.07737950000000282
0.1315142499999986
0.11793850000000106
0.09077225000000055
0.13591724999999855
0.1710352499999992
0.03481574999999992
0.029113999999999862
0.12024025000000194
0.1589597499999975
0.8143637500000018
0.17044250000000005
0.09766875000000041
0.02696449999999828
0.04638050000000149
0.092167749999998
0.7967622500000004
0.03140525000000238
0.34989775000000023
0.04831224999999861
0.22340249999999884
