0.019962500000000105
0.014428999999999803
0.08037250000000018
0.38027499999999925
0.33418600000000076
0.06458349999999946
0.05609550000000052
0.20418950000000002
0.10626800000000003
0.12424549999999979
0.09305249999999976
0.04263949999999994
0.38061849999999975
0.12558200000000053
0.8316480000000004
0.019357499999999916
0.10958449999999864
0.05511949999999999
0.24918250000000164
0.11180449999999986
0.02302199999999921
0.040153000000000105
0.5494900000000005
0.07583149999999961
0.04709500000000055
0.11232949999999953
0.04255200000000059
0.04573699999999903
0.09299000000000035
0.05233050000000006
0.15431300000000014
0.13417600000000007
0.09711899999999929
0.024614500000000206
0.348471
0.06039349999999999
0.013817500000000038
0.0790614999999999
0.053222500000000394
0.04376300000000022
0.056662999999998576
0.20232400000000084
0.1860900000000001
0.2075724999999995
0.24913450000000026
0.4779890000000009
0.09945499999999896
0.3130980000000001
0.26685849999999967
0.11205200000000026
0.08347250000000095
0.12183299999999875
0.21567399999999992
0.07690299999999972
0.0745615000000015
0.07243300000000019
0.22499249999999904
0.01601549999999996
0.07126200000000082
0.10912249999999979
0.7936444999999992
0.015644500000000505
0.09013799999999961
0.1748624999999997
0.5502665000000011
0.14365249999999996
0.23679249999999996
0.566321499999999
0.0396624999999986
0.10181700000000049
0.11590699999999998
0.04738800000000154
0.16470199999999835
0.015676000000002688
0.09315899999999999
0.1938379999999995
0.16091799999999878
0.046275500000000136
0.06543800000000033
0.09550550000000158
0.572658999999998
0.05578450000000146
0.18505199999999888
0.07183549999999883
0.09316450000000032
0.06767750000000206
0.011977500000000418
0.2368019999999973
0.537941
0.08966350000000034
0.31987000000000165
0.40313150000000064
0.07978699999999961
0.24013249999999786
0.6926939999999995
0.27550899999999956
0.3779810000000019
0.2592895000000013
0.010729999999998796
0.10307200000000094
0.06017649999999719
0.11078150000000164
0.026596000000001396
0.0116695
0.04483849999999734
0.45360000000000156
0.235851499999999
0.30607000000000184
0.01662899999999823
0.06444550000000149
0.0311074999999974
0.2904750000000007
0.11240349999999921
0.108052500000003
0.09463249999999945
0.12036349999999985
0.15096600000000038
0.05088349999999764
0.271726000000001
0.10456399999999988
