0.3380970000000003
0.4686667499999997
0.08321100000000037
0.8496164999999998
0.0337379999999996
0.08997750000000071
0.04600949999999937
0.03188324999999992
0.0521167500000006
0.047956499999999735
0.010164750000000389
0.01807499999999962
0.11171400000000009
0.04170974999999988
0.4285034999999997
0.1221502499999998
0.2784645000000001
0.1105665000000009
0.0631769999999996
0.06431699999999907
0.15521925000000003
0.0379927500000008
0.09379500000000007
0.1036432499999993
0.22585800000000056
0.19028699999999965
0.10562475000000049
0.0962032500000003
0.1794217499999995
0.2446110000000008
0.05692724999999932
0.05988675000000043
0.2002537499999999
0.14379674999999992
0.004913249999999536
0.09354674999999979
0.23369100000000032
0.03875625000000049
0.0354082499999997
0.12475650000000016
0.19323149999999956
0.04079250000000023
0.07748474999999999
0.05358224999999983
0.18033450000000073
1.1558017500000002
0.33245849999999955
0.03308475000000044
0.1375372499999994
0.06455399999999933
0.40451250000000094
0.41311574999999934
0.02142225000000053
0.09459750000000078
0.11539124999999828
0.040467750000001246
0.05316674999999904
0.07535775000000022
0.158709
0.06044849999999968
0.20131800000000055
0.44413124999999987
0.024578250000001134
0.14499074999999984
0.08126925000000007
0.09390149999999942
0.15722850000000044
0.04938449999999861
0.06100500000000153
0.2179582499999988
0.023966250000000855
0.011298749999998137
0.53743725
0.3131242500000013
0.2175015000000009
0.12492899999999807
0.16217475000000192
0.3658492500000001
0.8481090000000009
0.06140774999999721
0.41696175000000224
0.22008525000000034
0.11726625000000013
0.14805299999999733
0.2734987500000017
0.10112924999999962
0.33231825000000015
0.17480850000000103
0.1369170000000004
0.32885174999999833
0.4933627499999993
0.20580525000000094
0.05120549999999824
0.4424152499999998
0.15183675000000108
0.09826125000000019
0.05566424999999953
0.12171599999999927
0.0157740000000004
0.11823525000000146
0.28821075000000107
0.8531459999999988
0.07709099999999935
0.1809510000000003
0.10788900000000012
0.2619802500000006
