0.052999999999999936
0.133
0.03200000000000003
0.20999999999999996
0.24599999999999955
0.04600000000000026
0.06099999999999994
0.09999999999999964
0.038000000000000256
0.07399999999999984
0.21700000000000053
0.1719999999999997
0.020000000000000462
0.0129999999999999
0.1899999999999995
0.30799999999999983
0.4670000000000005
0.019999999999999574
0.3879999999999999
0.051000000000000156
0.020999999999999908
0.2010000000000005
0.09500000000000064
0.07299999999999862
0.16699999999999982
0.02000000000000135
0.22199999999999953
0.05799999999999983
0.13000000000000078
0.023999999999999133
0.21700000000000053
0.10999999999999943
0.06099999999999994
0.15000000000000036
0.05799999999999983
0.1869999999999994
0.13500000000000156
0.04299999999999926
0.054999999999999716
0.06600000000000072
0.15199999999999925
0.14300000000000068
0.21199999999999974
0.13599999999999923
0.0470000000000006
0.2710000000000008
0.05699999999999861
0.33500000000000085
0.2159999999999993
0.08000000000000007
0.21799999999999997
0.33200000000000074
0.07600000000000051
0.1739999999999995
0.07600000000000051
0.08399999999999963
0.4399999999999995
0.34500000000000064
0.09299999999999997
0.1280000000000001
0.1169999999999991
0.19100000000000072
0.05299999999999905
0.3550000000000004
0.27500000000000036
0.0909999999999993
0.24600000000000044
0.21499999999999986
0.07699999999999996
0.07099999999999973
0.04400000000000048
0.4469999999999992
0.03500000000000014
0.18700000000000117
0.22799999999999798
0.17900000000000205
0.14099999999999824
0.1910000000000025
0.04399999999999693
0.08900000000000219
0.2270000000000003
0.12899999999999778
0.028999999999999915
0.0400000000000027
0.030999999999998806
0.03999999999999915
0.16499999999999915
0.35600000000000165
0.254999999999999
0.48400000000000176
0.06599999999999895
0.24399999999999977
0.03900000000000148
0.4710000000000001
0.29199999999999804
0.08600000000000207
0.02499999999999858
0.365000000000002
0.5429999999999993
0.09299999999999997
0.2989999999999995
0.4469999999999992
0.3780000000000001
0.07600000000000051
0.35300000000000153
0.2069999999999972
0.31700000000000017
0.1960000000000015
0.21499999999999986
0.08399999999999963
0.08899999999999864
0.10700000000000287
0.28699999999999903
0.1039999999999992
0.14000000000000057
0.11599999999999966
0.027999999999998693
0.06900000000000261
0.04400000000000048
0.1339999999999968
0.08800000000000097
0.2289999999999992
