0.20340000000000025
0.3437999999999999
0.6086999999999998
0.046500000000000874
0.6673
0.5730999999999993
0.5581000000000005
0.1603999999999992
0.09330000000000105
0.1205999999999996
0.35100000000000087
0.1269999999999989
0.11270000000000024
0.0475999999999992
0.0387000000000004
0.21820000000000128
0.5406999999999993
0.010999999999999233
0.049000000000001265
0.09939999999999927
0.07409999999999961
0.07210000000000072
0.07949999999999946
0.034600000000001074
0.09209999999999852
0.10410000000000075
0.2635000000000005
0.04269999999999996
0.3064
0.49409999999999954
0.5211000000000006
0.03819999999999979
0.4222999999999999
0.3186
0.16089999999999982
0.4590999999999994
0.008100000000000662
0.01890000000000036
0.11979999999999968
0.18979999999999997
0.04589999999999961
0.05799999999999983
0.1720000000000006
0.015000000000000568
0.5446999999999989
0.016600000000000392
0.09229999999999983
0.877600000000001
0.13049999999999962
0.03110000000000035
0.11289999999999978
0.4219999999999988
0.014800000000001035
0.21140000000000114
0.07489999999999952
0.11159999999999926
0.3791000000000011
0.10159999999999769
0.0660000000000025
0.5765999999999991
0.013099999999997891
0.1880000000000024
0.10919999999999774
0.007600000000000051
0.1451000000000029
0.04229999999999734
0.036599999999999966
0.3083000000000027
0.056400000000000006
0.1142000000000003
0.03859999999999886
0.17539999999999978
0.20649999999999835
0.07640000000000313
0.21709999999999852
0.05339999999999989
0.14000000000000057
0.22769999999999868
0.05969999999999942
0.10630000000000095
0.8514000000000017
0.13189999999999813
0.04230000000000089
0.29749999999999943
0.0522999999999989
0.3066000000000031
0.19349999999999667
0.04660000000000153
0.09570000000000078
0.21729999999999805
0.24010000000000176
0.05889999999999773
0.11200000000000188
0.15970000000000084
0.10149999999999793
0.41520000000000223
0.0910999999999973
0.11980000000000146
0.5002999999999993
0.04310000000000258
0.10879999999999868
0.04129999999999967
