0.06718600000000041
0.20813299999999924
0.6102080000000001
0.6968690000000004
0.10109000000000012
0.024960999999999345
0.04747900000000005
0.17965500000000034
0.3382329999999998
0.03510800000000014
0.0809709999999999
0.11459200000000003
0.2921300000000002
0.24262099999999975
0.29201100000000046
0.03605899999999984
0.04144699999999979
0.10032200000000024
0.1707579999999993
0.023907000000001233
0.16680099999999953
0.14819899999999997
0.20414899999999925
0.12697100000000106
0.13841699999999868
0.05603300000000111
0.03355499999999978
0.034561000000000064
0.14437199999999883
0.07319400000000087
0.05502099999999999
0.09944999999999915
0.21300500000000078
0.5687789999999993
0.12203500000000034
0.049139000000000266
0.10297899999999949
0.031035000000001034
0.025274999999998826
0.0653320000000015
0.09889499999999884
0.07346800000000009
0.6444080000000003
0.010967000000000837
0.23942399999999964
0.16795600000000022
0.1921689999999998
0.16538499999999878
0.03302000000000049
0.0869440000000008
0.23862899999999954
0.09960300000000011
0.24959499999999935
0.10212700000000119
0.21632699999999971
0.16153999999999868
0.12977100000000164
0.17369199999999907
0.2448940000000004
0.2690789999999996
0.0988150000000001
0.10172599999999932
0.07400100000000087
0.07285399999999953
0.10284400000000105
0.10362599999999844
0.36603299999999983
0.38283799999999957
0.2304540000000017
0.45677399999999935
0.08422900000000055
0.028700000000000614
0.5064460000000004
0.4164389999999969
0.033692000000002054
0.0741410000000009
0.23784500000000008
0.19329999999999714
0.13692800000000105
0.04940000000000211
0.0273249999999976
0.007374000000002212
0.03151799999999838
0.29838399999999865
0.06389800000000179
0.6589609999999979
0.08038900000000027
0.027333999999999747
0.5458640000000017
0.13477999999999923
0.8874880000000012
0.052505000000000024
0.11699099999999873
0.15952800000000167
0.04971600000000009
0.10179399999999816
0.06740600000000185
0.09481899999999754
0.10371600000000214
0.4979619999999976
0.3083490000000033
0.3240879999999997
0.18885899999999722
0.5660110000000032
0.11651999999999774
0.05288600000000088
0.3127469999999981
0.03849800000000059
0.4078720000000011
0.06797599999999804
