0.13857350000000057
0.4874559999999999
0.14897124999999978
0.5519490000000005
0.04742999999999942
0.027877500000000666
0.3405182499999997
0.07508874999999993
0.2204567500000003
0.38644374999999975
0.03462500000000013
0.12370249999999938
0.09167325000000037
0.02201249999999977
0.17033575000000045
0.012579750000000445
0.27692174999999963
0.0221222499999989
0.3554725000000012
0.11164774999999949
0.02086100000000002
0.6697129999999998
0.05158424999999944
0.7764190000000006
0.11904924999999977
0.31813750000000063
0.10062025000000041
0.33339749999999846
0.06078500000000098
0.029907249999999053
0.3773125000000004
0.48874574999999965
0.47814650000000114
0.22908849999999958
0.16401225000000075
0.058132249999999885
0.042902749999999656
0.44756149999999906
0.0339747500000005
0.06683725000000074
0.1259352499999995
0.2222919999999995
0.2819167500000006
0.7678095000000003
0.017679749999999217
0.24332075000000053
0.07115074999999926
0.7057362499999993
0.04752875000000145
0.11030124999999913
0.13206849999999903
0.48931650000000104
0.09726200000000063
0.03265299999999982
0.14532325000000057
0.18741899999999845
0.4054409999999997
0.1963159999999995
0.12091050000000081
0.455840000000002
0.10745999999999967
0.25491024999999823
0.02278749999999974
0.11548275000000174
0.05445049999999796
0.15900975000000273
0.10816824999999852
0.06335250000000059
0.19566700000000026
0.16448850000000093
0.3125627499999979
0.27904200000000046
0.4097289999999987
0.03949300000000022
0.4438960000000023
0.16265849999999915
0.13260024999999942
0.1815042499999997
0.0247780000000013
0.09976675000000057
0.43037749999999875
0.08788075000000006
0.04869474999999923
0.023385250000000468
0.17526074999999963
0.5674670000000006
0.2109362499999996
0.08450824999999895
0.10072150000000235
0.28665149999999784
0.1475545000000018
0.03470624999999927
0.32280899999999946
0.015239000000001113
0.19919649999999933
