0.015629399999999904
0.08680980000000016
0.10614619999999952
0.010367300000000412
0.008471000000000117
0.3068874999999993
0.18102330000000055
0.08957999999999977
0.1584728000000002
0.060137899999999966
0.06524570000000018
0.1567811999999993
0.13271920000000037
0.10080810000000007
0.06786020000000015
0.07935520000000018
0.07360589999999956
1.3260470000000009
0.17874719999999833
0.041889000000001175
0.3822663999999989
0.44716680000000153
0.14486489999999996
0.11188189999999842
0.018527999999999878
0.021666800000000208
0.1741690000000009
0.201362099999999
0.44132830000000034
0.4136672000000008
0.2639081000000001
0.049249099999999046
0.07022140000000121
0.05221139999999913
0.31169329999999995
0.28146180000000065
0.3039253999999989
0.4157107
0.0747990000000005
0.14832649999999958
0.007831400000000599
0.0637831999999996
0.22024940000000015
0.01712129999999945
0.31094299999999997
0.10439709999999991
0.04079270000000079
0.15918360000000042
0.1099926
0.032640499999999406
0.06242650000000083
0.06246829999999903
0.054354200000000574
0.030375199999999936
0.030822399999999917
0.9911963000000004
0.3384495999999988
0.06948940000000015
0.1472218000000005
0.15350040000000043
0.2633531999999992
0.47296200000000077
0.05717290000000119
0.10520459999999687
0.517939400000003
0.7646732999999983
0.3770181999999984
0.054401300000002095
0.11491020000000063
0.21976529999999883
0.08212890000000073
0.10787200000000041
0.10199749999999952
0.25373989999999935
0.025849999999998374
0.600755300000003
0.0036999999999984823
0.27997789999999867
0.08558760000000021
0.15752490000000208
0.01600039999999936
0.17822029999999955
0.44072209999999856
0.049978800000001655
0.045830899999998564
0.04964960000000218
0.045860599999997476
0.21068560000000147
0.25797890000000123
0.18891509999999911
0.11245879999999886
0.1912307999999996
0.11932630000000088
0.8927379000000002
0.08673530000000085
0.11860399999999771
0.470314400000003
0.05451429999999746
0.09837510000000194
0.09089469999999977
0.10094949999999869
0.19689140000000194
0.2245556999999998
0.10857859999999775
