0.05897600000000036
0.1619204999999999
0.031225000000000058
0.7593800000000002
0.01166549999999944
0.04002450000000035
0.28457299999999996
0.13566349999999971
0.6700230000000005
0.15328300000000006
1.1907509999999997
0.8243659999999995
0.12091299999999983
0.7709480000000006
0.07630299999999934
0.2954249999999998
0.17423199999999994
0.3300255000000014
0.2451004999999995
0.07372550000000011
0.15859449999999953
0.08315649999999941
0.6708040000000004
0.05640849999999986
0.12589050000000057
0.1184049999999992
0.15411400000000164
0.07608149999999902
0.4937994999999997
0.18027450000000123
0.12891799999999876
0.3885734999999997
0.18974150000000023
0.01514599999999966
0.40211800000000153
0.1784524999999988
0.4863894999999996
0.12282949999999992
0.05768850000000114
0.24373199999999962
0.11935800000000008
0.10163049999999885
0.10034650000000056
0.14734750000000219
0.06978099999999898
0.09440550000000059
0.12567499999999754
0.3558304999999997
0.172166500000003
0.2526779999999995
0.08234500000000011
0.1169659999999979
0.5889115000000018
0.1252929999999992
1.063689
0.1199210000000015
0.05049349999999819
0.17367249999999856
0.09945100000000195
0.13541100000000128
0.3098939999999999
0.13623499999999922
0.2089964999999978
0.32193499999999986
0.025773000000000934
0.23340800000000073
0.18790599999999813
0.31967550000000244
0.040693999999998454
0.20805900000000221
0.06976099999999974
0.20784249999999815
0.11140900000000187
0.21394549999999768
0.049949000000001575
0.09922650000000033
0.12555599999999956
0.519400000000001
0.18339699999999937
0.08706049999999976
0.1731499999999997
0.3163899999999984
0.17360000000000042
0.24076000000000164
0.04691049999999919
