0.07996800000000004
0.26555850000000003
0.09406125000000021
0.3864997500000005
0.09058649999999968
0.15186149999999987
0.37436325000000004
0.19478550000000006
0.05452049999999975
0.5382389999999999
0.13292850000000023
0.11395725000000034
0.1191494999999998
0.2097232499999997
0.09102975000000058
0.23673449999999985
0.21999375000000043
0.14820224999999887
0.008748750000000527
0.12412875000000057
0.24857324999999975
0.02855249999999998
0.6091154999999997
0.09521100000000082
0.038815500000000114
0.033400499999999056
0.09475500000000103
0.09912224999999886
0.12671175000000012
0.1613287500000009
0.08320424999999965
0.04096350000000015
0.1663680000000003
0.5124869999999984
0.07756725000000131
0.3246172499999993
0.08271975000000076
0.2029702499999999
0.10306349999999931
0.24191324999999964
0.4275652500000007
0.25533300000000025
0.5440207499999996
0.03622125000000054
0.6308910000000001
0.10174874999999872
0.11375400000000013
0.07813200000000009
0.01940625000000118
0.08853524999999962
0.23365725000000026
0.06603299999999912
0.19701825000000106
0.3063412499999991
0.1432057499999999
1.0716382500000012
0.09125249999999951
0.2955734999999997
0.04321200000000047
0.1169159999999998
0.09647100000000108
0.2463854999999988
0.0684180000000012
0.16867574999999846
0.09597074999999933
0.16037024999999971
0.08618325000000127
0.3275347499999981
0.2502675000000032
0.019313999999997833
0.077604749999999
0.133990500000003
0.14042324999999778
0.0848639999999996
0.02930250000000001
0.010481999999999658
0.18376875000000226
1.0856572500000006
0.5679644999999987
0.13628775000000104
0.27358199999999755
0.2141557500000033
0.13003499999999946
0.10160025000000061
0.5026844999999973
0.01927650000000014
0.17837700000000112
0.3232065000000013
0.17287949999999697
0.024343500000000518
0.033872250000001713
0.06256949999999861
0.03487275000000167
0.3415297499999994
0.04244100000000017
0.019193250000000717
0.634114499999999
0.27257849999999806
0.18564150000000268
0.048035249999998086
0.10145250000000061
0.10343250000000026
0.03966674999999853
0.024061500000001956
0.05733599999999939
