0.036930000000000796
0.03990899999999975
0.06231299999999962
0.4024770000000002
0.055905000000000094
0.06556799999999985
0.1950240000000001
0.12288600000000027
0.2916869999999996
0.3978210000000004
0.20815800000000007
0.07900799999999997
0.14059199999999983
0.37821000000000016
0.15243899999999933
0.1130160000000009
0.017210999999999643
0.1026360000000004
0.02301299999999884
0.02492699999999992
0.0631800000000009
0.14478300000000033
0.07839899999999922
0.049428000000000694
0.048005999999999105
0.10428000000000104
0.35213099999999997
0.19691100000000006
0.17989799999999967
0.12547200000000025
0.025007999999999697
0.012933000000000305
0.09359399999999951
0.06719099999999933
0.34508399999999995
0.14964900000000014
0.051618000000001274
0.663905999999999
0.3873329999999999
0.08645100000000028
0.685962
0.11969099999999955
0.5749050000000011
0.08306099999999894
0.7094010000000015
0.24534899999999915
0.03061499999999917
0.40414500000000153
0.20051099999999877
0.23797800000000002
0.2569410000000012
0.09050699999999878
0.1620930000000005
0.6090300000000006
0.26889899999999933
0.28923599999999894
0.0839730000000003
0.2988660000000003
0.05786700000000167
0.044031000000000375
0.18196199999999862
0.0818070000000013
0.3064619999999998
0.16280399999999773
0.39051600000000164
0.16740899999999925
0.15341100000000196
0.1251839999999973
0.1617720000000027
0.04575599999999724
0.26815500000000014
0.11864100000000022
0.23850000000000193
0.07048199999999838
0.18838799999999978
0.03489899999999935
0.22039200000000037
0.266451
0.11234100000000069
0.7928549999999994
0.03689100000000067
0.05004900000000134
0.2214659999999995
0.03142199999999917
0.36337800000000087
0.14791199999999805
0.06805200000000156
0.28531500000000065
0.4098210000000009
0.011402999999997832
0.10292100000000204
0.19442399999999793
0.0060330000000021755
0.027485999999999677
0.2676419999999986
0.014123999999998915
0.14173200000000108
0.16606799999999922
0.04105200000000053
0.06596400000000102
0.22722899999999768
0.08555100000000238
0.2301089999999988
0.07584600000000208
0.3254819999999974
0.06024000000000029
0.09347700000000003
0.014295000000000613
0.11916599999999988
0.08838899999999938
