0.1403369999999997
0.13531200000000076
0.11636399999999991
0.04923300000000008
0.07895399999999952
0.1476810000000004
0.18152999999999953
0.0907650000000002
0.6286110000000003
0.31748699999999985
0.15661799999999992
0.28648200000000035
1.1929920000000003
0.08553899999999892
0.03266100000000094
0.2513550000000002
0.595616999999999
0.02243999999999957
0.2502000000000013
0.253266
0.12509399999999893
0.15491700000000108
0.3417060000000003
0.23311499999999974
0.24159000000000042
0.07739099999999866
0.04011000000000031
0.12607200000000063
0.030083999999998667
0.04286400000000157
0.04562400000000011
0.09478199999999859
0.2256450000000001
0.7406310000000005
0.28049999999999997
0.026051999999999964
0.00977100000000064
0.31266899999999964
0.13281300000000051
0.38230199999999925
0.2666699999999995
0.051135000000000375
0.4307370000000006
0.18466800000000028
0.2354459999999996
0.5533889999999992
0.15592499999999987
0.04833600000000082
0.24924900000000072
0.8757719999999978
0.024252000000000606
0.11866799999999955
0.24977100000000263
0.08650199999999941
0.23003100000000032
0.054971999999999355
0.1513920000000013
0.1086149999999968
0.01646700000000223
0.2789760000000001
0.1680899999999994
0.013521000000000782
0.16743599999999859
0.13431600000000188
0.39245099999999766
0.15757800000000088
0.19899600000000106
0.17596499999999793
0.16001999999999938
0.052649999999999864
0.1631820000000026
0.032571000000000794
0.2142179999999989
0.15706799999999888
0.40199400000000196
0.10951799999999778
0.18982500000000258
0.023420999999999026
0.16711799999999855
0.2196479999999994
0.04568100000000186
0.054956999999998146
0.02505299999999977
0.28298400000000257
0.13812899999999928
0.09939599999999871
0.35721300000000156
0.027422999999998865
0.2592540000000021
0.5242949999999986
0.0719069999999995
0.015872999999999138
0.31012500000000287
0.10893299999999684
0.44016300000000186
0.11281500000000122
0.19318499999999972
0.1337699999999984
0.0460470000000015
0.1506869999999978
