0.2388892500000006
0.22698899999999966
0.3119397499999996
0.5656629999999998
0.15272250000000032
0.18460425000000047
0.1567167499999993
0.2786325000000005
0.17803650000000015
0.1596997499999997
0.04281199999999963
0.04770500000000055
0.15648474999999973
0.08016924999999997
0.08407425000000046
0.06143500000000035
0.08359124999999956
0.09655799999999992
0.015802749999998866
0.05994700000000108
0.1797954999999991
0.21454175000000042
0.01899550000000083
0.3168495
0.21567074999999925
0.14408249999999967
0.3377705000000013
0.05981999999999843
0.21335750000000075
0.09438575000000071
0.14448324999999862
0.14022824999999983
0.16102050000000112
0.027851999999999322
0.17192074999999996
0.3588582500000008
0.11594999999999978
0.013900500000000093
0.32480325000000043
0.047568249999999423
0.09420674999999967
0.8076597500000009
0.04010274999999908
0.05161649999999973
0.16012049999999967
0.14058849999999978
0.05049425000000163
0.27485174999999984
0.15645050000000005
0.1294879999999985
0.0172370000000015
0.08863999999999983
0.3076635000000003
0.031672499999999104
0.5495429999999999
0.7087450000000004
0.506019499999999
0.06750775000000075
0.00392225000000046
0.10271649999999966
0.08266274999999901
0.06937250000000184
0.39931649999999763
0.1609847500000008
0.1055224999999993
0.27287825000000154
0.0639687500000008
0.13354899999999859
0.11150775000000124
0.03965200000000024
0.023746749999997263
0.09882950000000079
0.1720757500000012
0.33021124999999785
0.5083322500000023
0.03391174999999791
0.1942092500000001
0.9531310000000026
0.1488322499999981
0.33445375000000155
0.007621749999998428
0.01862649999999988
0.01604625000000226
0.1321387499999993
0.1185104999999993
0.058471499999999565
0.17036600000000135
0.046233499999999594
0.263380999999999
0.03785050000000112
0.6511942499999996
0.26556599999999975
0.34047874999999905
0.13550724999999986
0.16163600000000145
0.15541100000000085
0.05419174999999754
0.7280107499999993
0.08240425000000329
0.1751612499999986
0.16822425000000152
0.33524124999999927
0.26182825000000065
0.2466514999999987
0.026025999999998106
