0.18361500000000053
0.39212500000000006
0.16690899999999953
0.1679820000000003
0.15545899999999957
0.6226970000000005
0.0775869999999994
0.25898600000000016
0.13658600000000032
0.03803299999999954
0.03422200000000064
0.09539600000000004
0.4414150000000001
0.11665900000000029
0.05410899999999863
0.6413480000000007
0.15077299999999916
0.10569399999999973
0.3819360000000014
0.368072999999999
0.24993599999999994
0.05404400000000109
0.3940279999999987
0.5139469999999999
0.1495470000000001
0.09061900000000023
0.06489299999999965
0.04925600000000152
0.5343149999999994
0.08547699999999914
0.07488000000000028
0.010917000000000954
0.33676399999999873
0.028824000000000183
0.07535400000000081
0.1730799999999988
0.44060900000000025
0.12306799999999996
0.3995370000000005
0.1436200000000003
0.23951399999999978
0.051721999999999824
0.3560180000000006
0.5347809999999988
0.0655380000000001
0.10995199999999983
0.20774399999999993
0.020591000000001358
0.3702709999999989
0.05915200000000098
0.044763999999998916
0.20131800000000233
0.17826499999999967
0.16240099999999913
0.12111699999999814
0.2687170000000023
0.1740809999999975
0.41248600000000124
0.09053000000000111
0.2608739999999976
0.029640000000000555
0.1541390000000007
0.08946399999999954
0.07241799999999898
0.027409000000002237
0.11885699999999844
0.04876000000000147
0.04391999999999996
0.5612220000000008
0.23678199999999805
0.13977600000000123
0.3843519999999998
0.11813899999999933
0.20849700000000126
0.13045899999999833
0.22745100000000207
0.21046799999999877
0.03800899999999885
0.0226360000000021
0.06135399999999791
0.2285640000000022
0.07652999999999821
0.17402700000000237
0.7643359999999966
0.5314120000000031
0.16075099999999765
0.4762360000000001
0.045985999999999194
0.08537300000000059
0.1358850000000018
0.5187069999999991
0.1691439999999993
0.01241900000000129
0.04852699999999999
0.014001000000000374
0.07746200000000059
0.20218899999999707
0.07589199999999963
0.470913000000003
