0.18245250000000013
0.11911275000000021
0.038270999999999944
0.09696824999999976
0.03943350000000034
0.006689500000000237
0.05582599999999971
0.14740100000000034
0.04031275000000001
0.3554959999999996
0.4777585000000002
0.2797357499999995
0.16086199999999984
0.03630750000000038
0.08762974999999962
0.16449075000000057
0.43659674999999964
0.1621769999999998
0.32991800000000104
0.16599899999999934
0.16652224999999987
0.10932299999999984
0.5644165000000001
0.04000925000000066
0.04555349999999869
0.5503280000000004
0.7479840000000006
0.2008624999999995
0.04484275000000082
0.17611374999999896
0.6497402500000007
0.05820549999999969
0.10149125000000048
0.11431400000000025
0.08840499999999984
0.1618234999999988
0.05789900000000081
0.07191849999999889
0.09948900000000016
0.10085124999999984
0.08061350000000012
0.018055000000000376
0.05147350000000017
0.0276777500000005
0.9080422499999994
0.27350024999999967
0.423527
0.08290024999999979
0.3080052500000008
0.17265474999999952
0.053510250000000426
0.09402225000000008
0.19206950000000056
0.24759650000000022
0.23617899999999992
0.08790299999999895
0.055852500000000305
0.05486325000000036
0.22733150000000002
0.24376875000000098
0.5932987499999989
0.13112375000000043
0.31025849999999977
0.0875552500000012
0.1382212499999973
0.7155900000000024
0.4992644999999989
0.04914450000000059
0.042078999999997535
0.7273589999999999
0.10884200000000277
0.03914699999999982
0.1420749999999984
0.20948674999999994
0.1178574999999995
0.06991600000000275
0.14211199999999735
0.15398500000000226
0.23823499999999953
0.13845474999999752
0.2380537500000024
0.1303037499999995
0.1455769999999994
0.14901125000000093
0.013010999999998774
0.4292535000000015
0.16374799999999823
0.24564499999999967
0.16189250000000044
0.19455549999999988
0.05015875000000136
0.12976049999999972
0.11728649999999874
0.11512425000000093
0.5245645000000003
0.17093625000000046
0.10081449999999847
0.2798160000000003
0.41979075000000066
0.10085099999999869
