0.3789575000000003
0.1790294999999995
0.0849707500000001
0.019022500000000164
0.33234174999999944
0.10681025000000055
0.1428427499999998
0.6862849999999998
0.38072574999999986
0.19580825000000068
0.1540859999999995
0.3814692500000003
0.2638747499999994
0.013152500000000344
0.06032174999999995
0.8707422499999993
0.252834
0.04980600000000024
0.1381047500000001
0.14958649999999984
0.11190500000000014
0.08446499999999979
0.03530899999999981
0.18776800000000016
0.8984222500000012
0.19304474999999854
0.32343550000000043
0.08373549999999952
0.5501150000000017
0.10998199999999869
0.010899249999999583
0.058203750000000554
0.11459025000000089
0.18918374999999976
0.06823125000000019
0.10876149999999996
0.14209774999999958
0.2390932499999998
0.32797725
0.5132707500000002
0.1915274999999994
0.17402949999999962
0.14532375000000108
0.15573574999999984
0.09322275000000069
0.09824174999999968
0.24352899999999877
0.22460799999999992
0.043348500000000456
0.1048574999999996
0.3275439999999996
0.1281055000000002
0.28810775000000177
0.05996099999999771
0.04575400000000229
0.03216649999999888
0.1956389999999999
0.5868125000000006
0.1463694999999987
0.05190424999999976
0.20914100000000246
0.10012624999999886
0.08219400000000121
0.21073724999999754
0.10145200000000187
0.1852122499999993
0.45742525
0.05849024999999841
0.08702175000000167
0.28828874999999954
0.10350675000000109
0.21607824999999892
0.2903544999999994
0.5715165000000013
0.18214249999999765
0.21678325000000243
0.055250749999999016
0.13299325000000195
0.22710074999999819
0.08469325000000083
0.17093249999999927
0.06496050000000153
0.2677614999999989
0.04268874999999994
0.4271527500000012
1.1638989999999971
0.08465975000000014
0.42979700000000065
0.18223000000000056
0.12639099999999814
0.06295700000000082
0.014105250000000069
0.18485300000000038
0.06653225000000162
0.3056865000000002
