0.028228000000000364
0.052343999999999724
0.13351999999999986
0.26858700000000013
0.12019100000000016
0.1927159999999999
0.14496299999999973
0.1707800000000006
0.7189199999999998
0.06035499999999949
0.016939000000000703
0.057589999999999364
0.9491489999999994
0.3909540000000007
0.08222100000000054
0.061755999999999034
0.09486900000000098
0.6664440000000003
0.04455199999999948
0.32309699999999886
0.11410700000000062
0.1649250000000002
0.13507899999999928
0.9166230000000013
0.053415999999998576
0.15847100000000047
0.2030770000000004
0.15725199999999973
0.23516000000000048
0.5378439999999998
0.5211349999999992
0.03220700000000143
0.6316859999999984
0.5366560000000007
0.01934400000000025
0.10359300000000005
0.0602999999999998
0.15621699999999983
0.04660900000000012
0.020198000000000604
0.2048419999999993
0.31540500000000016
0.28637600000000063
0.5586310000000001
0.03256499999999818
0.028597000000001316
0.14012199999999808
0.3836810000000028
0.30610499999999874
0.07672499999999971
0.24788300000000163
0.011293999999999471
0.06154099999999829
0.23645600000000044
0.07388100000000009
0.2238579999999999
0.6159700000000008
0.07903699999999958
0.1170189999999991
0.11419000000000068
0.10642700000000005
0.06255099999999914
0.15526600000000101
0.027837000000001666
0.5621789999999969
0.7703620000000022
0.015171999999999741
0.05624299999999849
0.061002999999999474
0.3644810000000014
0.2642400000000009
0.4678450000000005
0.05774800000000013
0.9521679999999968
0.029626000000000374
0.09318700000000035
0.31224900000000133
0.16700799999999916
0.08851399999999998
0.047678999999998695
0.06425100000000228
0.20641799999999932
0.014983000000000857
0.329504
0.43730799999999803
0.07972200000000029
0.08954300000000259
0.12166999999999817
0.12272099999999853
