0.25712700000000055
0.0804330000000002
0.05537199999999931
0.09776300000000049
0.02178799999999992
0.0353159999999999
0.02149200000000029
0.3996139999999997
0.12939200000000017
0.22789500000000018
0.24347399999999997
0.25937499999999947
0.1254200000000001
0.46092200000000005
0.12124399999999991
0.197724
0.13687700000000014
0.09506299999999968
0.3844309999999993
0.1085710000000013
0.1596890000000002
0.198402999999999
0.030870000000000175
0.13916299999999993
0.12171900000000058
0.060063999999998785
0.08200300000000027
0.2959750000000003
0.1751870000000011
0.05468599999999846
0.11921900000000107
0.17392300000000027
0.10181299999999993
0.4352640000000001
0.7162809999999986
0.25510500000000036
0.1314580000000003
0.27677199999999935
0.09540600000000055
0.08366799999999941
0.17913700000000077
0.029804000000000386
0.30020000000000024
0.10097399999999901
0.26272100000000087
0.33386099999999885
0.08898899999999976
0.30003500000000116
0.31577500000000036
0.08409799999999912
0.06018199999999929
0.056743000000000876
1.0027609999999996
0.06247899999999973
0.6561330000000005
0.05368700000000004
0.10119999999999862
0.32515800000000183
0.14490800000000092
0.07943899999999715
0.11855900000000119
0.34842700000000093
0.023382999999999043
0.3407820000000008
0.08401199999999776
0.18504000000000076
0.11262299999999925
0.1344360000000009
0.19959599999999966
0.13594400000000206
0.42270899999999756
0.49697100000000205
0.3279949999999978
0.058157000000001347
0.0564309999999999
0.1772980000000004
0.16884699999999953
0.017583000000001903
0.044393999999996936
0.06572900000000104
0.5134509999999999
0.07891300000000001
0.14316900000000032
0.19056700000000149
0.09510299999999816
0.023672000000001248
0.055326000000000874
0.2975899999999996
0.024936999999997767
0.026021000000000072
0.30613699999999966
0.09249200000000002
0.17419399999999996
0.3783530000000006
0.03625800000000012
0.07196800000000181
0.1964359999999985
0.3225820000000006
0.18445900000000037
0.16496399999999767
0.025923999999999836
0.032567000000000235
0.21453200000000194
0.09849499999999978
0.08945599999999843
0.20303300000000135
0.07833799999999869
0.05041000000000295
0.13220699999999752
0.11894000000000204
0.02995199999999798
0.035634999999999195
