0.3423842500000003
0.035615999999999204
0.03276400000000024
0.5731405
0.039659750000000216
0.1920219999999997
0.025328250000000274
0.12616774999999958
0.06041050000000059
0.2086617500000001
0.5164782499999996
0.4154637499999998
0.11413925000000003
0.5833527499999995
0.08663225000000097
0.10416075000000014
0.02508624999999931
0.29076200000000085
0.0942425
0.005948249999999433
0.9652447500000001
0.1183999999999994
0.40080649999999984
0.2739039999999999
0.19155049999999996
0.2637962500000004
0.010542250000000308
0.16150900000000057
0.28313774999999985
0.2997645000000002
0.06781374999999912
0.11887549999999969
0.16895925000000034
0.11416224999999969
0.29331375000000115
0.13140299999999883
0.43265625000000085
0.2402982499999986
0.06808825000000063
0.032038749999999894
0.12935099999999977
0.19888749999999966
0.17624250000000075
0.08047700000000013
0.14368175000000072
0.09210099999999954
0.0925092499999991
0.12780975000000083
0.39649975000000026
0.06566924999999912
0.21322975
0.10624074999999955
0.04609300000000083
0.12240800000000007
0.37633974999999964
0.08876024999999998
0.362908749999999
0.09897550000000166
0.008718749999999886
0.09819699999999898
0.18551800000000185
0.2737014999999978
0.008266250000001918
0.21684750000000008
0.01610924999999952
0.10555124999999776
0.3585572500000005
0.09678949999999986
0.0707614999999997
0.6153527500000031
0.20676574999999886
0.11145949999999871
0.40074200000000104
0.33663225000000097
0.19100999999999857
0.15844450000000165
0.31490024999999733
0.1630810000000018
0.02890299999999968
0.04398624999999967
0.06070074999999875
0.18229300000000137
0.3416592499999993
0.2916655000000006
0.146253999999999
0.5558695
0.2699430000000014
0.2903877500000007
0.15936349999999777
0.06942425000000085
0.049425500000001676
0.13585774999999956
0.011764749999997548
0.10805600000000126
0.023492000000000957
0.23399449999999788
0.04726125000000181
0.3717372499999989
0.1698100000000018
0.08776675000000012
0.1034627499999985
0.10349649999999855
0.11159475000000185
0.03163424999999975
0.04864974999999916
0.07839875000000163
0.16201824999999914
