0.16220874999999957
0.055578750000000454
0.2527437499999996
0.15464650000000013
0.17311250000000022
0.2782449999999992
0.16710000000000047
0.29846225000000004
0.023406999999999734
0.01236375000000045
0.19647024999999996
0.19868024999999978
0.09862500000000018
0.3674995000000001
0.10945699999999992
0.3204595000000001
0.09173574999999978
0.31721924999999906
0.09219250000000123
0.20019025000000035
0.5565114999999992
0.5859727499999998
0.02888274999999929
0.2088517500000009
0.10529724999999956
0.15421749999999967
0.028935249999999968
0.04232525000000109
0.27746799999999894
0.1161910000000006
0.14297499999999985
0.4536382500000009
0.1993659999999995
0.026527999999998997
0.387447250000001
0.4110744999999998
0.12519400000000047
0.12957149999999906
0.16201000000000043
0.1072255000000002
0.059090250000000566
0.03254149999999889
0.23062900000000042
0.03212174999999995
0.10140374999999935
0.013128749999999911
0.1611842499999998
0.038936000000001414
0.16366949999999925
0.1667512500000008
0.1257085
0.4188149999999986
0.24248150000000024
0.7002787500000007
0.05690699999999893
0.1737182500000003
0.7829594999999987
0.021869250000001728
0.09755074999999991
0.4280255000000004
0.276516749999999
0.3035774999999994
0.2578485000000015
0.5342009999999995
0.2948862500000011
0.1210477499999989
0.15310750000000084
0.07558350000000047
0.28686025000000015
0.015828499999997803
0.35330550000000116
0.36607899999999916
0.17776350000000107
0.038572999999999524
0.22281525000000002
0.15003875000000022
0.4904907499999993
0.1346980000000002
0.004934500000000952
0.04286300000000054
0.054558499999998844
0.16424950000000038
0.013969750000001113
0.2638772499999966
0.08717425000000034
0.1639400000000002
0.17523350000000093
0.08797475000000077
0.47528025000000085
0.489565749999997
0.3939450000000022
0.5168177499999977
0.1941687500000029
0.19615525000000034
0.06542825000000008
0.14064999999999728
0.05830699999999922
0.2021032500000004
