0.21235800000000005
0.054772500000000335
0.3892804999999999
0.06663260000000015
0.11260029999999954
0.3553166000000001
0.4914554999999998
0.12922719999999988
0.17858220000000014
0.11663420000000002
0.30737030000000054
0.06009709999999924
0.04075780000000062
0.4069194999999999
0.2733597999999997
0.20546979999999948
0.19374610000000025
0.3498070999999996
0.4276375000000012
0.0306962999999989
0.07366410000000023
0.6395232000000011
0.7867336999999992
0.009323600000000098
0.09342750000000066
0.17563700000000004
0.13483369999999972
0.6800724999999996
0.1316360999999997
0.08593500000000098
0.11937059999999988
0.22469229999999918
0.07133460000000014
0.007103999999999999
0.03387999999999991
0.3076693000000006
0.06108399999999925
0.0337815999999993
0.009325300000000425
0.15338389999999968
0.5342301000000003
0.05380960000000101
0.2526944999999987
0.07301270000000137
0.02974449999999962
0.01879049999999971
0.09041320000000042
0.03514790000000012
0.16436730000000033
0.055680699999999916
0.030962199999999385
0.04962800000000023
0.020891199999999444
0.2756495999999995
0.204009000000001
0.13712469999999932
0.10509979999999963
0.09171490000000126
0.12676649999999867
0.12666140000000148
0.02237219999999951
0.13098049999999972
0.016469000000000733
0.13911249999999953
0.07191669999999917
0.15492490000000103
0.05692619999999948
1.1325833000000003
0.13353739999999803
0.05399760000000242
0.7591014999999999
0.05210569999999848
0.06405589999999961
0.05461479999999952
0.08996330000000086
0.42969380000000257
0.11745249999999885
0.41296780000000055
0.21882379999999912
0.220332599999999
0.0695463000000025
0.01805609999999902
0.5750171999999978
0.6383367
0.041915800000001724
0.18090399999999818
0.06604650000000234
0.06316959999999838
0.05663550000000228
0.07628799999999814
0.16547770000000028
0.049815800000001076
0.09839459999999889
0.8987690999999991
0.06903830000000255
0.23063189999999878
0.031535599999998
0.06325000000000003
0.2650683000000029
0.37232959999999693
0.4025330000000018
0.09822300000000084
0.17938039999999944
0.06370180000000047
0.09314389999999761
