0.05026799999999998
0.12624674999999996
0.13246424999999995
0.13790100000000027
0.1261972500000006
0.061255499999999685
0.10044149999999963
0.03893475000000013
0.16236750000000022
0.16156050000000022
0.044963249999999455
0.25993125000000017
0.10048425000000005
0.016767749999999637
0.16863825000000077
0.12980624999999968
0.3267712500000002
0.7658399999999999
0.012788249999999834
0.6102877499999995
0.23878725000000145
0.5346434999999996
0.5558422499999995
0.02211675000000035
0.14331149999999937
0.04989225000000097
0.09257850000000012
0.10514399999999924
0.43358474999999963
0.1225807500000009
0.11644424999999892
0.011765249999999838
0.21328875000000025
0.14432325000000112
0.33224174999999967
0.023176499999999933
0.1016010000000005
0.13914749999999998
0.0817912500000002
0.6886567499999998
0.0605715
0.3322319999999994
0.14770350000000043
0.3073049999999995
0.09120599999999968
0.1267200000000006
0.26296424999999957
0.09234149999999985
0.02955675000000113
0.04592624999999906
0.4199887499999999
0.3309405000000005
0.16024874999999916
0.06702525000000037
0.02770124999999979
0.35155199999999986
0.31867350000000094
0.6116497499999998
0.020600250000001097
0.3858405000000005
0.07255199999999817
0.008599499999998983
0.07454700000000258
0.04421174999999877
0.14351699999999923
0.24369675000000157
0.10125150000000005
0.1932015000000007
0.09736499999999992
0.09476699999999738
0.22823775000000168
0.0348374999999983
0.16811625000000063
0.18159525000000087
0.14149349999999927
0.24001200000000011
0.06721274999999949
0.8184345000000022
0.06373574999999931
0.20035349999999852
0.11991375000000204
0.042414749999998946
0.21286574999999885
0.10866749999999925
0.2686597500000012
0.0167212499999998
0.06504675000000049
0.19334399999999974
0.07225500000000196
0.17739525
0.6244687499999984
0.7361339999999998
0.13904774999999958
0.06365925000000061
0.11881950000000074
1.1057895000000002
0.13047449999999827
0.5449529999999996
0.05990099999999998
0.0506782500000007
