0.04107824999999998
0.27966075000000057
0.055560749999999715
0.11517525000000006
0.46104524999999974
0.30148575000000033
0.010031249999999936
0.25745400000000007
0.29797724999999975
0.12370350000000041
0.0786074999999995
0.0450172499999999
0.2905357500000001
0.22147574999999975
1.1464770000000009
0.17264250000000025
0.3132734999999993
0.0555690000000002
0.09809100000000015
0.17288549999999958
0.021831750000000483
0.08186474999999938
0.1676107499999997
0.08081400000000016
0.21885300000000107
0.017476499999999007
0.16455224999999984
0.06714299999999973
0.043545750000001604
0.24930749999999868
0.0783067500000012
0.11501625000000004
0.15453524999999857
0.012327000000000865
0.16881524999999975
0.015053249999999352
0.471915000000001
0.18251850000000047
0.43100774999999913
0.1729087499999995
0.12596249999999998
0.05873850000000047
0.08349375000000059
0.10279650000000018
0.10755975000000007
0.13538774999999958
0.06055274999999938
0.575367
0.07877550000000078
0.07674225000000057
0.16723349999999826
0.07622775000000104
0.4008944999999997
0.18449850000000012
0.04128674999999937
0.16986074999999978
0.25278750000000016
0.2680672500000014
0.3359129999999979
0.1540619999999997
0.04873425000000253
0.0342854999999993
0.12495750000000072
0.44471624999999904
0.2809859999999986
0.04993650000000116
0.4373010000000015
0.19143974999999713
0.15757950000000065
0.0699172499999996
0.4326615000000018
0.009988499999998623
0.10666800000000265
0.22883699999999862
0.14390249999999938
0.732837
0.35797725000000113
0.4420499999999983
0.27158250000000095
0.11664299999999983
0.7075927499999999
0.04570425
0.1399012500000012
0.3404670000000003
0.3046814999999974
0.005811000000001343
0.21905325000000175
0.08281500000000008
0.694266749999997
0.32118600000000086
0.1929367500000012
0.04605749999999986
0.09088050000000081
0.19153874999999942
0.06675899999999757
0.14150475000000284
0.1491682499999989
0.11656125000000017
