0.03278300000000023
0.07342899999999997
0.04155249999999988
0.15655450000000037
0.10726999999999975
0.20332150000000038
0.14302800000000016
0.1405309999999993
0.03269000000000055
0.042060499999999834
0.05348099999999967
0.572336
0.15516050000000003
0.20560299999999998
0.05692900000000023
0.0517814999999997
0.14020900000000047
0.009808999999999735
0.2004159999999997
0.1299715000000008
0.1691444999999998
0.022758500000000126
0.14563749999999942
0.26332500000000003
0.18862550000000056
0.2722024999999988
0.2598085000000001
0.053512500000000074
0.1476070000000007
0.09666499999999978
0.2217400000000005
0.08840000000000003
0.04966600000000021
0.022674999999999557
0.0889635000000002
0.010083500000000356
0.05048150000000007
0.04527399999999915
0.021476500000000343
0.0822219999999998
0.10560249999999982
0.1435410000000008
0.20976699999999937
0.02498349999999938
0.25528300000000037
0.03469250000000024
0.052400499999999184
0.00815750000000115
0.03151199999999932
0.04100050000000088
0.0824114999999992
0.3288329999999995
0.5141955000000014
0.44218449999999976
0.14947599999999994
0.4324779999999997
0.03207599999999999
0.05651250000000019
0.3694790000000001
0.41165499999999966
0.03743549999999907
0.34144299999999994
0.07331650000000067
0.34411399999999936
0.15722150000000035
0.03157600000000116
0.2195279999999986
0.039398000000000266
0.037827000000000055
0.06857600000000019
0.12266050000000028
0.22602299999999964
0.05029599999999945
0.1644040000000011
0.16284399999999977
0.17023799999999945
0.013531999999999655
0.4085464999999999
0.6373294999999999
0.19699699999999964
0.043381000000000114
0.07332700000000258
0.09285500000000013
0.3268539999999973
0.04238499999999945
0.05526100000000156
0.3034290000000013
0.30562699999999765
0.21474700000000269
0.26099949999999694
0.2395195000000001
0.5097645000000028
0.1311694999999986
0.17390350000000154
0.1651159999999976
0.07642600000000144
0.10960700000000045
0.02401049999999927
0.16448850000000093
0.061426999999998344
0.05192699999999917
0.03763050000000234
0.03816349999999957
0.04732999999999876
0.582063999999999
0.19065800000000266
0.13917399999999702
0.276173
0.3759875000000008
0.1169290000000025
0.4465334999999975
0.1097695000000023
0.2104815000000002
0.25733499999999765
0.03764950000000056
0.05131499999999889
0.2608175000000017
0.21899600000000063
0.04962599999999995
0.09593249999999998
0.036956499999998726
0.15099199999999868
0.051579500000002554
0.10660349999999852
