0.14432549999999988
0.17985450000000025
0.013448249999999717
0.857901
0.1879792500000006
0.18452100000000016
0.01855799999999963
0.006617249999999686
0.07365000000000066
0.3504434999999999
0.2759332499999996
0.3634725000000003
0.2585767499999996
0.21288149999999995
0.09447899999999976
0.09540525000000066
0.07366125000000068
0.2405519999999992
0.06965250000000012
0.1082654999999999
0.06983849999999947
0.04345574999999968
0.10467225000000013
0.28515525000000075
0.13932224999999931
0.11700825000000137
0.010295999999998529
0.07776525000000056
0.3378060000000005
0.08427449999999936
0.16064025000000015
0.04492349999999945
0.1250775000000015
0.07130249999999982
0.10326374999999999
0.01997099999999996
0.06021750000000026
0.19110300000000002
0.09942599999999935
0.4576477499999996
0.0721980000000002
0.2044125000000001
0.09103799999999929
0.144069
0.23259375000000126
0.024083250000000334
0.020147999999998945
0.2033737500000008
0.09773549999999886
0.16455900000000057
0.3521970000000003
0.015666749999999396
0.03105150000000023
0.22280100000000047
0.03134999999999977
0.016137750000000395
0.38275424999999963
0.20848125000000017
0.0503114999999994
0.03630150000000043
0.01876425000000026
0.2166517499999987
0.17692125000000125
0.012844499999999925
0.16682250000000032
0.0072899999999993526
0.016833000000000098
0.11570099999999961
0.1320232499999996
0.2715157500000007
0.08344349999999956
0.14841825000000064
0.2979907500000003
0.28164074999999933
0.01920900000000003
0.054505500000001206
0.15127425000000017
0.022502249999998725
0.024775500000000505
0.08036325000000133
0.02687699999999893
0.08431050000000084
0.14717774999999733
0.19797675000000226
0.39957074999999875
0.06589650000000091
0.026114249999999117
0.18006749999999982
0.08167650000000037
0.10147949999999994
0.10902224999999888
0.3441352500000008
0.05283449999999945
0.1722734999999993
0.01305900000000193
0.15662999999999982
0.161612250000001
0.15063374999999724
0.053286750000001604
0.39794775000000016
0.1494592499999996
0.08661525000000125
0.17513999999999896
0.04288425000000018
0.18143925000000038
0.046767750000000774
0.15658949999999905
0.24807750000000084
0.035451750000000004
0.15914174999999986
0.16476074999999923
0.6344175000000014
0.11396249999999952
0.05150549999999754
0.3885952500000016
0.09341925000000018
0.05161199999999866
0.37576725000000266
0.320994749999997
0.2442884999999997
0.12249300000000218
0.20296275000000108
0.07637924999999868
0.27355349999999845
0.23149500000000245
0.2466367500000004
0.18261824999999732
0.2905597499999999
0.1316587499999997
0.06725700000000145
0.13356750000000162
