0.2675805000000002
0.5383215000000003
0.4427482499999993
0.06444150000000004
0.03272625000000051
0.051361499999999616
0.2562457500000006
0.03549674999999919
0.03942450000000086
0.14186099999999957
0.23543999999999965
0.2101057500000003
0.14729849999999978
0.4771447500000008
0.17563424999999988
0.026098499999999802
0.3524527499999994
0.3505754999999997
0.07477125000000129
0.29425424999999983
0.13772475000000028
0.2943239999999996
0.12389399999999995
0.03853125000000013
0.1553609999999992
0.07471125
0.31072200000000016
0.02877675000000046
0.023600249999999434
0.6248827500000012
0.28912424999999864
0.07823700000000144
0.0474509999999988
0.04480950000000128
0.07089524999999952
0.06849524999999979
0.2615970000000001
0.33568200000000026
0.05446424999999877
0.04629000000000083
0.10223775000000046
0.09767025000000018
0.4220549999999985
0.10931625000000089
0.03480824999999932
0.10523850000000046
0.13878225000000022
0.020885999999999072
0.0760500000000004
0.2746132499999998
0.32257650000000027
0.10879500000000064
0.2808945000000005
0.17547449999999998
0.10279499999999864
0.1830652500000003
0.40656225000000035
0.11180399999999935
0.1320945000000009
0.19989975000000015
0.028824000000000183
0.27933074999999796
0.04660725000000099
0.05381775000000033
0.1133227500000018
0.18549299999999747
0.34841175000000035
0.21668999999999983
0.31248375000000195
0.3626497499999992
0.25250549999999805
0.01804425000000265
0.031160249999999223
0.2925855000000013
0.05909549999999797
0.0563564999999997
0.06009674999999959
0.04401975000000036
0.10607475000000122
0.05594774999999785
0.04429575000000341
0.10564349999999934
0.1299967500000001
0.013344749999998129
0.030329999999999302
0.005542500000000672
0.45449475000000206
0.051878999999999564
0.21742949999999794
0.034581750000000966
0.010688999999999282
0.12363374999999976
0.18638925000000128
0.41974725000000035
0.08439149999999884
0.2992829999999991
0.41198775000000154
0.04861800000000116
0.19027050000000045
0.04176674999999719
0.3043147500000032
0.03471074999999857
0.6425002500000012
0.026952749999999526
0.023714249999997605
0.008999250000002235
0.3431452499999992
0.2086522500000001
0.09827925000000093
0.572981249999998
0.2749117500000011
0.12002624999999867
0.07574025000000262
0.3132937499999997
