0.1846785000000004
0.3038497499999995
0.09283825000000068
0.09311749999999996
0.3522957499999997
0.16024924999999968
0.12862475000000018
0.029784750000000138
0.08710350000000044
0.061421499999999796
0.21894174999999994
0.18170974999999956
0.5299287500000007
0.013946999999999932
0.03338399999999986
0.7100899999999992
0.028830750000000904
0.2418717499999996
0.05849624999999925
0.2710655000000006
0.3043642500000008
0.9852964999999987
0.19381975000000118
0.1031689999999994
0.3708482499999999
0.031060249999999456
0.15845775000000017
0.17229350000000032
0.04181050000000042
0.053686499999999526
0.1551152499999997
0.03709450000000025
0.020263500000000434
0.28029674999999976
0.09331075000000055
0.14392024999999897
0.3084350000000011
0.1740592499999991
0.31360549999999954
0.017616500000000812
0.036504499999999496
0.13172675000000034
0.4498660000000001
0.022460499999999328
0.21228925000000132
0.014216499999999854
0.09187049999999886
0.2637817499999997
0.5635925000000004
0.6126494999999998
0.07099550000000043
0.5251392500000005
0.33910275000000034
0.19937124999999867
0.010384000000001947
0.44509399999999744
0.6651595000000015
0.21151174999999967
0.0685287499999987
0.3742555000000003
0.2736977500000002
0.45123099999999994
0.29351924999999923
0.09204550000000111
0.0625162500000016
0.038911999999999836
0.9713002499999988
0.17492599999999925
0.09472025000000173
0.018156749999999278
0.01355025000000154
0.05812624999999727
0.09039450000000215
0.10661799999999744
0.1862230000000018
0.35783149999999964
0.3855537499999997
0.34161100000000033
0.14876500000000092
0.07532724999999729
0.12200000000000344
0.2352484999999973
0.14649849999999986
0.16280925000000224
0.30718474999999756
0.3539615000000005
0.011866250000000633
0.31279699999999977
0.4740397499999993
