0.04945649999999979
0.7633274999999999
0.38501099999999955
0.3656265000000003
0.9055900000000001
0.04950700000000019
0.44767000000000046
0.05087199999999825
0.033201000000000036
0.02833400000000097
0.2514284999999994
0.06868350000000056
0.02679000000000009
0.07404599999999917
0.11754600000000082
0.02158550000000048
0.594619999999999
0.07747849999999978
0.2930020000000013
0.4008319999999994
0.5363349999999993
0.06265500000000124
0.07094449999999952
0.11041099999999915
0.028105000000000047
0.20088800000000084
0.0629755000000003
0.16730599999999995
0.3079874999999994
0.17113149999999955
0.11833550000000059
0.31427599999999956
0.15985799999999983
0.011950999999999823
0.13551499999999983
0.14652050000000116
0.23930949999999918
0.2850619999999999
0.23834650000000046
0.08548249999999946
0.24171100000000045
0.06167499999999926
0.04763150000000138
0.1824399999999997
0.2685814999999998
0.1869374999999991
0.23612400000000022
0.03749100000000105
0.31072399999999867
0.8559575000000006
0.5903484999999993
0.38268599999999964
0.19510750000000243
0.014664999999997264
0.14484200000000058
0.24523100000000042
0.1597235000000019
0.04546999999999812
0.03805150000000168
0.15602949999999893
0.09378999999999849
0.7392579999999995
0.2664190000000026
0.4087059999999987
0.09066800000000086
0.02975049999999868
0.1755110000000002
0.11907400000000123
0.4587514999999982
0.27830550000000187
0.2618824999999987
0.019846499999999878
0.234593499999999
0.23270550000000156
0.3788665000000009
0.08052749999999875
0.020022000000000872
0.16762800000000055
0.09529500000000013
0.21485699999999852
0.04518799999999956
0.20493000000000094
0.3469130000000007
0.12929799999999858
0.21046600000000026
0.10528150000000025
0.0227630000000012
0.15369600000000005
0.11615299999999706
0.24872200000000078
0.062396500000001964
0.1476444999999984
0.06289149999999921
0.12962000000000273
0.031763999999999015
0.24205100000000002
0.032177999999998264
0.012906000000000972
0.09129000000000076
0.17855799999999888
0.05376650000000183
