0.1412627500000001
0.6837292499999998
0.06981100000000051
0.07888399999999951
0.19780725000000032
0.05727499999999974
0.1199362500000003
0.16874974999999992
0.15624950000000037
0.14070799999999917
0.21977124999999997
0.057964250000000384
0.02743450000000003
0.17132650000000016
0.07654400000000017
0.022079999999999878
0.02251750000000019
0.1442332499999992
0.02548074999999983
0.590227500000001
0.043833249999998714
0.12948800000000027
0.030599000000000487
0.04921825000000091
0.2053339999999988
0.1897017500000011
0.13326424999999986
0.08100724999999898
0.4109147499999999
0.08577800000000124
0.2171032499999992
0.18115275000000075
0.16856274999999954
0.4391797499999992
0.1948717500000008
0.1918419999999994
0.14325350000000014
0.14569099999999935
0.04454075000000124
0.05894400000000033
0.06451150000000005
0.09116874999999958
0.2502319999999987
0.07419300000000106
0.07400750000000045
0.038916999999999646
0.01104149999999926
0.32616650000000114
0.508875999999999
0.6122250000000005
0.04233299999999929
0.1206984999999996
0.49077025000000063
0.12734174999999937
0.3556505000000012
0.0492972500000004
0.28733399999999953
0.6782282499999983
0.3784667500000012
0.12680274999999952
0.6436652500000015
0.49438974999999985
0.08178599999999747
0.259629750000002
0.5469660000000012
0.0556139999999985
0.01738225000000071
0.24532825000000003
0.04309225000000083
0.04219799999999907
0.03747075000000066
0.282048249999999
0.11388674999999893
0.2280022499999994
0.055944000000000216
0.11705775000000074
0.054004250000001974
0.06089099999999803
0.06041825000000145
0.03280124999999856
0.06524149999999906
0.07909475000000299
0.37193924999999695
0.08576800000000162
0.0379947499999993
0.18260599999999982
0.09184899999999985
0.13042899999999946
0.10370550000000023
0.015511750000001712
0.2357997499999982
0.2948315000000008
0.09683774999999883
0.13930799999999977
0.31209975000000156
0.22826974999999905
0.43746100000000254
0.7353132499999973
0.3453297500000012
0.08145899999999884
0.21208024999999964
0.06611224999999976
0.06860550000000032
0.2879620000000003
