0.12119999999999997
0.24329999999999963
0.23399999999999999
0.10799999999999965
0.5309000000000008
0.19259999999999966
0.17860000000000031
0.23829999999999973
0.12179999999999946
0.038000000000000256
0.010100000000000442
0.22779999999999934
0.015600000000000058
0.1894
0.026500000000000412
0.1200000000000001
0.08260000000000023
0.13569999999999993
0.2583999999999991
0.03920000000000101
0.22979999999999912
0.22100000000000009
0.045700000000000074
0.054199999999999804
0.07910000000000039
0.3521000000000001
0.021100000000000563
0.9148999999999994
0.034900000000000375
0.008699999999999264
0.5021000000000004
0.2237000000000009
0.3725999999999985
0.2519000000000009
0.29499999999999993
0.02519999999999989
0.021900000000000475
0.016399999999999082
0.12380000000000102
0.14700000000000024
0.15539999999999843
0.23290000000000077
0.1607000000000003
0.018499999999999517
0.21359999999999957
0.644400000000001
0.05400000000000027
0.23709999999999987
0.16809999999999903
0.2012999999999998
0.10420000000000051
0.019400000000000972
0.10239999999999938
0.33750000000000036
0.016799999999999926
0.07680000000000042
0.5571000000000002
0.3003
0.0669999999999984
0.11870000000000047
0.3714999999999993
0.5183999999999997
0.2214000000000027
0.08559999999999945
0.1742999999999988
0.6074000000000019
0.08289999999999864
0.11230000000000118
0.11289999999999978
0.056699999999999307
0.1280000000000001
0.20639999999999858
0.5423000000000009
0.10549999999999926
0.09510000000000218
0.3613999999999997
0.1097999999999999
0.09389999999999787
0.2619000000000007
0.7223000000000006
0.01910000000000167
0.15479999999999805
0.06269999999999953
0.30230000000000246
0.6372999999999998
0.1889000000000003
0.20679999999999765
0.02190000000000225
0.17189999999999728
0.546400000000002
0.09049999999999869
0.19000000000000128
0.09009999999999962
0.35719999999999885
0.3230000000000004
0.35910000000000153
0.08079999999999998
