0.24436650000000082
0.6263242499999997
0.03477975000000022
0.1130962499999999
0.09578549999999986
0.1228492499999998
0.035535000000000316
0.016379249999999956
0.1245314999999998
0.58314675
0.15055200000000024
0.2665267499999997
0.09298125000000024
0.053189249999999966
0.05234924999999979
0.34895925000000005
0.03437549999999945
0.15562275000000092
0.6846322499999999
0.028551750000000098
0.03248924999999936
0.5619104999999998
0.22607325000000067
0.055599750000000725
0.027375749999999144
0.34830825000000054
0.059754749999999746
0.04554824999999951
0.5823322500000003
0.08649224999999916
0.08367225000000111
0.21918675000000043
0.035357249999998785
0.45790500000000023
0.04097400000000029
0.08489849999999954
0.17225625000000022
0.07806225000000033
1.0455097500000008
0.20982599999999962
0.01811700000000016
0.30490574999999964
0.03245399999999954
0.16863900000000065
0.30861750000000043
0.5412584999999996
0.04197450000000025
0.22541849999999997
0.1413007499999992
0.325447500000001
0.34533974999999906
0.18171375000000012
0.4292512500000001
0.09129074999999887
0.11675625000000167
0.11649524999999983
0.5325449999999989
0.6716707500000005
0.27894600000000125
0.031247999999997944
0.06496350000000106
0.042348000000000496
0.10543724999999782
0.0983760000000018
0.030396750000001305
0.15629174999999762
0.7726365000000008
0.31219799999999864
0.1443757500000018
0.19076175000000006
0.04176375000000121
0.03672524999999993
0.3446872499999998
0.047855249999997795
0.16865549999999985
0.13215525000000028
0.18216075000000131
0.11634899999999959
0.1674074999999995
0.18299174999999934
0.03880875000000117
0.2153160000000014
0.1908127499999992
0.05679824999999994
0.06053324999999887
0.08800349999999924
0.33725925000000245
0.09866774999999706
0.146868750000003
0.07299224999999865
0.23275574999999904
0.0371175000000008
0.12293999999999983
0.07901550000000057
0.03939674999999809
0.06573075000000017
0.10653824999999983
0.02822100000000205
0.2578252499999998
0.20118300000000033
0.2419822499999995
0.22565325000000058
0.02421449999999936
0.20031150000000153
0.04923449999999718
0.04760850000000261
