0.31463099999999944
0.03778300000000012
0.8422029999999996
0.015158000000000449
0.29877600000000015
0.022638999999999854
0.15407599999999988
0.043852000000000224
0.34747799999999973
0.39716299999999993
0.07009199999999982
0.7366959999999994
0.05988800000000083
0.11617999999999995
0.011813999999999325
0.01289100000000154
0.24873099999999937
0.06572500000000048
0.14130999999999894
0.2441589999999998
0.016797000000000395
0.09354000000000084
0.04326199999999858
0.3666689999999999
0.48428800000000116
0.23823999999999934
0.1708590000000001
0.08249200000000023
0.1398539999999997
0.12458299999999944
0.047586000000000794
0.020780000000000243
0.11099300000000056
0.03736099999999887
0.32923900000000117
0.09270899999999926
0.14834800000000037
0.01931800000000017
0.09587400000000024
0.1455839999999995
0.08903600000000012
0.07428299999999943
0.2478169999999995
0.1443120000000011
0.037542000000000186
0.017316999999998473
0.44575800000000143
0.2644859999999998
0.10830999999999946
0.642277
0.523631
0.17751799999999918
0.23774500000000032
0.06481800000000071
0.34730300000000014
0.313407999999999
0.09393999999999991
0.42336600000000146
0.3793769999999981
0.07138100000000236
0.0866839999999982
0.03633999999999915
0.0493850000000009
0.45836399999999955
0.37373600000000096
0.03320099999999826
0.03022200000000197
0.36053099999999816
0.16733400000000032
0.05813400000000257
0.24525099999999966
0.09689900000000051
0.22715499999999977
0.36368399999999923
0.0756939999999986
0.01453300000000013
0.18355299999999986
0.33051400000000086
0.08096300000000056
0.015686999999999784
0.524673
0.07093099999999808
0.2084670000000024
0.07764200000000088
0.015791999999997586
0.02043199999999956
0.1531690000000019
0.017160999999997983
0.1945900000000016
0.055170000000000385
0.10013899999999865
0.20130599999999887
0.11022900000000035
0.007287000000001598
0.13937999999999917
0.1505270000000003
0.30586100000000016
0.6860579999999992
0.20359700000000203
0.5825800000000001
0.04368200000000044
0.032488999999998214
0.19881799999999927
0.07171900000000164
0.55734
