0.19899999999999984
0.20200000000000085
0.05399999999999938
0.014000000000000234
0.20899999999999963
0.1200000000000001
0.37100000000000044
0.06199999999999939
0.0730000000000004
0.2140000000000004
0.08099999999999952
0.20399999999999974
0.21300000000000008
0.32200000000000006
0.17900000000000027
0.28999999999999915
0.15700000000000003
0.06900000000000084
0.04899999999999949
0.062000000000001165
0.32099999999999973
0.12899999999999956
0.10500000000000043
0.06799999999999962
0.04499999999999993
0.1869999999999994
0.23900000000000077
0.13400000000000034
0.04499999999999993
0.10500000000000043
0.02999999999999936
0.07099999999999973
0.20800000000000018
0.06099999999999994
0.2400000000000002
0.05799999999999983
0.21199999999999974
0.06900000000000084
0.10499999999999865
0.03200000000000003
0.03200000000000003
0.05400000000000027
0.18100000000000094
0.46199999999999974
0.026999999999999247
0.17100000000000115
0.8759999999999994
0.054999999999999716
0.04100000000000037
0.19299999999999962
0.2680000000000007
0.722999999999999
0.4350000000000005
0.1980000000000004
0.07499999999999929
0.09500000000000064
0.05299999999999905
0.10300000000000153
0.05599999999999916
0.23099999999999987
0.06400000000000006
0.0779999999999994
0.12300000000000111
0.02200000000000024
0.07399999999999984
0.18599999999999994
0.42799999999999905
0.21600000000000108
0.15899999999999892
0.08699999999999974
0.14199999999999946
0.21000000000000085
0.030000000000001137
0.04199999999999804
0.09800000000000253
0.0329999999999977
0.05600000000000094
0.13700000000000045
0.02499999999999858
0.019999999999999574
0.1750000000000007
0.33300000000000196
0.01699999999999946
0.02499999999999858
0.054999999999999716
0.08099999999999952
0.21100000000000207
0.29100000000000037
0.08699999999999974
0.129999999999999
0.06700000000000017
0.13400000000000034
0.08099999999999952
0.0259999999999998
0.1999999999999993
0.054000000000002046
0.5429999999999993
0.16100000000000136
0.18799999999999883
0.17299999999999827
0.021000000000000796
0.038000000000000256
0.3030000000000008
0.3539999999999992
0.1670000000000016
0.19099999999999895
0.16600000000000037
0.07000000000000028
0.38599999999999923
0.10200000000000031
0.0779999999999994
0.15500000000000114
0.08099999999999952
0.5120000000000005
0.4059999999999988
0.0470000000000006
0.13800000000000168
0.10299999999999798
0.1460000000000008
0.09299999999999997
0.1280000000000001
0.027000000000001023
0.24799999999999756
0.1479999999999997
0.037000000000002586
0.027999999999998693
0.25900000000000034
