0.36350775000000013
0.08789025000000006
0.4261102499999998
0.35081249999999997
0.18542925000000032
0.07688624999999938
0.09861450000000005
0.36362324999999984
1.1561205
0.19842225000000013
0.09241725000000045
0.34592175000000047
0.3806309999999993
0.13386900000000068
0.011420999999998571
0.4742602500000004
0.03757799999999989
0.45929025000000046
0.06318225000000055
0.19681049999999978
0.09417674999999903
0.0253867500000009
0.20926575000000014
0.17758199999999924
0.1407082500000012
0.06474074999999857
0.17573475000000016
0.5869927500000003
0.25675949999999936
0.16858725000000163
0.14945474999999853
0.41950725000000055
0.02498025000000048
0.010480499999999893
0.053405999999998954
0.09230175000000074
0.14019000000000048
0.4634407500000002
0.3130432499999998
0.02393550000000033
0.03043199999999935
0.27529125000000043
0.3410587500000002
0.04244549999999947
0.41003474999999945
0.013538249999999863
0.13169174999999989
0.12056250000000013
0.2964525000000009
0.013749749999998784
0.037947750000000724
0.024899250000000706
0.1925655000000006
0.13378649999999936
0.037031249999998295
0.06882450000000162
0.13097850000000122
0.1449412499999987
0.10377674999999797
0.31522050000000235
0.023099999999999454
0.3758542499999997
0.16179149999999964
0.39404850000000025
0.0993232500000012
0.1341997500000005
0.4833337499999999
0.08102549999999908
0.17453174999999987
0.0779564999999991
0.18943649999999934
0.03846525000000156
0.17084924999999984
0.09435900000000075
0.5993144999999984
0.33996000000000137
0.13810949999999877
0.024166499999999758
0.05550750000000093
0.17511599999999916
0.09535424999999975
0.4765087500000007
0.025030499999999734
0.1339567499999994
0.057051000000001295
0.2854409999999987
0.15166125000000008
0.30386925000000176
0.2259412499999982
0.09755475000000047
0.11398050000000026
0.12423599999999979
0.18516375000000096
0.22780350000000027
0.07648499999999814
0.19558725000000265
0.1368464999999972
0.3855360000000019
0.1459665000000001
0.1390785000000001
0.01781025000000014
