0.2550435000000002
0.06015075000000003
0.44377724999999923
0.05835525000000086
0.14688225
0.5589472499999992
0.036944250000000345
0.1262489999999996
0.07735875000000014
0.14928000000000008
0.04623374999999985
0.3023902500000002
0.2409914999999998
0.011938500000000296
0.16188749999999974
0.2632102500000002
0.19169025000000062
0.21668249999999922
0.06218699999999977
0.12264150000000029
0.2736029999999996
0.8362912500000004
0.02910600000000052
0.1289789999999993
0.02333475000000007
0.19429050000000103
0.2426940000000002
0.0616589999999988
0.045870750000000626
0.15331649999999897
0.21514200000000017
0.3294315000000001
0.12583425000000048
0.2416192499999994
0.09825300000000148
0.007790249999999332
0.09510749999999923
0.19578450000000025
0.32833425000000105
0.13374224999999917
0.2639257500000003
0.03136950000000027
0.11094525000000033
0.12618749999999856
0.016558500000000365
0.12949125000000095
0.19599599999999917
0.1774147500000005
0.29162849999999985
0.04397175000000075
0.05156549999999882
0.2166945000000009
0.10786799999999985
0.22059299999999915
0.6418792500000006
0.19469250000000038
0.07619024999999979
0.5886870000000002
0.5020485000000008
0.11622374999999963
0.022285499999998848
0.47696775
0.05596424999999883
0.042218250000001234
0.34357200000000176
0.32583524999999725
0.1037700000000008
0.3057127500000014
0.11213024999999988
0.07182299999999842
0.11868375000000242
0.07742174999999918
0.23024099999999947
0.15966375
0.06428474999999878
0.28669874999999934
0.19106925000000174
0.11169299999999893
0.01860525000000024
0.054332250000001636
0.8304614999999984
0.09204150000000055
0.29005499999999884
0.4397580000000012
0.05508825000000073
0.08794424999999961
0.22504349999999818
0.25039350000000127
0.2991375000000005
0.033771749999999656
0.06195225000000093
0.34593525000000014
0.07480199999999826
0.08370749999999916
1.0534425000000027
0.01933275000000023
0.29656049999999823
0.35266650000000155
0.019412249999998465
0.3012637500000004
