0.27617000000000047
0.03033000000000019
0.05397999999999925
0.016460000000000363
0.06770999999999994
0.09180999999999973
0.1842100000000002
0.10240000000000027
0.1496599999999999
0.20331999999999972
0.30130000000000035
0.4146200000000002
0.08708999999999989
0.6106199999999999
0.1347700000000005
0.15720999999999918
0.44181000000000026
0.24056999999999995
0.09200000000000053
0.09328000000000003
0.061489999999999156
0.22378000000000142
0.09927999999999848
0.07853000000000065
0.07366000000000028
0.07487000000000066
0.027409999999999712
0.25452999999999903
0.1586300000000005
0.0904600000000002
0.5771800000000002
0.05428999999999995
0.6572999999999993
0.008620000000000516
0.33760999999999974
0.3625600000000002
0.0593900000000005
0.8961600000000001
0.09492000000000012
0.31715999999999944
0.10149000000000008
0.29810999999999943
0.25380999999999965
0.4482300000000006
0.06996000000000002
0.15568000000000026
0.14994000000000085
0.07618999999999865
0.12905000000000122
0.5048999999999992
0.4673000000000016
0.3074099999999973
0.31780000000000186
0.057030000000001024
0.30890999999999735
0.7554700000000025
0.08117000000000019
0.28407999999999944
0.13887000000000072
0.37029999999999674
0.131610000000002
0.03997000000000028
0.11029999999999873
0.17295999999999978
0.02283000000000257
0.13752999999999815
0.1668699999999994
0.10426999999999964
0.1195200000000014
0.3064999999999998
0.05523000000000167
0.2939399999999992
0.1865099999999984
0.2211400000000019
0.2864799999999974
0.06372
0.19416999999999973
0.09105000000000274
0.10119999999999862
0.04286000000000101
0.10931000000000068
0.26577999999999946
0.09560000000000102
0.03803999999999874
0.09121000000000024
0.1521100000000004
0.02705999999999875
0.2369400000000006
0.33063999999999893
0.24772000000000105
0.05886999999999887
0.1742600000000003
0.02698000000000178
0.2353299999999976
0.6446199999999997
0.45884000000000214
