0.20382600000000028
0.06968700000000005
0.21138299999999965
0.5203050000000005
0.2707889999999997
0.38295299999999965
0.39357600000000037
0.3849089999999995
0.0959790000000007
0.14829299999999979
0.17027400000000004
0.34383299999999917
1.2113940000000003
0.02552400000000077
0.16421099999999988
0.40510800000000025
0.2508839999999992
0.00930600000000048
0.08773500000000034
0.07384199999999908
0.02458799999999961
0.1377270000000017
0.07794299999999943
0.6627480000000006
0.16574699999999964
0.3798180000000002
0.20496299999999934
0.01101000000000063
0.08590499999999857
0.12158400000000036
0.8702550000000002
0.10436999999999941
0.051285000000000025
0.15339900000000029
0.02644800000000025
0.2700300000000002
0.16518600000000028
0.10099199999999975
0.07937399999999961
0.38657700000000084
0.12947999999999915
0.1066590000000005
0.19551599999999958
0.14570100000000075
0.011490000000000222
0.07225799999999971
0.39278999999999975
0.020397000000000887
0.04501199999999983
0.7230600000000003
0.2081729999999986
0.32335199999999986
0.03974399999999889
0.23023200000000088
0.4473179999999992
0.05790600000000268
0.04325399999999746
0.34516200000000197
0.040124999999999744
0.39818400000000054
0.33569400000000016
0.06754199999999955
0.15818099999999902
0.10193999999999903
0.21394200000000296
0.21998999999999924
0.21576599999999857
0.39441599999999966
0.06217499999999987
0.1876860000000029
0.11692799999999792
0.09142800000000051
0.42938099999999935
0.3975030000000004
0.22738199999999864
0.11632800000000287
0.29611199999999727
0.058593000000001894
0.03389400000000009
0.11905199999999994
0.1941689999999987
0.035208000000000794
0.37632599999999883
0.11386800000000008
0.1625310000000013
0.23286600000000135
0.29724299999999815
0.03600600000000043
0.1079100000000004
0.36415500000000023
0.14797499999999886
0.10471199999999925
0.17499600000000015
0.1176060000000021
0.07383600000000001
