0.051838500000000565
0.02907275000000009
0.1857755000000001
0.7080609999999998
0.29442524999999975
0.6537537499999999
0.05287775000000039
0.17935424999999938
0.25124000000000013
0.11755575000000018
0.14338300000000004
0.30349249999999905
0.5301280000000013
0.26873199999999997
0.01900275000000029
0.27121949999999906
0.482583
0.17577900000000035
0.030217999999999634
0.03918550000000032
0.12686324999999954
0.02051450000000088
0.043606499999999215
0.21734900000000046
0.02794950000000007
0.08134375000000027
0.07023399999999924
0.2531982500000005
0.263403499999999
0.07768599999999992
0.10172675000000098
0.4704002499999991
0.2614427500000005
0.07503250000000072
0.20049674999999922
0.13598200000000027
0.28870225000000005
0.3478595000000002
0.056332749999999265
0.051464000000001064
0.24397424999999906
0.47818449999999935
0.20994400000000013
0.20691700000000068
0.05700550000000071
0.19419324999999965
0.31506549999999933
0.03882675000000013
0.03748425000000033
0.7739864999999995
0.03777024999999945
0.051221500000000475
0.09880599999999973
0.024626500000000107
0.05777300000000096
0.01829825000000085
0.1162390000000002
0.06304074999999898
0.1332122499999997
0.05441774999999893
0.16208225000000098
0.07954124999999834
0.0829207500000031
0.11564249999999987
0.041609749999999224
0.1631444999999978
0.04970199999999991
0.11896125000000168
0.01909949999999938
0.2646100000000011
0.36053474999999935
0.0359842499999985
0.17267475000000232
0.3650795000000002
0.14591099999999813
0.059423000000002446
0.06744974999999798
0.07886175000000151
0.13829399999999836
0.27259924999999896
0.25335025000000044
0.2437144999999994
0.04646850000000313
0.3188709999999979
0.3123627500000019
0.046349499999998045
0.13190600000000074
0.24546575000000104
0.07786450000000045
0.052946249999997974
0.2991987500000022
0.06050349999999938
0.5153717499999999
0.0887527499999976
0.12225850000000094
0.033379249999999416
0.24846375000000265
0.3261094999999976
0.0386607500000018
0.36275924999999987
0.021677749999998497
0.1917420000000014
0.10118724999999884
0.25174300000000116
0.11985349999999784
0.05477075000000298
0.022130499999999387
0.28123274999999737
0.2504152500000032
0.2963642499999999
