0.0275249999999998
0.07062450000000009
0.04685600000000001
0.12420300000000051
0.33715349999999944
0.20175650000000012
0.08481000000000005
0.07438199999999995
0.030781499999999795
0.15844400000000025
0.1934560000000003
0.6326429999999998
0.2127055000000002
0.0940594999999993
0.029569500000000026
0.0760405000000004
0.45441600000000015
0.08552300000000024
0.15275649999999885
0.018730500000000205
0.058711999999999875
0.015100000000000335
0.46632100000000065
0.016245999999998872
0.055593000000000004
0.08373049999999971
0.40173400000000115
0.04311049999999916
0.026259500000000102
0.33438000000000123
0.10365299999999955
0.5602350000000005
0.07728299999999955
0.08563399999999888
0.5148710000000012
0.11168200000000006
0.12356250000000024
0.1476954999999993
0.013754499999999226
0.3878605000000004
0.242286
0.08655399999999958
0.29088400000000014
0.05535150000000044
0.34170300000000076
0.04157999999999973
0.034704999999998876
0.049526500000000695
0.18022900000000064
0.05642549999999957
0.0557704999999995
0.39924350000000075
0.2571405000000002
0.021704999999998975
0.04433449999999972
0.03646650000000129
0.1899519999999999
0.22807649999999846
0.3354115000000011
0.06425450000000055
0.11876049999999871
0.03572250000000032
1.1459595000000018
0.21359899999999854
0.10943800000000081
0.08410849999999925
0.2085000000000008
0.4477525
0.16354699999999767
0.4057770000000005
0.01684550000000229
0.05134599999999878
0.16645300000000063
0.0872099999999989
0.15265499999999932
0.04401149999999987
0.016595999999999833
0.39057550000000063
0.32294999999999874
0.23646550000000133
0.17450900000000047
0.037876499999999425
0.28666550000000157
0.11658349999999729
0.1538605000000004
0.17389550000000042
0.05298750000000041
0.2150224999999999
0.4682680000000019
0.024623499999997023
0.355771500000003
0.04806549999999987
0.077182999999998
0.08707599999999971
0.10836450000000042
0.41717200000000076
0.06883549999999872
0.18822199999999967
0.22332700000000116
0.1334654999999998
0.08195849999999893
0.07494600000000062
0.08506200000000064
0.14736699999999914
0.06663700000000006
0.05722199999999944
0.25875600000000176
0.1012929999999983
0.30864050000000276
0.15315299999999965
0.03956299999999757
0.294196000000003
0.10746399999999667
0.11583450000000184
0.041882000000001085
