0.4657170000000006
0.03108599999999928
0.06593099999999996
0.07105500000000031
0.2918669999999999
0.042933000000000554
0.1310759999999993
0.3118380000000007
0.27402899999999963
0.025941000000000436
0.9974849999999993
0.16347600000000018
0.2767230000000005
0.5257319999999996
0.1313040000000001
0.005492999999999526
0.8527020000000007
0.2488829999999993
0.02460300000000082
0.14474399999999932
0.5011799999999997
0.08944500000000133
0.6598859999999984
0.3749640000000003
0.0266099999999998
0.17020500000000105
0.6891119999999997
0.43346099999999943
0.48210000000000086
0.20190599999999925
0.027909000000001072
0.09142799999999873
0.6018900000000009
0.27491999999999983
0.05418599999999962
0.02276100000000092
0.014645999999999049
0.06752999999999965
0.05654100000000106
0.04643399999999964
0.055913999999999575
0.5416380000000007
0.020477999999998886
0.5143470000000008
0.07777499999999904
0.11968500000000049
0.1790939999999992
0.42437400000000025
0.2677650000000007
0.165852000000001
0.25470599999999877
0.02899200000000235
0.0771809999999995
0.20212499999999878
0.10509599999999963
0.11609100000000083
0.17410800000000037
0.05621400000000065
0.3027329999999999
0.0861149999999995
0.1117469999999976
0.06296700000000044
0.07276200000000088
0.025476000000001164
0.01861199999999741
0.3676350000000035
0.25594199999999745
0.49077000000000126
0.09415500000000065
0.11516400000000004
0.09088799999999964
0.12944399999999945
0.13096200000000024
0.12130499999999955
0.25263299999999944
0.10217400000000154
0.40623000000000076
0.09525899999999865
0.11834100000000092
0.11685599999999852
0.06351899999999944
0.3324630000000006
0.0097529999999999
0.6101039999999998
0.26378700000000066
0.062124000000000734
0.14284199999999814
0.326709000000001
0.20346299999999928
0.25162500000000065
0.3715830000000011
