0.39062649999999977
0.027427999999999564
0.12483050000000073
0.11612749999999927
0.3756625000000007
0.42930899999999994
0.030971000000000082
0.12888199999999994
0.47605699999999995
0.23713349999999966
0.16359100000000026
0.12240049999999947
0.20002649999999988
0.31207549999999973
0.048303500000001165
1.0504439999999988
0.012014000000000635
0.19218500000000027
0.014803000000000566
0.2511374999999987
0.06556100000000065
0.11747500000000066
0.09060849999999832
0.10749300000000162
0.0587534999999999
0.2074764999999985
0.05584100000000092
0.030327500000000285
0.27522100000000016
0.1535554999999995
0.4680975000000007
0.252442499999999
0.1927044999999996
0.040126500000001286
0.05712149999999916
0.29079049999999995
0.15244999999999997
0.015582999999999458
0.04000450000000022
0.019877000000001033
0.031195999999999557
0.07196850000000055
0.10879849999999891
0.6487879999999997
0.34451750000000025
0.6331164999999999
0.13678550000000023
0.15070300000000003
0.27015049999999974
0.19502750000000013
0.11048700000000089
0.40026149999999916
0.13804050000000068
0.11088449999999916
0.2888704999999998
0.7578065000000009
0.1409704999999981
0.1089525000000009
0.2935510000000008
0.25964850000000084
0.25517799999999724
0.2194400000000023
0.2537440000000011
0.2347079999999977
0.11140800000000084
0.1396550000000012
0.01421099999999953
0.026182499999997333
0.024072000000000315
0.0351815000000002
0.43378350000000054
0.10246599999999972
0.29597100000000154
0.10609350000000006
0.20464649999999907
0.21589700000000178
0.46763449999999906
0.3858560000000004
0.19122699999999782
0.01486500000000035
0.13053250000000105
0.10207649999999902
0.20747749999999954
0.1698714999999993
0.3483500000000035
0.049576999999999316
0.22901350000000065
0.12028849999999736
0.058245500000001726
0.04695999999999856
0.1550849999999997
0.0428670000000011
0.474987500000001
0.15548399999999774
0.06186350000000118
0.050160500000000496
0.27821349999999967
0.037840499999997945
0.0618780000000001
0.20244750000000167
0.2258314999999982
0.06748900000000191
