0.01955750000000034
0.012406499999999987
0.03498749999999973
0.09454299999999982
0.03936100000000042
0.17228200000000005
0.021723999999999855
0.026561000000000057
0.31459100000000007
0.37056549999999966
0.020953000000000443
0.057065499999999325
0.4218365000000004
0.06332399999999971
0.2708504999999999
0.05684350000000027
0.1911120000000004
0.04063399999999984
0.07665049999999951
0.09466600000000014
0.018719500000000444
0.1533150000000001
0.022110499999999256
0.6740560000000011
0.08481449999999846
0.010467000000000226
0.3367665000000013
0.2064679999999992
0.03160650000000054
0.1673814999999994
0.14254799999999967
0.03778149999999947
0.5014395
0.01309050000000056
0.06727249999999962
0.493938
0.11301650000000052
0.0750124999999997
0.34587250000000047
0.014621500000000509
0.09505749999999935
0.6259944999999991
0.07461950000000073
0.06364349999999952
0.04973649999999985
0.5878465000000013
0.15490999999999921
0.3927600000000009
0.49957649999999987
0.10154449999999926
0.10300050000000027
0.04488899999999951
0.2803900000000006
0.3423885000000002
0.044074499999998906
0.056174500000000904
0.06495250000000041
0.3036709999999996
0.1352859999999989
0.38119499999999995
0.04857300000000109
0.4990710000000007
0.054073999999999955
0.12343899999999763
0.09760600000000252
0.02871850000000009
0.20567299999999733
0.1123010000000022
0.3705280000000002
0.13816349999999744
0.08389600000000286
0.0844984999999987
0.1431964999999984
0.2495580000000004
0.10208450000000013
0.13665849999999935
0.19789850000000087
0.04559500000000227
0.03581599999999696
0.28559400000000323
0.10419799999999668
0.21209450000000274
0.04986549999999923
0.2677695
0.14104449999999957
0.22530000000000072
0.09181749999999766
0.14089500000000044
0.24124899999999982
0.06901700000000233
0.4112279999999977
0.03661699999999968
0.4206475000000012
0.20058850000000206
0.02893100000000004
0.02544799999999725
0.06060200000000293
0.33021499999999904
0.3430459999999975
0.11755700000000147
0.10205050000000071
0.2800009999999986
0.337060000000001
0.27740650000000144
0.14284549999999996
0.1965674999999969
0.4476104999999997
0.5546180000000014
0.32210549999999927
0.26077749999999966
