0.8010000000000002
0.20800000000000018
0.10280000000000022
0.20969999999999978
0.11570000000000036
0.012299999999999756
0.0697000000000001
0.43989999999999974
0.0934999999999997
0.09580000000000055
0.3464999999999998
0.4866999999999999
0.17860000000000031
0.09149999999999991
0.14329999999999998
0.3295999999999992
0.10790000000000077
0.1247000000000007
0.10319999999999929
0.2875999999999994
0.4118000000000013
0.14279999999999937
0.10330000000000084
0.04259999999999842
0.023800000000001376
0.015499999999999403
0.09820000000000029
0.016899999999999693
0.3263999999999996
0.599400000000001
0.3308
0.08750000000000036
0.07209999999999894
0.4762000000000004
0.2355999999999998
0.1836000000000002
0.04519999999999946
0.03589999999999982
0.07910000000000039
0.036599999999999966
0.023899999999999366
0.9933000000000014
0.11989999999999945
0.19950000000000045
0.13320000000000043
0.14759999999999884
0.013500000000000512
0.052199999999999136
1.0500000000000007
0.12689999999999912
0.10030000000000072
0.32319999999999993
0.916599999999999
0.12540000000000262
0.13560000000000016
0.22029999999999816
0.09169999999999945
0.1521000000000008
0.2972999999999999
0.11520000000000152
0.016099999999998005
0.35740000000000194
0.07819999999999894
0.029699999999998283
0.05940000000000012
0.1031000000000013
0.058499999999998664
0.20390000000000086
0.03059999999999974
0.0660000000000025
0.01729999999999876
0.1772999999999989
0.27609999999999957
0.07540000000000191
0.21620000000000061
0.02289999999999992
0.26489999999999725
0.3224000000000018
0.24909999999999854
0.2663000000000011
0.6191999999999993
0.2652000000000001
0.1349000000000018
0.17779999999999774
0.24350000000000094
0.13680000000000092
0.04749999999999943
0.18420000000000059
0.2049999999999983
0.043000000000002814
0.10809999999999675
0.16100000000000136
0.07410000000000139
0.032799999999998164
0.08650000000000091
0.07659999999999911
0.22770000000000223
0.019299999999997652
0.14669999999999916
0.3576000000000015
0.12229999999999919
0.14939999999999998
0.38640000000000185
