0.042300000000000004
0.30427999999999944
0.060890000000000555
0.10646999999999984
0.03838000000000008
0.06944000000000017
0.26107999999999976
0.21220000000000017
0.17715999999999976
0.15739000000000036
0.012329999999999508
0.025660000000000238
0.06601999999999997
0.4329200000000002
0.5000600000000004
0.2447399999999993
0.035519999999999996
0.0298500000000006
0.12801999999999936
0.188600000000001
0.09314999999999962
0.1334199999999992
0.1564899999999998
0.3437000000000001
0.35465000000000124
0.19622000000000028
0.10056999999999938
0.1505700000000001
0.4096100000000007
0.5962499999999995
0.08523999999999887
0.4427700000000012
0.08541999999999916
0.03818000000000055
0.0114800000000006
0.228019999999999
0.06990000000000052
0.4428599999999996
0.20682000000000045
0.5426699999999993
0.5260200000000008
0.09811000000000014
0.18224000000000018
0.15329000000000015
0.19569999999999865
0.13018000000000107
0.14052000000000042
0.28437999999999874
0.7034500000000001
0.11087000000000025
0.026510000000000034
0.23837999999999937
0.20510000000000161
0.2770699999999984
0.19116
0.05929000000000073
0.7149800000000006
0.13870000000000005
0.008569999999998856
0.06497000000000241
0.041809999999998126
0.02757000000000076
0.17172000000000054
0.47014000000000067
0.7174499999999995
0.12850999999999857
0.08523999999999887
0.1073800000000027
0.3066199999999988
0.17716000000000065
0.07694000000000045
0.649919999999998
0.08530000000000015
0.13907999999999987
0.07479999999999976
0.00993000000000066
0.07835999999999999
0.10283000000000087
0.5195900000000009
0.09329999999999927
0.02967999999999904
0.395150000000001
0.3313600000000001
0.024809999999998666
0.09157000000000082
0.080210000000001
0.14772999999999925
0.05608000000000146
0.2057399999999987
0.023150000000001114
0.7023699999999984
0.037050000000000693
0.17398999999999987
0.1375799999999998
0.053709999999998814
0.29447000000000045
0.16635000000000133
0.029540000000000788
0.15752999999999773
0.1626700000000021
0.06271999999999878
