0.5586264999999999
0.02817690000000006
0.06182420000000022
0.1174704000000002
0.011035299999999637
0.5714785999999998
0.17876700000000056
0.016063499999999564
0.07720269999999996
0.03174970000000066
0.3158380999999997
0.13905160000000016
0.04181369999999962
0.1272422999999998
0.055496800000000235
0.27117530000000034
0.13615750000000038
0.13457439999999998
0.11803719999999984
0.09609909999999999
0.0752240999999998
0.025148200000000287
0.0777953999999994
0.7007376000000001
0.2201240000000002
0.30869139999999895
0.2909057000000015
0.025791599999999804
0.08536490000000008
0.27269139999999936
0.05008489999999988
0.0646804999999997
0.013798700000000608
0.09712659999999929
0.03146339999999981
0.08013430000000099
0.10079930000000026
0.2126007999999988
0.05285459999999986
0.22334860000000134
0.023896199999999368
0.022687899999999317
0.2323043000000009
0.27488190000000046
0.21164429999999967
0.3242384000000005
0.11930379999999907
0.32595230000000086
0.10797739999999934
0.09098299999999959
0.06704170000000076
0.346257099999999
0.3051724
0.19567330000000105
0.09579089999999901
0.10868150000000121
0.04330089999999842
0.675517000000001
0.5314645000000002
0.26573720000000023
0.12564899999999923
0.10023650000000117
0.2182058999999974
0.002488800000001845
0.21384820000000104
0.36755179999999754
0.07803080000000051
0.10879360000000204
0.08325599999999866
0.34588019999999986
0.033502200000000926
0.0757797999999994
0.024949400000000566
0.06771429999999867
0.11877390000000076
0.019671400000000006
0.09389179999999797
0.1719349000000001
0.22022830000000226
0.24196740000000005
0.5074980999999994
0.23563129999999788
0.050883000000002454
0.4215926000000003
0.06415259999999989
0.2838095999999979
0.18736649999999955
0.136459600000002
0.0319320999999988
0.16393150000000034
0.03096079999999901
0.07054079999999985
0.06905400000000128
0.0689864
0.4267485999999998
0.05911270000000002
0.192606099999999
0.3599480000000028
0.027951699999999136
0.1619413999999999
0.16155579999999858
0.01117630000000247
0.19474789999999942
0.12265939999999986
0.5800823999999984
0.21329860000000167
0.028597699999998838
0.009084000000001424
0.1062379
0.009670099999997461
0.14815650000000247
0.122951699999998
0.1885159000000023
0.13088649999999902
0.03223849999999828
0.13366630000000157
0.03292550000000105
0.07094579999999695
0.02700320000000289
