0.41901600000000006
0.041225999999999985
0.6160920000000001
0.16234799999999971
0.042309000000000374
0.591513
0.36946499999999993
0.12109199999999998
0.13764299999999974
0.06585299999999972
0.05883900000000075
0.29518499999999914
0.17477700000000063
0.03490799999999972
0.3616080000000004
0.24298499999999912
0.3198540000000012
0.4874729999999996
0.08943000000000012
0.4112639999999992
0.07624800000000143
0.28259100000000004
0.18376799999999882
0.0679230000000004
0.05351699999999937
0.32785200000000003
0.8930040000000012
0.07656899999999922
0.20822700000000083
0.129014999999999
0.017115000000000435
0.13134299999999932
0.42583199999999977
0.45522600000000146
0.370493999999999
0.03883500000000062
0.08546100000000045
0.022964999999999236
0.15815100000000015
0.053010000000000446
0.3295289999999991
0.0655739999999998
0.3470070000000014
0.06887099999999968
0.13855799999999974
0.526565999999999
0.3825869999999991
0.42102900000000076
0.2815650000000005
0.2795279999999991
0.14232000000000156
0.018875999999998783
0.03597600000000156
0.03558599999999856
0.034593000000000984
0.08970899999999915
0.5049840000000003
0.131139000000001
0.03680400000000006
0.26966099999999926
0.24454800000000176
0.04631699999999839
0.05785499999999999
0.03845099999999846
0.02402100000000118
0.12206700000000126
0.32041500000000056
0.013712999999999198
0.7825439999999979
0.3167369999999998
0.06754500000000263
0.09976499999999788
0.30219900000000166
0.20400000000000063
0.10756199999999794
0.023711999999999733
0.12969900000000223
0.24634499999999804
0.1665990000000015
0.034281000000000006
0.02642099999999914
0.21742499999999865
0.7379850000000019
0.22745700000000113
0.26779499999999956
0.44954699999999903
0.16720499999999916
0.14184600000000103
0.10842299999999838
0.1456380000000017
0.4235369999999996
0.19988400000000084
