0.1158702500000004
0.12733024999999998
0.008331250000000345
0.0325647499999997
0.04147775000000031
0.7351789999999996
0.03313249999999979
0.3484075000000004
0.14252899999999968
0.16857400000000045
0.028570999999999458
0.24475575000000038
0.10047974999999987
0.26585325000000015
0.2857890000000003
0.27129599999999954
0.037641750000000584
0.09296924999999945
0.2810907500000006
0.013676249999999612
0.09966499999999989
0.7081857500000002
0.10476225000000028
0.23682349999999985
0.06283674999999889
0.14166725000000113
0.5837284999999994
0.010694750000000752
0.0731194999999989
0.0633467500000009
0.0357947499999991
0.17149775000000034
0.09066975
0.06299875000000021
0.4224540000000001
0.11680199999999985
0.04170449999999981
0.19274799999999992
0.11582199999999965
0.13775225000000013
0.08753800000000034
0.06536224999999973
0.11235824999999977
0.01696850000000083
0.14232449999999908
0.5448562500000005
0.4473717500000003
0.5742744999999996
0.22927875000000064
0.1337339999999987
0.04199525000000115
0.08975575000000013
0.2039067499999998
0.17312450000000013
0.13660874999999884
0.032391999999999754
0.11061049999999994
0.15287750000000067
0.3645137500000004
0.21027799999999885
0.1523607499999997
0.0752612500000005
0.03145775000000128
0.06716300000000075
0.3105242500000003
0.15577399999999741
0.22233250000000027
1.099763750000001
0.037292749999998875
0.32748199999999983
0.29567800000000233
0.26744974999999727
0.10266750000000258
0.03729399999999927
0.21556250000000077
0.11787349999999819
0.2611022500000004
0.013665249999998963
0.20804000000000045
0.08437650000000119
0.06574450000000098
0.011424249999997471
0.17813124999999985
0.16859050000000053
0.05590825000000166
0.1321362499999985
0.04016250000000099
0.21847100000000097
0.6504954999999981
0.20816424999999938
0.2836992500000015
0.06285399999999797
0.20127700000000104
0.048718499999999665
0.4487215000000013
0.2601407499999979
0.04796125000000018
0.044837750000002785
0.060528499999996654
0.33382150000000266
0.20272299999999888
0.18105100000000007
0.1111709999999988
0.3076059999999998
0.06424875000000085
0.026038750000001443
0.2022757499999983
