0.1769999999999996
0.65273
0.030450000000000088
0.2476799999999999
0.08847000000000005
0.14609000000000005
0.28257000000000065
0.1489799999999999
0.12080999999999964
0.4210099999999999
0.3347800000000003
0.28268000000000093
0.23806999999999867
0.017839999999999634
0.0789300000000015
0.07901000000000025
0.10665999999999976
0.5002199999999988
0.04809999999999981
0.1783400000000004
0.21537000000000006
0.11721999999999966
0.08562000000000047
0.053879999999999484
0.10128000000000092
0.24780999999999942
0.11696000000000062
0.07225000000000037
0.016930000000000334
0.006769999999999499
0.02585000000000015
0.04577999999999882
0.11929000000000123
0.0918499999999991
0.2541100000000007
0.8277699999999992
0.16081000000000145
0.09436
0.10501999999999967
0.10055999999999976
0.06765000000000043
0.07781999999999911
0.20730000000000004
0.13021999999999956
0.12959000000000032
0.03685000000000116
0.1656499999999994
0.05325999999999986
0.34684000000000026
0.05217999999999989
0.1417199999999994
0.11077000000000048
0.9421300000000006
0.1190800000000003
0.09238999999999997
0.08458999999999861
0.1951900000000002
0.9022600000000001
0.28673000000000215
0.3959899999999976
0.027180000000001314
0.21240999999999843
0.17894000000000077
0.047879999999999256
0.3483400000000003
0.035600000000002296
0.08451999999999771
0.22363
0.018640000000001322
0.1557600000000008
0.03833999999999804
0.17169000000000167
0.011779999999998125
0.2321799999999996
0.18168000000000006
0.01782000000000039
0.028650000000002507
0.2434599999999989
0.12240999999999858
0.3531399999999998
0.11506999999999934
0.26569000000000287
0.4396199999999979
0.12412000000000134
0.23449000000000098
0.08461999999999748
0.10048000000000101
0.061360000000000525
0.04958999999999847
0.05729000000000184
0.1304300000000005
0.05630000000000024
0.08445000000000036
0.08604999999999663
0.15751000000000204
0.2006200000000007
0.17187999999999803
0.16610000000000014
0.1445500000000024
0.15979999999999706
0.203990000000001
0.15785999999999945
0.21118000000000237
0.09121000000000024
0.0802999999999976
0.07479999999999976
0.028870000000001284
0.1964100000000002
0.12497000000000114
0.3844299999999983
0.04218000000000188
0.6160499999999978
0.24718000000000018
0.12900000000000134
