0.007680000000000575
0.11447999999999947
0.14110000000000067
0.4085599999999996
0.10860000000000003
0.38469
0.01656999999999975
0.13890000000000047
0.3740699999999997
0.5533700000000001
0.08016000000000023
0.0642699999999996
0.06307000000000063
0.07393999999999945
0.020990000000000286
0.11870000000000047
0.15560999999999936
0.035829999999999806
0.07678000000000029
0.03094999999999981
0.4287700000000001
0.04484000000000066
0.4985499999999998
0.4807699999999997
0.07136000000000031
0.04753000000000007
0.10642999999999958
0.15067999999999948
0.2307300000000012
0.2690799999999989
0.24773000000000067
0.08872999999999998
0.39668999999999954
0.14657000000000053
0.015470000000000539
0.14773999999999887
0.09753000000000078
0.024319999999999453
0.09135999999999989
0.1493000000000002
0.36826000000000114
0.03571999999999953
0.33633999999999986
0.1383100000000006
0.2717099999999988
0.30733999999999995
0.35660000000000025
0.03289999999999971
0.08754000000000062
0.48581000000000074
0.1908499999999993
0.016439999999999344
0.009370000000000545
0.03237000000000023
0.023239999999999483
0.37304000000000137
0.27907999999999866
0.3243500000000008
0.4619099999999996
0.04657000000000089
0.06815999999999889
0.37216000000000093
0.04476000000000013
0.04117000000000104
0.08559999999999945
0.18990999999999758
0.20767999999999986
0.05291000000000068
0.2830200000000005
0.0340600000000002
0.1419700000000006
0.013760000000001327
0.03786999999999807
0.12887999999999877
0.26811000000000007
0.4552200000000006
0.06540000000000035
0.36909999999999954
0.2951499999999996
0.05979000000000312
0.6098599999999976
0.1980700000000013
0.22183000000000064
0.42398999999999987
0.14025999999999783
0.13237000000000165
0.11322999999999794
0.36925000000000097
0.15296999999999983
0.03631999999999991
0.05494000000000199
0.108629999999998
0.050209999999999866
0.11627999999999972
0.16106000000000265
0.16216000000000008
0.5462999999999987
0.10314999999999941
0.2399400000000007
0.016320000000000334
0.021770000000000067
0.13677999999999813
0.11865000000000236
0.30737999999999843
0.3739100000000022
0.1413999999999973
0.16129000000000104
0.3652000000000015
0.09744999999999848
