0.1968999999999994
0.1283000000000003
0.0118999999999998
0.10630000000000006
0.20169999999999977
0.030100000000000016
0.28250000000000064
0.22060000000000013
0.28909999999999947
0.06669999999999998
0.43350000000000044
0.14279999999999937
0.10090000000000021
0.18569999999999975
0.15080000000000027
0.014599999999999724
0.2937000000000003
0.08270000000000088
0.0688999999999993
0.03999999999999915
0.2514000000000003
0.03190000000000026
0.39920000000000044
0.17910000000000004
0.859
0.1609999999999996
0.12700000000000067
0.05439999999999934
0.5838999999999999
0.02940000000000076
0.07399999999999984
0.35960000000000036
0.4187999999999992
0.2306000000000008
0.0730000000000004
0.4675999999999991
0.18989999999999974
0.3373000000000008
0.02970000000000006
0.19200000000000017
0.14539999999999864
0.05830000000000091
0.0389999999999997
0.0367999999999995
0.1440999999999999
0.027300000000000324
0.02519999999999989
0.12349999999999994
0.07340000000000124
0.4306000000000001
0.23470000000000013
0.01929999999999943
0.1166999999999998
0.07789999999999964
0.1990999999999996
0.5114999999999998
0.0035000000000007248
0.2245000000000008
0.05019999999999847
0.05810000000000137
0.1761999999999997
0.3158999999999992
0.44890000000000185
0.0517000000000003
0.11659999999999826
0.12620000000000076
0.10180000000000078
0.19179999999999708
0.2544000000000004
0.3869000000000007
0.15840000000000032
0.09019999999999939
0.30930000000000035
0.559899999999999
0.13500000000000156
0.30290000000000106
0.047399999999999665
0.05379999999999896
0.09240000000000137
0.20139999999999958
0.17820000000000036
0.2740000000000009
0.254999999999999
0.020299999999998875
0.09049999999999869
0.16980000000000217
0.14729999999999777
0.0774000000000008
0.26340000000000074
0.12509999999999977
0.042899999999999494
0.01740000000000208
0.047399999999999665
0.2073999999999998
0.1512999999999991
0.1363000000000021
0.12249999999999872
0.13419999999999987
0.1247000000000007
0.010099999999997777
0.11310000000000286
0.6204999999999998
0.07039999999999935
0.3312999999999988
0.7418000000000013
