0.17561059999999973
0.11938199999999988
0.16442710000000016
0.28222479999999983
0.12988730000000004
0.16722630000000027
0.19683549999999972
0.5810681000000004
0.4355848999999994
0.07945090000000032
0.3148559000000004
0.22262360000000037
0.17375529999999983
0.1616433999999991
0.3453154000000005
0.18976400000000027
0.04231159999999967
0.25145719999999905
0.20431190000000043
0.13038979999999967
0.1562809000000005
0.10873020000000011
0.10541480000000014
0.5484164000000007
0.08396839999999983
0.043374000000000024
0.08588069999999881
0.26649740000000044
0.16126930000000073
0.06251899999999999
0.058794299999998856
0.03346300000000113
0.4778740999999993
0.12549079999999968
0.0931204000000001
0.3291801999999997
0.22133380000000002
0.08780050000000017
0.13214010000000087
0.1917498000000002
0.0985522999999997
0.20661879999999933
0.42911520000000003
0.25063120000000083
0.3251007999999995
0.40188069999999954
0.10284350000000053
0.016668100000000408
0.07222399999999851
0.037801200000000534
0.02518809999999938
0.3379702000000009
0.04957779999999978
0.025547200000000103
0.032365199999999206
0.05529890000000037
0.06474020000000102
0.1354571999999994
0.0846347999999999
0.16913839999999958
0.027082300000000004
0.18421120000000002
0.12662189999999995
0.17973960000000133
0.23066409999999848
0.04965520000000012
0.6242976999999996
0.16051339999999925
0.4045687000000022
0.10607429999999951
0.6851942999999991
0.03659560000000184
0.09166159999999834
0.04964430000000064
0.03830460000000002
0.49272900000000064
0.06357579999999885
0.12786399999999887
0.17386160000000217
0.05297529999999995
0.6084628999999993
0.024717700000000065
0.088914299999999
0.23043120000000172
0.04753519999999867
0.6463588000000016
0.07025589999999937
0.15734929999999991
0.20424269999999822
0.47265780000000035
0.0785847000000004
0.012681199999999393
0.39466710000000305
0.08381969999999939
0.07354529999999926
0.10135409999999823
0.07217770000000101
0.11638410000000121
0.09191539999999776
0.11257820000000152
0.40694050000000104
0.024277800000000127
0.22305709999999834
0.4023237000000002
0.04133210000000176
0.10913829999999791
0.16400030000000143
