0.08007999999999971
0.81548
0.10345000000000049
0.05999999999999961
0.10331000000000046
0.04810999999999943
0.0470600000000001
0.0634800000000002
0.019140000000000157
0.07968999999999937
0.01347000000000076
0.1069899999999997
0.023869999999999614
0.34909000000000034
0.16521000000000008
0.29474
0.8108400000000007
0.04359999999999964
0.10864999999999903
0.09633000000000003
0.11402000000000001
0.017360000000000042
0.1259200000000007
0.17286999999999964
0.08083000000000062
0.37355999999999945
0.05413000000000068
0.3986199999999993
0.03899000000000008
0.13372000000000028
0.26647
0.3121399999999994
0.2225999999999999
0.11119000000000057
0.22695000000000043
0.19685999999999915
0.12479000000000084
0.3775099999999991
0.4176200000000012
0.37807999999999886
0.05446000000000062
0.2077600000000004
0.14716999999999913
0.23875000000000135
0.23256999999999906
0.03359999999999985
0.14484999999999992
0.27224000000000004
0.11097999999999963
0.05766000000000027
0.03418000000000099
1.2456700000000005
0.1656299999999984
0.32701000000000136
0.7395600000000009
0.05421999999999727
0.08805000000000263
0.25309000000000026
0.02658999999999878
0.3195200000000007
0.43660999999999817
0.1374100000000027
0.2751199999999976
0.368780000000001
0.049269999999999925
0.055289999999999395
0.2620900000000006
0.030709999999999127
0.035190000000000055
0.06921000000000177
0.1755899999999997
0.09769000000000005
0.23363999999999763
0.08233000000000246
0.37864000000000075
0.5496199999999973
0.1998400000000018
0.17224999999999824
0.62256
0.13711999999999946
0.1166600000000031
0.25368999999999886
0.4189000000000007
0.047049999999998704
0.17587999999999937
0.03177000000000163
0.21321999999999974
0.577490000000001
0.3499300000000005
0.11742999999999881
0.05358000000000018
