0.0727057499999999
0.2971087500000005
0.05404424999999957
0.1783657500000002
0.1534545000000005
0.3787439999999993
0.17557950000000044
0.5144977499999994
0.27891375000000007
0.11976375000000061
0.02421974999999943
0.6931589999999996
0.31538100000000036
0.17698200000000064
0.20358000000000054
0.5245612499999996
0.03587699999999927
0.3739012499999994
0.08490300000000062
0.2116574999999994
0.25813275000000147
0.1333574999999989
0.21929100000000012
0.1650015000000007
0.2828512500000002
0.013208249999999921
0.3102854999999991
0.04994399999999999
0.053898750000000106
0.017885250000000852
0.10728074999999926
0.3625454999999995
0.022139250000000388
0.06385425000000033
0.26588925000000074
0.21659249999999908
0.036293249999999944
0.07591799999999971
0.1307925000000001
0.2668972500000013
0.2723324999999992
0.20199749999999916
0.20616374999999998
0.052724250000000694
0.268024500000001
0.028715999999999298
0.08822624999999995
0.038925000000000765
0.6035339999999998
0.37876574999999946
0.5110650000000003
0.054613500000000315
0.02183849999999765
0.2538119999999999
0.05598825000000218
0.6439417499999998
0.19718775000000122
0.18113250000000036
0.07107974999999911
0.01632074999999844
0.020932500000000687
0.46233224999999933
0.16865250000000032
0.28215825000000194
0.42055500000000023
0.04326599999999914
0.1050930000000001
0.06804299999999941
0.09748275000000106
0.11754149999999797
0.2705145000000009
0.309638249999999
0.25537350000000103
0.19720200000000077
0.3962789999999998
0.23727599999999782
0.025789500000001908
0.22605674999999792
0.2093467500000017
0.6080092499999985
0.4553497499999999
0.12849375000000052
0.1933972500000003
0.07877700000000232
0.025580249999997307
0.013833749999999867
0.039641250000002515
0.031254749999998666
0.13973324999999903
0.18122325000000217
0.11691974999999744
0.22129875000000254
0.08426549999999722
0.1874760000000002
0.1735110000000013
0.08658975000000169
0.12465074999999715
0.2317372500000019
0.23428724999999773
0.2820240000000034
