0.028275999999999968
0.02535899999999991
0.0479339999999997
0.03651499999999963
0.04182800000000064
0.8650799999999998
0.03653100000000009
0.692024
0.3941239999999997
0.09475999999999996
0.07117400000000007
0.12538599999999978
0.03510300000000033
0.10116299999999967
0.1147550000000006
0.11613600000000002
0.09737200000000001
0.1015669999999993
0.16570399999999985
0.46783399999999986
0.1457960000000007
0.06993699999999947
0.08474499999999985
0.12125300000000117
0.05747699999999867
0.2116030000000002
0.1551790000000004
0.16195899999999952
0.21361399999999975
0.18602400000000152
0.14726399999999984
0.12360400000000027
0.3228269999999984
0.08690900000000035
0.02473700000000001
0.09804000000000102
0.15718599999999938
0.08197099999999935
0.03325400000000123
0.3214309999999987
0.02803000000000111
0.27905799999999914
0.016149999999999665
0.3680810000000001
0.07944100000000098
0.12551399999999902
0.14148800000000072
0.28251700000000035
0.28908799999999957
0.015565000000000495
0.13417600000000007
0.016131999999998925
0.0446989999999996
0.5079610000000017
0.49220999999999826
0.06089100000000158
0.09609099999999948
0.10249499999999934
0.02694200000000002
0.03578900000000118
0.06487299999999863
0.08275900000000114
0.507441
0.2504829999999991
0.25299599999999955
0.22192900000000115
0.21963999999999828
0.4301710000000014
0.05010199999999898
0.025102000000000402
0.12778499999999937
0.15893700000000166
0.2633960000000002
0.10764700000000005
0.028230000000000643
0.021860000000000213
0.034712999999999994
0.037027999999999395
0.42359699999999734
0.08748800000000045
0.0870110000000004
0.3379770000000022
0.04183699999999746
0.15660700000000105
0.4679409999999997
0.6238109999999999
0.07585699999999918
0.1138210000000015
0.14062200000000047
0.16537299999999888
0.24453199999999953
0.10844799999999921
0.2521710000000006
0.17591700000000188
0.24415300000000073
0.01819799999999816
0.05548399999999987
0.008241999999999194
0.2729140000000001
0.027777000000000385
0.2571040000000018
0.09802599999999728
0.4556490000000011
0.06469399999999936
0.0805870000000013
0.023530999999998414
0.07129400000000174
0.4468899999999998
0.14201399999999964
0.37320800000000176
0.2455319999999972
0.3675820000000023
0.09760299999999944
0.018119999999999692
0.14526799999999795
0.1943360000000034
