0.32005899999999965
0.9566210000000002
0.02691200000000027
0.06032200000000021
0.1113900000000001
0.30529099999999953
0.05370000000000008
0.03824299999999958
0.24899500000000074
0.40607400000000027
0.09158399999999922
0.28916399999999953
0.13711600000000068
0.01653999999999911
0.03576000000000157
0.473395
0.09730699999999892
0.06753300000000095
0.11242599999999925
0.3906299999999998
0.18033300000000096
0.5784059999999993
0.06655499999999925
0.1035970000000006
0.3002380000000002
0.8233180000000004
0.35283199999999937
0.4418469999999992
0.056736000000000786
0.008772999999999698
0.15659400000000012
0.09284599999999976
0.04068299999999958
0.05016500000000157
0.07095899999999844
0.2326340000000009
0.3175559999999997
0.2424900000000001
0.27894599999999947
0.011975000000001401
0.5292489999999983
0.21348700000000065
0.23698000000000086
0.17893899999999974
0.259307999999999
0.41021900000000144
0.16403399999999735
0.0114680000000007
0.022971999999999326
0.07464900000000085
0.10565100000000172
0.09625899999999987
0.04501799999999889
0.05321500000000157
0.04571099999999717
0.18414100000000033
0.05198800000000148
0.016231999999998692
0.016691000000001566
0.06112699999999904
0.21323500000000095
0.2479610000000001
0.14771800000000113
0.2353299999999976
0.10721900000000062
0.4893269999999994
0.08208799999999883
0.057528000000001356
0.094144
0.10913299999999992
0.13882500000000064
0.027978999999998422
0.10414400000000157
0.6520399999999995
0.19624699999999962
0.04426600000000036
0.16175700000000148
0.187580999999998
0.02533599999999936
0.025676000000000698
0.07179299999999955
0.2544530000000016
0.3523430000000012
0.661524
0.014712999999996867
0.20151600000000158
0.2326510000000006
0.11105699999999885
0.045080999999999705
0.15804600000000235
0.140311999999998
0.04223100000000102
0.08361799999999775
0.06695400000000262
0.11754599999999726
0.021485000000001975
0.13439299999999932
0.15111399999999975
0.1481160000000017
0.011402000000000356
0.1315989999999978
0.03921400000000119
0.6970959999999984
0.05129400000000217
0.2196309999999997
0.08666399999999896
0.06867899999999949
0.13063900000000217
0.1426569999999998
