0.12315999999999949
0.03516550000000063
0.017974499999999338
0.1898610000000005
0.024173999999999474
0.027796500000000002
1.027602
0.4865030000000008
0.07071749999999977
0.0943094999999996
0.01863850000000067
0.21545049999999932
0.21955599999999986
0.04772850000000073
0.1951849999999995
0.27358299999999947
0.09445250000000094
0.05079600000000006
0.2138549999999988
0.25925300000000107
0.13217500000000015
0.1843705
0.40027049999999953
0.23672200000000032
0.11168200000000006
0.1611754999999988
0.10632149999999996
0.019094000000000833
0.11390749999999983
0.015558999999999656
0.467098
0.6377655000000004
0.08144749999999945
0.20330350000000053
0.009077500000000072
0.2753230000000002
0.3248509999999989
0.02030400000000121
0.019862500000000338
0.40841700000000003
0.43045149999999843
0.14071750000000094
0.3384110000000007
0.09513699999999936
0.030084999999999695
0.204304500000001
0.09467849999999878
0.22057350000000042
0.12414199999999909
0.5736845000000006
0.06665650000000056
0.21451199999999915
0.723233500000001
0.15799699999999994
0.17124399999999795
0.16933400000000276
0.18204349999999891
0.9929269999999981
0.19048050000000316
0.3611604999999969
0.02275950000000293
0.19768949999999919
0.15995649999999983
0.5771289999999993
0.03233450000000104
0.12191699999999983
0.08324250000000077
0.014420499999999947
0.13229749999999996
0.10059399999999741
0.021222500000000366
0.23555350000000175
0.09604900000000072
0.08134599999999992
0.25094700000000003
0.0430704999999989
0.09929899999999847
0.5315535000000011
0.01888449999999864
0.09015600000000035
0.09692500000000237
0.1417774999999999
0.086471999999997
0.36420850000000016
0.07120250000000183
0.08924850000000006
0.39413550000000086
0.290934
0.08936399999999978
0.3047064999999982
0.14618450000000038
0.06563500000000033
0.024584999999998303
0.4307120000000033
0.1440134999999998
0.05686850000000021
0.04094699999999918
0.4385875000000006
0.08230649999999784
0.14493200000000073
0.20748499999999837
0.1514575000000029
0.05070949999999996
