0.3763524999999994
0.04275099999999998
0.026509500000000408
0.051152000000000086
0.15890700000000013
0.0753749999999993
0.11258100000000049
0.28498599999999996
0.5559474999999994
0.025877000000000372
0.03785300000000014
0.10456749999999992
0.15360949999999995
0.057318000000000424
0.04338249999999988
0.29871099999999995
0.20842349999999943
0.26757149999999985
0.11545900000000131
0.2987794999999984
0.22341350000000126
0.32417549999999906
0.32941800000000043
0.4853500000000004
0.051072500000000076
0.11082099999999961
0.21368299999999962
0.29339650000000006
0.2411285000000003
0.05853349999999935
0.1362635000000001
0.09689999999999976
0.4844369999999998
0.5064600000000006
0.08687549999999966
0.09274749999999976
0.04303500000000149
0.17605299999999957
0.04128599999999949
0.11209700000000034
0.25103350000000013
0.24610949999999931
0.5173360000000002
0.10219750000000083
0.02518199999999915
0.09266649999999998
0.06598550000000003
0.1299855000000001
0.3518535000000007
0.14852299999999907
0.5081500000000005
0.2785194999999998
0.04139849999999967
0.0757595000000002
0.0406929999999992
0.007708000000000936
0.06211049999999929
0.13245799999999974
0.025842500000001323
0.012863499999999917
0.014965000000000117
0.7553000000000001
0.0765589999999996
0.17518300000000053
0.1061905000000003
0.09198849999999936
0.11108249999999842
0.22268250000000123
0.12852900000000034
0.37465999999999866
0.17070400000000063
0.020452999999999832
0.01216050000000024
0.2805554999999984
0.20933150000000111
0.20112100000000055
0.6771920000000016
0.02515099999999748
0.05349200000000209
0.07267449999999798
0.0371175000000008
0.027408499999999947
0.11152450000000158
0.3582985000000001
0.11092299999999966
0.043302499999999355
0.3316765000000004
0.0078079999999971506
0.3063445000000016
0.025433500000001885
0.11068949999999944
0.11344699999999719
0.09277700000000166
0.06975500000000068
0.04772350000000003
0.5339814999999994
0.05732049999999944
0.10610649999999922
0.13357600000000147
0.08468399999999932
0.35743400000000136
0.29346100000000064
0.22208849999999813
0.22775299999999987
0.032506500000000216
0.04844849999999923
0.24672900000000197
0.5736274999999971
0.12884500000000187
0.2632879999999993
0.1078265000000016
0.417978999999999
