0.08900000000000041
0.18700000000000028
0.07200000000000006
0.07199999999999918
0.10200000000000031
0.040000000000000036
0.03500000000000014
0.016000000000000014
0.03000000000000025
0.020999999999999908
0.1869999999999994
0.012000000000000455
0.03500000000000014
0.05900000000000016
0.021999999999999353
0.11300000000000043
0.0259999999999998
0.3360000000000003
0.4319999999999995
0.24600000000000044
0.052999999999999936
0.11299999999999955
0.09500000000000064
0.08000000000000007
0.07499999999999929
0.18599999999999994
0.20000000000000107
0.022999999999999687
0.31899999999999906
0.14200000000000124
0.16300000000000026
0.10099999999999909
0.1769999999999996
0.038000000000000256
0.015000000000000568
0.18799999999999883
0.06400000000000006
0.07800000000000118
0.19699999999999918
0.1120000000000001
0.02800000000000047
0.031000000000000583
0.045999999999999375
0.125
0.034000000000000696
0.20999999999999908
0.11400000000000077
0.17799999999999905
0.021000000000000796
0.36299999999999955
0.19400000000000084
0.25099999999999945
0.0649999999999995
0.3179999999999996
0.14200000000000124
0.03500000000000014
0.13299999999999912
0.04899999999999949
0.051000000000000156
0.08800000000000097
0.4689999999999994
0.12199999999999989
0.08300000000000018
0.07399999999999984
0.13700000000000045
0.19200000000000017
0.036999999999999034
0.07000000000000028
0.021000000000000796
0.07000000000000028
0.19899999999999984
0.051000000000000156
0.22499999999999964
0.0519999999999996
0.6129999999999995
0.11000000000000121
0.04800000000000004
0.34299999999999997
0.06400000000000006
0.2629999999999999
0.07899999999999885
0.009999999999999787
0.08300000000000018
0.17900000000000027
0.30299999999999905
0.02400000000000091
0.08800000000000097
0.09999999999999787
0.22000000000000242
0.0990000000000002
0.21499999999999986
0.06199999999999761
0.09700000000000131
0.0779999999999994
0.240000000000002
0.12899999999999778
0.40300000000000225
0.4609999999999985
0.26500000000000057
0.09199999999999875
0.05100000000000193
0.14899999999999736
0.17900000000000205
0.120000000000001
0.029999999999997584
0.05100000000000193
0.28699999999999903
0.08200000000000074
0.19599999999999795
0.04200000000000159
0.3730000000000011
0.3009999999999984
0.31599999999999895
0.10500000000000043
0.3019999999999996
0.12400000000000233
0.2469999999999999
0.03399999999999892
0.022999999999999687
0.021000000000000796
0.18400000000000105
0.047999999999998266
0.5869999999999997
0.1509999999999998
0.07499999999999929
0.06400000000000006
0.060000000000002274
0.06899999999999906
0.21399999999999864
0.15800000000000125
0.13400000000000034
0.15800000000000125
0.12199999999999989
0.18900000000000006
0.565999999999999
0.19399999999999906
