0.01194525000000013
0.045811500000000116
0.09393449999999959
0.006681000000000381
0.057205499999999354
0.25310774999999985
0.046850250000000315
0.05349900000000041
0.34814774999999987
0.013141499999999695
0.0302655000000005
0.051437249999999324
0.057253500000000734
0.1753222499999998
0.14675324999999972
0.04935299999999998
0.1633545000000005
0.03471749999999929
0.50264475
0.49640100000000054
0.24376575000000056
0.1952954999999985
0.22466325000000076
0.24819674999999997
0.0370222499999997
0.06687450000000084
0.034957499999999087
0.07056600000000124
0.5360519999999998
0.7273462500000001
0.06520424999999896
0.06327150000000081
0.018770249999999322
0.19665600000000083
0.11861850000000018
0.14102399999999982
0.054088499999998874
0.05444775000000135
0.4978964999999995
0.24399900000000052
0.10632075000000007
0.3197384999999997
0.1284712499999987
0.011938500000001184
0.11251724999999979
0.3838574999999995
0.06810450000000046
0.08632350000000066
0.19817849999999915
0.09572550000000035
0.058441499999998925
0.3004162500000014
0.3377954999999986
0.10677900000000129
0.13466099999999948
0.04846125000000079
0.049889999999999546
0.30258450000000003
0.3581279999999989
0.04126875000000041
0.10836300000000065
0.07688399999999973
0.142023
0.22694100000000006
0.11597025000000016
0.05886375000000044
0.4461607499999989
0.05860725000000144
0.2753879999999995
0.2725462500000013
0.14520674999999983
0.5307089999999981
0.475911
0.42272099999999924
0.32295600000000135
0.20082675000000094
0.009336749999999228
0.18617550000000094
0.22961549999999775
0.025830000000002684
0.13365674999999655
0.25987050000000167
0.1192252499999995
0.2380222500000002
0.40375575000000197
0.1680427499999979
0.17893649999999894
0.026851500000002915
0.5518319999999974
0.03746399999999994
0.3416744999999999
0.5990932500000028
0.11534400000000034
0.05313824999999994
0.13923224999999917
0.23847599999999858
0.048112500000002
0.005971499999997576
0.1706542500000019
0.0529440000000001
0.6354142500000002
0.07342350000000053
0.9499619999999993
0.14565449999999913
