0.202496
0.05341600000000035
0.2822129999999996
0.1555180000000007
0.020664999999999267
0.3693439999999999
0.1585530000000004
0.10982100000000017
0.14536700000000025
0.03927699999999934
0.16353500000000043
0.09094699999999989
0.14099299999999992
0.011662000000000283
0.09217899999999979
0.039685999999999666
0.0862639999999999
0.5050420000000004
0.025552999999999493
0.8218050000000003
0.045676999999999524
0.02321599999999968
0.15575100000000042
0.4232300000000002
0.1364149999999995
0.6560830000000006
0.0940139999999996
0.3722000000000012
0.2055549999999986
0.08758000000000088
0.08212499999999956
0.13209800000000094
0.015472999999998294
0.3551220000000015
0.014218999999998871
0.21080000000000076
0.28250300000000017
0.22919999999999874
0.06141100000000144
0.0377799999999997
0.13120599999999882
0.20397600000000082
0.022021000000000512
0.09291599999999889
0.052881000000001066
0.18461899999999964
0.6247089999999993
0.04822099999999985
0.3413370000000011
0.07047899999999885
0.42620400000000025
0.25153900000000107
0.28882999999999903
0.1278579999999998
0.43717200000000034
0.046777999999999764
0.45550599999999974
0.07914200000000093
0.5002449999999996
0.027532000000000778
0.05839599999999834
0.06401299999999921
0.14383700000000132
0.4089740000000006
0.11635599999999968
0.2349029999999992
0.08166100000000043
0.2322400000000009
0.45163300000000106
0.020114999999996996
0.40346400000000315
0.01869599999999849
0.3796660000000003
0.2206249999999983
0.09105700000000283
0.07293499999999753
0.11295499999999947
0.19135800000000103
0.21014600000000172
0.2547569999999979
0.26884899999999945
0.10026300000000177
0.11762399999999928
0.06999000000000066
0.38975599999999844
0.019522000000002038
0.022207999999999117
0.25179999999999936
0.7336820000000017
0.2217439999999975
0.32304000000000244
0.019181999999997146
0.0841900000000031
0.022717999999997573
0.2998870000000018
0.045541000000000054
0.05096400000000045
0.11228099999999941
0.11574899999999744
0.8132110000000026
0.08630799999999894
0.0476939999999999
0.3413420000000009
0.10943999999999932
