0.8050899999999999
0.09059000000000061
0.34487999999999985
0.022400000000000198
0.2109299999999994
0.7607400000000002
0.05135000000000023
0.25950000000000006
0.13487000000000027
0.15829000000000004
0.23841
0.3160899999999991
0.3214900000000007
0.048180000000000334
0.2793700000000001
0.15645999999999916
0.2591999999999999
0.05325000000000024
0.09948999999999941
0.06817000000000029
0.020200000000000884
0.12581999999999915
0.16726000000000063
0.20206999999999908
0.2563100000000009
0.03816999999999915
0.15518000000000143
0.05433000000000021
0.3392199999999992
0.3397299999999994
0.25621000000000116
0.9081899999999994
0.30800999999999945
0.03135000000000154
0.026829999999998577
0.3573599999999999
0.1694400000000016
0.4414099999999994
0.5928000000000004
0.05757000000000012
0.12819999999999965
0.052989999999999426
0.06770999999999994
0.16061000000000014
0.30007999999999946
0.01352000000000153
0.6316500000000005
0.05918999999999741
0.19957000000000136
0.011440000000000339
0.24923000000000073
0.5331499999999991
0.0436399999999999
0.6477700000000013
0.1432399999999987
0.09249000000000152
0.045249999999999346
0.08901999999999788
0.08980000000000032
0.1033299999999997
0.16287000000000162
0.08632000000000062
0.3802199999999978
0.3534700000000015
0.08503999999999934
0.07563999999999993
0.08489000000000146
0.9172200000000004
0.009679999999999467
0.207650000000001
0.052649999999999864
0.35519000000000034
0.6986299999999979
0.2913099999999993
0.00963000000000136
0.01589999999999847
0.07426000000000244
0.15883999999999787
0.2055100000000003
0.5426400000000022
0.2992299999999979
0.20797999999999917
0.05325000000000202
0.3480799999999995
0.31461000000000183
0.07368999999999915
0.17606999999999928
