0.044053499999999524
0.07367900000000027
0.3528615000000004
0.1992244999999997
0.22065299999999954
0.1260905000000001
0.12456850000000053
0.03382349999999956
0.3730715
0.045100000000000584
0.06010349999999942
0.40179149999999986
0.12985450000000043
0.5414689999999993
0.08842700000000114
0.06326799999999899
0.028155500000000444
0.13762350000000012
0.02337699999999998
0.2886279999999992
0.052834999999999965
0.6733775000000009
0.12213449999999959
0.14703000000000088
0.05946949999999873
0.1237995000000005
0.24847100000000033
0.21753649999999958
0.26052250000000043
0.16232299999999888
0.11599700000000013
0.20573949999999996
0.013800500000000326
0.1608540000000005
0.03851700000000058
0.24717899999999915
0.12763100000000094
0.6998004999999985
0.017199500000000256
0.08941049999999962
0.055305000000000604
0.3087649999999993
0.6111960000000014
0.05930649999999993
0.019033499999999037
0.14796350000000125
0.383246999999999
0.12089450000000035
0.5696899999999996
0.17073500000000053
0.23967350000000032
0.01847949999999976
0.7938839999999985
0.10306850000000267
0.1002504999999978
0.2543335000000013
0.11399949999999848
0.05070050000000137
0.24728550000000027
0.17322949999999793
0.03718300000000241
0.04183999999999699
0.23044200000000004
0.03998500000000149
0.3703314999999989
0.007857000000001335
0.1844089999999987
0.3941145000000006
0.10462650000000195
0.035885999999997864
0.1566484999999993
0.10961650000000134
0.3165344999999995
0.2800110000000018
0.02217849999999899
0.2307264999999994
0.11766650000000212
0.17104699999999795
0.02541400000000138
0.5968344999999999
0.6003699999999981
0.0994294999999994
0.028488500000001693
0.34784700000000157
0.2872029999999981
0.04514199999999846
0.8024450000000023
0.12398999999999916
0.09584800000000016
1.766904499999999
