0.041476500000000804
0.03995774999999924
0.03305625000000045
0.09987075000000001
0.19031850000000006
0.16921199999999992
0.5243549999999999
0.1415242499999998
0.2086005000000002
0.2805982499999997
0.09784725000000005
0.030028500000000236
0.09138300000000044
0.08960474999999946
0.6553057500000001
0.04371150000000057
0.3528659999999988
0.044601749999999996
0.06919050000000126
0.16331025000000032
0.21518024999999952
0.10347074999999961
0.08520150000000015
0.12142049999999927
0.21040650000000127
0.11697000000000024
0.07313399999999959
0.0794984999999997
0.18224174999999931
0.3611595000000012
0.1345919999999996
0.39269325000000066
0.2786257499999998
0.0423487499999986
0.20033625000000121
0.1914037499999992
0.2213460000000005
0.14861325000000036
0.37956825000000016
0.8724134999999986
0.2869507500000008
0.26133824999999966
0.2738700000000005
0.08876324999999952
0.18387000000000064
0.03347774999999942
0.017670750000000623
0.27759749999999883
0.05053350000000023
0.1855425000000004
0.18858750000000057
0.10834499999999991
0.06134849999999936
0.24076200000000014
0.15148575000000086
0.07568099999999944
0.2221687499999998
0.30086925000000164
0.027623999999999427
0.2357542499999994
0.04027199999999809
0.02430000000000021
0.009493500000001376
0.15369150000000076
0.47807399999999944
0.3993600000000015
0.09706499999999707
0.11834550000000021
0.2386102500000007
0.07162950000000023
0.04849499999999907
0.22167825000000008
0.11443050000000099
0.16524975000000097
0.4796332499999991
0.20314049999999995
0.21042974999999942
0.44119949999999974
0.005088750000002307
0.16396199999999794
0.4438327500000021
0.08988749999999968
0.1727167499999993
0.05118374999999986
0.08203950000000049
0.1578142499999977
0.20601975000000294
0.06242849999999933
0.10108349999999788
0.3474307500000009
0.039173999999999154
0.26492550000000037
0.02330249999999978
0.08214900000000114
0.06400800000000118
0.22500449999999717
0.4967310000000005
0.4685939999999995
0.4206382500000032
0.5083597499999968
0.49618050000000125
