0.10873430000000006
0.006441099999999977
0.06662630000000025
0.09327609999999975
0.1474555999999998
0.2155585000000002
0.13274640000000026
0.28434820000000016
0.05432489999999923
0.05027330000000063
0.026363199999999587
0.38160220000000056
0.11612599999999951
0.1603355000000004
0.17603309999999972
0.29989180000000015
0.10149799999999942
0.3317925000000006
0.3123162000000006
0.24948309999999907
0.10451340000000009
0.09796580000000077
0.06403689999999962
0.13150969999999873
0.1194057000000015
0.26788599999999896
0.25831220000000066
0.31625829999999944
0.1502560000000006
0.4065184999999989
0.02981350000000127
0.11182509999999901
0.5319852000000012
0.3779534999999985
0.16442900000000016
0.24178780000000089
0.015725599999999673
0.3444476999999999
0.36480219999999974
0.039989900000000134
0.09233159999999963
0.13269450000000127
0.3674140999999995
0.657629
0.3153940999999989
0.2242475000000006
0.05894029999999972
0.015048400000001294
0.1273875999999987
0.2404623000000008
0.07472469999999909
0.2131810999999999
0.1312173000000012
0.03297590000000028
0.12164049999999982
0.20168379999999964
0.1317509999999995
0.26135670000000033
0.11293739999999985
0.3224139999999984
0.06267640000000085
0.03046720000000036
0.028264799999998758
0.4117171000000006
0.08480970000000099
0.7010825999999994
0.3217768999999997
0.15678690000000017
0.07627970000000062
0.011105499999999324
0.27369429999999895
0.13862700000000316
0.18474739999999912
0.023972900000000408
0.04069949999999878
0.6293913999999994
0.2837916000000007
0.07104650000000134
0.17351859999999775
0.14257160000000013
0.5384822000000007
0.06463400000000163
0.25516979999999734
0.2295291000000006
0.37147150000000195
0.031994399999998535
0.48767330000000086
0.24900009999999995
0.2014408000000003
0.09905990000000031
0.162050899999997
0.09984790000000032
0.1591192000000028
0.07029749999999879
0.0652708000000004
0.19459349999999986
0.14606020000000086
0.033021599999997875
0.0173495999999993
0.039273800000000136
0.19911229999999946
0.2233551000000027
0.06635239999999953
0.1480333999999992
0.15903069999999886
0.036519900000001826
0.2644719999999978
