0.034000000000000696
0.4988999999999999
0.05399999999999938
0.45530000000000026
0.7313999999999998
0.1488000000000005
0.01729999999999965
0.03770000000000007
0.28889999999999993
0.052400000000000446
0.29049999999999976
0.19019999999999992
0.20010000000000083
0.18569999999999887
0.1811000000000007
0.2264999999999997
0.0627999999999993
0.06720000000000148
0.022599999999998843
0.048199999999999577
0.01770000000000138
0.07719999999999949
0.022199999999999775
0.2823000000000011
0.5274999999999999
0.016299999999999315
0.015499999999999403
0.14200000000000124
0.07379999999999853
0.14340000000000153
0.6245999999999992
0.4910999999999994
0.04580000000000162
0.5215999999999994
0.012299999999999756
0.05489999999999995
0.21330000000000027
0.30630000000000024
0.04720000000000013
0.0838000000000001
0.23959999999999937
0.30070000000000086
0.027299999999998548
0.05600000000000094
0.22969999999999935
0.010900000000001242
0.3965999999999994
0.09869999999999912
0.10210000000000008
0.3742000000000001
0.23270000000000124
0.15659999999999918
0.1277000000000008
0.016399999999999082
0.3633000000000006
0.3567
0.22049999999999947
0.2616000000000014
0.30489999999999995
0.2306999999999988
0.21089999999999876
0.14110000000000156
0.17999999999999972
0.10679999999999978
0.5888999999999989
0.47120000000000317
0.15749999999999886
0.1670999999999978
0.04420000000000002
0.8407000000000018
0.07169999999999987
0.1573999999999991
0.4908999999999999
0.06970000000000098
0.035199999999999676
0.021000000000000796
0.07339999999999947
0.02850000000000108
0.15230000000000032
0.08559999999999945
0.31299999999999883
0.48870000000000147
0.11100000000000065
0.13419999999999987
0.18379999999999797
0.4178999999999995
0.1302000000000021
0.1745999999999981
0.05250000000000199
0.15039999999999765
0.0517000000000003
0.07900000000000063
0.265900000000002
0.0913999999999966
0.08370000000000033
0.11580000000000013
0.0517000000000003
0.2586000000000013
0.10839999999999961
0.22060000000000102
0.18319999999999936
0.03310000000000102
0.06829999999999714
0.12560000000000215
