2.154899999999999871e-01
5.115950000000000220e-01
5.609229999999999494e-01
5.972020000000000106e-01
6.986269999999999980e-01
9.155759999999999454e-01
9.841409999999999325e-01
1.267112999999999934e+00
1.367833999999999994e+00
1.437778999999999918e+00
2.183999000000000024e+00
2.194646000000000097e+00
2.234153000000000056e+00
2.623476999999999837e+00
2.771190999999999960e+00
3.137305999999999706e+00
3.167870999999999881e+00
3.758113999999999955e+00
3.962539000000000033e+00
4.037785999999999653e+00
4.353660999999999781e+00
4.424522999999999762e+00
4.543318999999999441e+00
4.678079999999999572e+00
4.802580999999999989e+00
4.847729000000000177e+00
4.889380000000000059e+00
5.761245999999999867e+00
5.786306999999999867e+00
6.441785999999999568e+00
6.679910999999999710e+00
6.977148999999999823e+00
7.120274999999999466e+00
7.209848000000000035e+00
7.419052999999999898e+00
7.692226999999999926e+00
7.761533999999999267e+00
7.810004999999999420e+00
7.854103999999999530e+00
8.534710000000000463e+00
8.551479000000000497e+00
8.567180000000000462e+00
8.596873999999999683e+00
8.665842999999998852e+00
8.996589999999999421e+00
9.290616999999999237e+00
9.331433999999999784e+00
9.384164000000000172e+00
9.499433999999999045e+00
9.579658999999999480e+00
9.949740000000000251e+00
