7.032249999999999612e-02
3.285714999999999608e-01
7.908560000000000034e-01
9.162059999999999649e-01
9.985044999999999060e-01
1.558145499999999961e+00
1.983408499999999908e+00
2.836287000000000003e+00
3.234769000000000005e+00
3.515071499999999904e+00
3.540566499999999728e+00
3.567479999999999762e+00
3.608901499999999984e+00
4.178305499999999562e+00
4.212091499999999655e+00
4.345958500000000058e+00
4.360682500000000239e+00
4.484676999999999580e+00
5.033574499999999396e+00
5.153366499999999739e+00
5.295260499999999482e+00
6.660859999999999559e+00
7.815969499999999570e+00
8.147605499999999168e+00
8.266356000000000037e+00
8.679019000000000261e+00
8.719614500000000490e+00
8.764596499999999679e+00
8.890029999999999433e+00
8.937571000000000154e+00
9.216116500000000045e+00
