3.026249999999999860e-03
2.875050000000000175e-02
3.967874999999999874e-02
1.219395000000000062e-01
1.491824999999999957e-01
3.483877499999999960e-01
3.535852500000000176e-01
1.734971999999999959e+00
1.975275000000000114e+00
2.012358750000000196e+00
2.098485000000000156e+00
2.134543499999999927e+00
2.408613750000000220e+00
2.444967749999999995e+00
2.877186000000000021e+00
2.900427749999999971e+00
3.134446500000000135e+00
3.314191500000000179e+00
3.394040250000000203e+00
3.496098750000000255e+00
3.885390000000000121e+00
4.041047999999999973e+00
4.108501500000000028e+00
4.164606000000000030e+00
4.314533250000000209e+00
4.378338750000000168e+00
5.383616250000000214e+00
5.533581749999999744e+00
5.939670000000000449e+00
6.145635000000000403e+00
6.523704000000000391e+00
7.708295249999999932e+00
7.887768750000000217e+00
7.933496250000000138e+00
7.976017500000000204e+00
8.203676250000000891e+00
8.282384999999999664e+00
8.425668749999999818e+00
8.887021499999999463e+00
8.995741499999999391e+00
9.290279250000001099e+00
9.380345249999999524e+00
9.591348749999999868e+00
9.661100250000000500e+00
9.771666749999999624e+00
