3.237607499999999860e-01
4.365240000000000231e-01
4.929487499999999911e-01
5.993392499999999901e-01
6.275009999999999755e-01
8.612954999999999917e-01
1.623454500000000023e+00
1.654992750000000123e+00
1.751862750000000135e+00
2.369488500000000109e+00
2.831282999999999994e+00
3.006797999999999860e+00
3.234657750000000220e+00
3.519330749999999952e+00
3.571156500000000289e+00
3.603934500000000263e+00
3.628468499999999874e+00
3.817762500000000170e+00
3.845106750000000240e+00
4.085994750000000231e+00
4.215203999999999951e+00
4.528975500000000487e+00
4.590255749999999857e+00
4.812241499999999839e+00
4.930962749999999950e+00
5.286791250000000275e+00
6.737725499999999812e+00
6.900455250000000262e+00
7.082781750000000542e+00
7.168077750000000137e+00
7.236561749999999904e+00
7.259403750000000599e+00
7.408818000000000126e+00
7.791225750000000616e+00
7.839695250000000115e+00
7.957497749999999925e+00
7.964085750000000630e+00
8.120592000000000255e+00
8.450689500000001075e+00
8.509852500000000930e+00
8.934936750000000316e+00
9.025325249999999855e+00
9.181250249999999724e+00
9.625292250000001104e+00
9.719934750000000179e+00
