2.073359999999999925e-01
6.454440000000000177e-01
7.019729999999999581e-01
2.011207999999999885e+00
2.437565999999999899e+00
2.476478999999999875e+00
2.589697999999999833e+00
2.624976999999999894e+00
2.646728999999999665e+00
3.265379999999999949e+00
3.357930999999999777e+00
3.390457000000000054e+00
3.716142999999999752e+00
3.922137999999999902e+00
4.332156999999999591e+00
4.478608999999999618e+00
4.705828999999999596e+00
5.253368000000000038e+00
5.330016999999999783e+00
5.477688999999999808e+00
5.834385000000000154e+00
5.856988999999999557e+00
5.863665999999999379e+00
5.920355999999999952e+00
6.150043000000000148e+00
6.334590999999999639e+00
6.366225000000000023e+00
6.569547999999999277e+00
6.635898999999999326e+00
6.982323000000000057e+00
7.144979999999999443e+00
8.090552999999999884e+00
8.413840999999999681e+00
8.741163999999999490e+00
8.764383999999999730e+00
9.043282999999998850e+00
9.407731000000000066e+00
9.530789999999999651e+00
9.659257999999999456e+00
9.813371999999999318e+00
