2.926149999999999932e-02
4.230284999999999740e-01
4.833599999999999564e-01
5.411369999999999791e-01
6.075567499999999788e-01
6.889454999999999885e-01
7.790052499999999824e-01
9.604742499999999739e-01
1.388068499999999927e+00
1.585671499999999901e+00
1.692153749999999901e+00
1.768396999999999997e+00
1.922561249999999999e+00
2.232905249999999953e+00
2.448250499999999885e+00
2.634556749999999781e+00
2.766001249999999967e+00
3.191305249999999649e+00
3.408224999999999838e+00
3.770217750000000034e+00
4.444056499999999410e+00
4.452519500000000185e+00
4.473808749999999890e+00
4.616751250000000084e+00
4.844548999999999772e+00
5.008960000000000079e+00
5.307922749999999468e+00
5.481745000000000090e+00
6.556102999999999348e+00
6.611461249999999623e+00
6.747341500000000103e+00
6.835310250000000032e+00
7.058402000000000065e+00
7.152296749999999648e+00
7.410187249999999892e+00
7.545543499999999959e+00
7.892842749999999796e+00
7.940110250000000036e+00
8.071247500000000130e+00
8.193812499999999943e+00
8.288507250000000326e+00
8.396510250000000397e+00
8.607292250000000422e+00
8.849951250000000158e+00
8.934514749999999950e+00
9.044111749999999006e+00
9.142437499999999773e+00
9.424967999999999790e+00
9.445243500000000125e+00
9.468097750000000090e+00
9.695065500000000114e+00
9.721807749999999970e+00
