7.896000000000000241e-03
2.190145000000000008e-01
4.004840000000000066e-01
5.771029999999999216e-01
6.620979999999999643e-01
7.869244999999999157e-01
7.978324999999999445e-01
8.285839999999999872e-01
1.441027999999999976e+00
1.467006000000000032e+00
1.571625999999999967e+00
1.860248499999999972e+00
1.961636500000000005e+00
2.298533500000000007e+00
3.130177999999999905e+00
3.256469499999999684e+00
3.454274999999999984e+00
3.744998999999999967e+00
3.882141499999999912e+00
3.948059999999999903e+00
3.973491499999999732e+00
3.985515499999999989e+00
4.026962999999999404e+00
4.843450999999999951e+00
5.210417500000000146e+00
5.752224499999999630e+00
5.780043000000000042e+00
5.910414499999999904e+00
6.047499499999999806e+00
6.332708999999999477e+00
6.450648499999999785e+00
6.485316999999999332e+00
6.564242000000000132e+00
6.594237999999999822e+00
6.815228499999999912e+00
7.235018999999999423e+00
7.362697999999999965e+00
7.870348499999999525e+00
8.004577499999999901e+00
8.175736499999999296e+00
8.454356499999999386e+00
8.537779000000000451e+00
8.635156999999999528e+00
8.862232999999999805e+00
9.168057499999999749e+00
9.420019999999999172e+00
9.870645500000000183e+00
9.945043000000000077e+00
