1.375916999999999835e-01
2.383974999999999844e-01
3.013216999999999701e-01
5.070063999999999682e-01
7.842213000000000100e-01
9.969949999999999646e-01
1.357547499999999907e+00
1.739852699999999919e+00
1.898747499999999810e+00
1.970096899999999929e+00
2.004761299999999746e+00
2.300010299999999841e+00
2.500493099999999913e+00
2.861353599999999719e+00
3.085270999999999653e+00
3.186659199999999803e+00
4.361791399999999541e+00
4.428659399999999913e+00
4.582720000000000127e+00
4.676299300000000159e+00
4.840058199999999644e+00
5.054855899999999735e+00
5.227503399999999800e+00
5.522491299999999548e+00
5.557567999999999842e+00
5.695098799999999351e+00
5.846047299999999503e+00
5.943334699999999415e+00
6.255196100000000037e+00
6.295865999999999296e+00
6.347597999999999629e+00
6.874644099999999369e+00
7.195588799999999452e+00
7.677959800000000001e+00
8.070608199999998789e+00
8.208430999999999145e+00
8.255972999999999118e+00
8.394856599999998892e+00
8.407913299999998813e+00
8.729447300000000354e+00
8.770990599999999304e+00
8.838737300000000019e+00
8.868693499999999119e+00
8.932486400000000160e+00
9.338342400000000154e+00
9.355587399999999221e+00
9.389559399999999556e+00
9.424316199999999810e+00
9.504046999999999912e+00
9.706385199999999713e+00
9.727766199999999586e+00
