1.609832499999999944e-01
5.911779999999999813e-01
6.751239999999999464e-01
8.840299999999999825e-01
1.548187499999999828e+00
1.984792499999999960e+00
2.082915999999999990e+00
2.151102999999999987e+00
2.319935499999999706e+00
2.416352499999999903e+00
2.957026749999999815e+00
3.579669999999999686e+00
3.743233499999999658e+00
3.790032499999999693e+00
4.087384249999999497e+00
4.683888749999999490e+00
4.735067499999999541e+00
4.750536249999999683e+00
5.076325999999999894e+00
5.176144749999999739e+00
5.237752500000000033e+00
5.340324749999999732e+00
5.365713749999999393e+00
5.575191499999999856e+00
5.593907249999999998e+00
5.615286249999999590e+00
5.816714499999999788e+00
5.833648000000000167e+00
5.857474499999999473e+00
6.008802750000000081e+00
6.140006999999999771e+00
6.211938749999999843e+00
6.553770749999999978e+00
7.000915249999999368e+00
7.205602999999999980e+00
7.451568999999999221e+00
7.595671249999999652e+00
7.826753000000000071e+00
7.872143499999999960e+00
8.199627500000000069e+00
8.534011249999998938e+00
8.639580000000000481e+00
8.698024999999999451e+00
8.864175749999999354e+00
8.878060749999999501e+00
9.473765249999999583e+00
9.503558499999998688e+00
9.640659249999998792e+00
9.857552249999999461e+00
9.881356249999999619e+00
9.903714250000000163e+00
9.925459249999999400e+00
