2.333449999999999969e-01
3.990360000000000018e-01
5.549669999999999881e-01
1.220987999999999962e+00
1.237020999999999926e+00
1.367640999999999885e+00
1.404074000000000044e+00
1.543466999999999922e+00
1.555663999999999936e+00
1.887564000000000020e+00
1.974714999999999998e+00
2.187079999999999913e+00
2.907797999999999661e+00
2.985475999999999797e+00
3.170250999999999930e+00
3.421116000000000046e+00
3.952960999999999725e+00
4.157264999999999766e+00
4.807463999999999515e+00
4.860397999999999996e+00
5.367344999999999366e+00
5.500674999999999315e+00
5.659041999999999462e+00
5.758291999999999966e+00
6.337123999999999313e+00
6.586335999999999302e+00
7.061989999999999768e+00
7.090128999999999238e+00
7.136733999999999689e+00
7.299769999999999648e+00
7.333077999999999541e+00
7.355706999999999773e+00
7.580351999999999535e+00
7.672645999999999411e+00
7.833465999999999596e+00
8.085791999999999646e+00
8.367696999999999719e+00
8.467368999999999701e+00
8.555450999999999695e+00
8.997574000000000183e+00
9.080534999999999357e+00
9.135619999999999408e+00
9.151716000000000406e+00
9.297912000000000177e+00
9.530047999999998964e+00
9.657836999999998895e+00
9.984940999999999178e+00
