3.344790000000000263e-01
4.529190000000000160e-01
8.751539999999999875e-01
1.354883999999999977e+00
1.414347000000000021e+00
1.764390000000000125e+00
1.835346000000000144e+00
2.126990999999999854e+00
2.140268999999999977e+00
2.240483999999999920e+00
2.270570999999999895e+00
2.410989000000000271e+00
2.656830000000000247e+00
2.889603000000000144e+00
3.139022999999999897e+00
3.198939000000000199e+00
3.262821000000000193e+00
3.291630000000000056e+00
3.642107999999999901e+00
3.733983000000000274e+00
4.236486000000000196e+00
4.452164999999999928e+00
4.740609000000000073e+00
4.886282999999999710e+00
4.999712999999999852e+00
5.624966999999999828e+00
5.756034000000000539e+00
6.269270999999999816e+00
6.557424000000000142e+00
6.571298999999999779e+00
7.320575999999999972e+00
7.625207999999999764e+00
7.697277000000000591e+00
7.793934000000000140e+00
8.215008000000000976e+00
8.242338000000000164e+00
8.284475999999999729e+00
8.615322000000000813e+00
8.966096999999999539e+00
9.986321999999999477e+00
