7.269000000000000287e-03
2.087519999999999931e-01
5.579159999999999675e-01
6.035220000000000029e-01
9.873899999999999899e-01
1.850931000000000104e+00
1.911545999999999967e+00
2.155380000000000074e+00
2.211999000000000049e+00
2.237997000000000014e+00
2.332343999999999973e+00
2.365782000000000274e+00
2.425743000000000205e+00
2.916539999999999910e+00
3.323561999999999905e+00
3.358209000000000000e+00
3.431481000000000225e+00
3.895506000000000135e+00
5.488203000000000387e+00
5.638803000000000232e+00
6.030837000000000003e+00
6.046238999999999919e+00
6.227763000000000382e+00
6.577086000000000432e+00
6.730356000000000449e+00
7.061169000000000473e+00
7.117917000000000272e+00
7.461008999999999780e+00
7.468137000000000469e+00
7.590920999999999808e+00
7.687203000000000230e+00
7.943585999999999814e+00
8.191218000000000998e+00
8.215491000000000099e+00
8.347998000000000474e+00
8.549067000000000860e+00
9.953129999999999811e+00
