1.548300000000000023e-02
2.651850000000000041e-01
3.616500000000000270e-01
5.465940000000000243e-01
7.322819999999999885e-01
1.623380999999999963e+00
1.627410000000000023e+00
1.715661000000000103e+00
2.376095999999999986e+00
2.550140999999999991e+00
2.619219000000000186e+00
2.815904999999999880e+00
3.025082999999999966e+00
3.765207000000000193e+00
4.106733000000000189e+00
4.280249999999999666e+00
4.437314999999999898e+00
4.568082000000000420e+00
4.648011000000000337e+00
5.041853999999999836e+00
5.098110000000000142e+00
5.232746999999999815e+00
5.303882999999999903e+00
5.340033000000000030e+00
5.647301999999999822e+00
5.687151000000000067e+00
5.876862000000000030e+00
5.979722999999999900e+00
6.078471000000000402e+00
6.106221000000000565e+00
6.195336000000000176e+00
6.247491000000000128e+00
6.561351000000000155e+00
6.572631000000000334e+00
6.867834000000000216e+00
7.316010000000000346e+00
7.427649000000000612e+00
7.779044999999999987e+00
8.024141999999999442e+00
8.235195000000000931e+00
8.311092000000000368e+00
8.555222999999999800e+00
8.609030999999999878e+00
9.381540000000001100e+00
9.681081000000000714e+00
9.748101000000000127e+00
9.819428999999999519e+00
9.928454999999999586e+00
