4.087999999999999620e-03
6.000099999999999323e-01
9.047469999999999679e-01
1.183440999999999965e+00
1.337210000000000010e+00
1.358168000000000042e+00
1.516197999999999935e+00
1.626449000000000034e+00
1.847434999999999938e+00
1.967544999999999877e+00
2.106736999999999860e+00
2.291408000000000111e+00
2.704581999999999820e+00
2.988541999999999810e+00
4.021459000000000117e+00
4.099153999999999520e+00
4.211241999999999486e+00
4.370949999999999669e+00
4.685082999999999664e+00
4.838794000000000040e+00
4.867449999999999832e+00
5.073144000000000098e+00
5.147288999999999781e+00
5.200706999999999525e+00
5.276356999999999964e+00
5.308033000000000001e+00
6.028747000000000078e+00
6.128478999999999566e+00
6.175460999999999423e+00
6.230538999999999383e+00
7.053601999999999705e+00
7.240413999999999461e+00
7.761161999999999672e+00
7.788100000000000023e+00
7.887658000000000058e+00
8.235894999999999300e+00
8.677937000000000012e+00
8.735402999999999807e+00
9.514614999999999156e+00
9.624577999999999633e+00
9.631668999999998704e+00
9.658991999999999578e+00
