3.132460000000000105e-02
1.618725000000000025e-01
4.819863999999999815e-01
5.607086000000000015e-01
6.347156999999999938e-01
8.072640999999999289e-01
1.910903999999999936e+00
2.154800199999999943e+00
2.295487000000000055e+00
2.367180400000000073e+00
2.406923099999999760e+00
2.860602999999999785e+00
3.112836900000000018e+00
3.301003899999999991e+00
3.458296199999999931e+00
3.471223699999999912e+00
3.618552599999999675e+00
3.630137099999999784e+00
3.677113499999999924e+00
3.948521099999999784e+00
4.070322499999999621e+00
4.155279000000000167e+00
4.281378799999999707e+00
4.351442699999999775e+00
4.721145799999999504e+00
4.952597599999999822e+00
5.014437199999999706e+00
5.113600799999999502e+00
5.153662100000000024e+00
5.374434499999999559e+00
5.524841799999999914e+00
5.607708599999999599e+00
6.068992399999999954e+00
6.172447000000000017e+00
6.216085199999999311e+00
6.407672199999999485e+00
6.670760399999999812e+00
6.738393099999999691e+00
6.859690499999999247e+00
6.926409800000000061e+00
