4.987999999999999379e-03
3.765599999999999503e-02
6.159899999999999404e-02
1.099219999999999919e-01
1.391799999999999982e-01
3.399309999999999832e-01
8.881549999999999168e-01
1.687026999999999832e+00
2.031690999999999914e+00
2.267301999999999929e+00
2.314219000000000026e+00
2.461921999999999944e+00
2.671374999999999833e+00
2.776278000000000024e+00
3.115837999999999663e+00
3.364222999999999963e+00
3.451104999999999645e+00
3.549901999999999891e+00
4.053065000000000140e+00
4.092928999999999817e+00
4.482034999999999769e+00
4.527709999999999901e+00
4.754246000000000194e+00
4.835651999999999617e+00
4.914882999999999669e+00
5.058715999999999546e+00
5.158205999999999847e+00
5.549347000000000030e+00
5.803628999999999927e+00
5.926425000000000054e+00
6.063425999999999760e+00
6.085751999999999384e+00
6.158489999999999576e+00
6.576039999999999885e+00
6.818290999999999435e+00
6.942637999999999643e+00
7.542841999999999381e+00
7.666227999999999376e+00
7.793565999999999327e+00
8.696199999999999264e+00
9.088070999999999344e+00
9.530403999999998987e+00
9.872392999999998864e+00
9.897624999999999673e+00
9.923033999999999466e+00
