1.185084999999999888e-01
5.159162499999999651e-01
5.687814999999999399e-01
6.423740000000000006e-01
7.059079999999999799e-01
8.164824999999999999e-01
9.759672499999999529e-01
1.127442749999999938e+00
1.172673749999999959e+00
1.251698749999999860e+00
1.331012499999999932e+00
1.455120999999999887e+00
1.889061249999999914e+00
1.979712750000000021e+00
2.035217250000000089e+00
2.055831249999999777e+00
2.444079499999999960e+00
2.632307500000000022e+00
2.655812749999999944e+00
2.680769999999999875e+00
2.747938999999999687e+00
2.992534000000000027e+00
3.001684249999999832e+00
3.015112999999999932e+00
3.307014999999999816e+00
3.352086499999999969e+00
3.726947749999999893e+00
3.743793499999999774e+00
3.811365749999999775e+00
3.944248999999999672e+00
3.985502249999999691e+00
4.312720999999999805e+00
4.469342000000000148e+00
4.691708750000000094e+00
4.956359749999999842e+00
5.422130499999999742e+00
5.670820249999999341e+00
5.828327999999999953e+00
6.012358749999999752e+00
6.304674999999999585e+00
6.658714499999999425e+00
6.702792499999999265e+00
6.810664249999999420e+00
6.890660749999999446e+00
7.221584749999999886e+00
7.282206749999999396e+00
7.400349749999999283e+00
7.489785499999999985e+00
7.544226999999999350e+00
7.878060999999999758e+00
7.976930249999999667e+00
8.086463750000000061e+00
8.189828249999999699e+00
8.367493749999999508e+00
8.411515249999999000e+00
8.792272249999999900e+00
8.877154499999999615e+00
9.475500750000000139e+00
9.491500499999999008e+00
9.512133249999999762e+00
9.684272249999999360e+00
