4.014000000000000207e-03
1.228380000000000027e-01
3.012390000000000345e-01
5.105279999999999818e-01
6.214469999999999716e-01
8.039730000000000487e-01
9.896610000000000129e-01
1.154265000000000096e+00
1.402794000000000096e+00
1.654125000000000068e+00
1.953264000000000111e+00
2.154221999999999859e+00
2.611695000000000100e+00
2.644362000000000101e+00
2.880789000000000044e+00
2.913044999999999884e+00
2.954693999999999932e+00
3.372831000000000135e+00
3.569166000000000061e+00
3.627981000000000122e+00
3.773643000000000303e+00
5.535905999999999771e+00
5.608767000000000280e+00
6.046670999999999907e+00
6.483969000000000094e+00
6.840329999999999799e+00
7.015551000000000315e+00
7.045809000000000211e+00
7.236939000000000455e+00
7.287914999999999921e+00
7.436666999999999916e+00
8.123079000000000605e+00
8.624961000000000766e+00
8.826482999999999635e+00
9.146114999999999995e+00
9.161613000000000895e+00
9.316245000000000331e+00
9.920495999999999981e+00
