6.027000000000000239e-03
4.600380000000000025e-01
7.445880000000000276e-01
7.740989999999999815e-01
1.209564000000000084e+00
1.601025000000000142e+00
1.720007999999999981e+00
1.756587000000000121e+00
1.786710000000000020e+00
1.817562000000000122e+00
2.305035000000000167e+00
2.471289000000000069e+00
2.709039000000000197e+00
2.780610000000000248e+00
2.847062999999999899e+00
2.987973000000000212e+00
3.475649999999999906e+00
3.531756000000000117e+00
4.480290000000000106e+00
4.505274000000000001e+00
5.171256000000000519e+00
5.313651000000000124e+00
5.361869999999999692e+00
5.530727999999999867e+00
5.645310000000000272e+00
5.828936999999999813e+00
5.900606999999999935e+00
5.995562999999999754e+00
6.133652999999999800e+00
6.451308000000000042e+00
6.928518000000000399e+00
7.127364000000000033e+00
7.132479000000000013e+00
7.428723000000000631e+00
7.508040000000000269e+00
7.892700000000000493e+00
8.580372000000000554e+00
8.641992000000000118e+00
8.800508999999999915e+00
9.021453000000001055e+00
9.419513999999999498e+00
9.501338999999999757e+00
9.586496999999999602e+00
9.730337999999999710e+00
9.831267000000000422e+00
