9.584499999999999270e-03
6.099674999999999542e-02
1.388589999999999824e-01
2.992407499999999998e-01
3.850190000000000001e-01
9.598332499999999712e-01
1.057154999999999845e+00
1.592509999999999870e+00
1.761804999999999843e+00
1.991261500000000018e+00
2.045709500000000070e+00
2.107107000000000063e+00
2.349336999999999787e+00
2.650352250000000076e+00
2.885551999999999673e+00
3.586913749999999901e+00
3.684294249999999771e+00
3.851286999999999683e+00
3.874639499999999792e+00
4.156546999999999770e+00
4.502665999999999613e+00
5.355476499999999973e+00
5.615117749999999575e+00
5.665079500000000046e+00
5.832702499999999901e+00
6.526414749999999820e+00
6.535993749999999380e+00
6.687107499999999760e+00
7.236759499999999790e+00
7.493966999999999601e+00
7.644069999999999254e+00
8.046057749999999231e+00
8.487164999999999182e+00
8.600537499999999724e+00
8.693783749999999699e+00
8.781393249999998929e+00
9.017867250000000112e+00
9.035517499999999202e+00
9.612532999999999106e+00
9.725868750000000063e+00
9.739228999999999914e+00
