7.827000000000000624e-03
4.197060000000000235e-01
7.987770000000000703e-01
9.243540000000000090e-01
1.005174000000000012e+00
1.643688000000000038e+00
1.892595000000000027e+00
2.752491000000000021e+00
2.899211999999999900e+00
3.264467999999999925e+00
3.638168999999999986e+00
3.830229000000000106e+00
3.860343000000000302e+00
4.385601000000000305e+00
4.441394999999999982e+00
4.529870999999999981e+00
4.806893999999999778e+00
5.018412000000000539e+00
5.306537999999999755e+00
5.319215999999999944e+00
5.433327000000000240e+00
5.550278999999999741e+00
5.820846000000000409e+00
5.866578000000000515e+00
6.066798000000000357e+00
6.356819999999999915e+00
6.555333000000000077e+00
7.028073000000000015e+00
7.035345000000000404e+00
7.133126999999999995e+00
7.270260000000000389e+00
7.445358000000000587e+00
7.696506000000000292e+00
8.117376000000000147e+00
8.191667999999999950e+00
8.551232999999999862e+00
8.683854000000000184e+00
8.808920999999999779e+00
9.216108000000000189e+00
9.292764000000000024e+00
9.452030999999999850e+00
9.463290000000000646e+00
9.877328999999999581e+00
9.966174000000000532e+00
