8.531889999999999752e-01
1.400970999999999966e+00
1.470925999999999956e+00
1.512672999999999934e+00
1.573385999999999951e+00
2.171661999999999981e+00
2.197858000000000089e+00
2.417593000000000103e+00
2.571196000000000037e+00
2.754449999999999843e+00
3.026651999999999898e+00
3.341551999999999634e+00
3.438714999999999744e+00
3.689073999999999742e+00
3.711616999999999944e+00
3.947017999999999915e+00
3.976619999999999600e+00
4.060614999999999419e+00
4.902408999999999573e+00
5.032110999999999557e+00
5.250509999999999344e+00
5.281537000000000148e+00
5.300208999999999726e+00
5.464811000000000085e+00
5.842375999999999792e+00
6.053257999999999583e+00
6.365359999999999907e+00
6.724899999999999878e+00
7.039552999999999727e+00
7.127002000000000059e+00
7.759409999999999918e+00
7.805646999999999558e+00
7.925249999999999240e+00
8.342131999999999437e+00
8.546571000000000140e+00
8.667759000000000214e+00
9.855183000000000249e+00
