1.219199999999999971e-02
2.214939999999999964e-01
3.232579999999999898e-01
4.718399999999999817e-01
6.205490000000000173e-01
9.704530000000000101e-01
9.877659999999999219e-01
9.956459999999999200e-01
1.019117999999999968e+00
1.059795999999999960e+00
1.461964000000000041e+00
1.492038999999999893e+00
1.519904999999999839e+00
1.546864999999999934e+00
1.894687000000000010e+00
2.016191999999999762e+00
2.354187999999999725e+00
2.454520000000000035e+00
2.468281999999999865e+00
2.885655999999999999e+00
2.927408999999999928e+00
3.096556999999999782e+00
3.207123999999999864e+00
3.250861000000000001e+00
3.961405999999999761e+00
4.104880999999999780e+00
4.267710000000000115e+00
4.349110999999999727e+00
4.513262000000000107e+00
4.587068999999999619e+00
4.681969999999999743e+00
4.782619999999999649e+00
4.863387999999999600e+00
4.964182999999999346e+00
5.010671999999999571e+00
5.049869000000000163e+00
5.439543999999999713e+00
5.778340000000000032e+00
5.901079999999999437e+00
5.955076999999999288e+00
6.339192999999999856e+00
6.488213000000000008e+00
6.593030999999999864e+00
6.987212999999999674e+00
7.105425999999999576e+00
7.130005999999999844e+00
7.210168999999999606e+00
7.259633000000000003e+00
7.419683000000000028e+00
7.498083999999999527e+00
7.608655999999999864e+00
7.792385999999999591e+00
7.889910999999999675e+00
8.285199999999999676e+00
8.439475999999999090e+00
8.484620999999998858e+00
8.546756000000000242e+00
8.567342999999999265e+00
8.743703999999999255e+00
8.758725000000000094e+00
8.852097999999999800e+00
9.120372999999998953e+00
9.766304999999999126e+00
9.881611999999998730e+00
