2.193954999999999933e-01
2.746397499999999603e-01
2.982362499999999805e-01
4.074984999999999857e-01
9.232099999999999751e-01
9.589657499999999501e-01
1.418394249999999968e+00
1.879475499999999855e+00
2.419910499999999853e+00
2.503814250000000019e+00
2.697861749999999947e+00
2.907845500000000083e+00
3.070225749999999643e+00
3.275156749999999839e+00
3.339141249999999950e+00
3.396296500000000052e+00
3.676948749999999766e+00
3.773135249999999719e+00
3.802618749999999714e+00
3.845617499999999911e+00
4.019276749999999510e+00
4.268072000000000088e+00
4.287386249999999954e+00
4.748565249999999516e+00
4.816354749999999463e+00
4.885943000000000147e+00
4.923200249999999834e+00
5.083454749999999578e+00
5.191296249999999723e+00
5.217578249999999862e+00
5.258701499999999918e+00
5.457097499999999712e+00
5.526824999999999655e+00
6.149643999999999444e+00
6.196296499999999874e+00
6.216095750000000031e+00
6.247118999999999645e+00
7.000978499999999549e+00
7.201916749999999645e+00
7.281865749999999693e+00
7.745256249999999731e+00
7.854380249999999286e+00
8.090908499999999393e+00
8.201428749999999823e+00
8.244588999999999501e+00
8.552802999999999045e+00
8.670759999999999579e+00
9.180341000000000307e+00
9.187445499999999043e+00
9.454769250000000014e+00
9.716998999999999498e+00
9.758687499999998849e+00
