3.878130000000000188e-01
4.398120000000000362e-01
7.113300000000000178e-01
7.574490000000000389e-01
1.064664000000000055e+00
1.096362000000000059e+00
1.192598999999999965e+00
1.229910000000000059e+00
1.277214000000000071e+00
1.362854999999999928e+00
1.952196000000000042e+00
2.199129000000000111e+00
2.242643999999999860e+00
2.283174000000000259e+00
2.392005000000000159e+00
2.581341000000000108e+00
2.727129000000000136e+00
3.154500000000000082e+00
4.213731000000000115e+00
4.297161000000000008e+00
4.366496999999999851e+00
5.370722999999999914e+00
5.410619999999999763e+00
5.437154999999999738e+00
5.850759000000000043e+00
6.260193000000000119e+00
6.285575999999999830e+00
6.410739000000000409e+00
6.655062000000000033e+00
6.788993999999999751e+00
6.980567999999999884e+00
7.117919999999999803e+00
7.490706000000000309e+00
7.752621000000000429e+00
8.192097000000000406e+00
8.809395000000000309e+00
8.879210999999999743e+00
9.291837000000001012e+00
9.429336000000001050e+00
9.550527000000000655e+00
9.916358999999999924e+00
9.944753999999999650e+00
