3.042984999999999718e-01
3.271489999999999676e-01
7.867124999999999257e-01
1.344960999999999851e+00
1.544822999999999835e+00
1.767121500000000012e+00
2.150843999999999756e+00
2.248491000000000017e+00
2.679565499999999822e+00
2.776501999999999803e+00
2.981381499999999907e+00
3.192718499999999793e+00
4.000165499999999597e+00
4.034272999999999776e+00
4.062469000000000108e+00
4.307897999999999783e+00
4.354161999999999644e+00
4.525458500000000051e+00
5.156676499999999663e+00
5.481851499999999433e+00
5.610614499999999616e+00
6.115284499999999568e+00
6.263264500000000012e+00
6.323273499999999991e+00
6.463129999999999598e+00
6.780399999999999316e+00
6.865875499999999576e+00
6.943471499999999352e+00
6.955734999999999779e+00
7.178914499999999421e+00
7.274216999999999267e+00
7.384319499999999259e+00
7.996878999999999849e+00
8.070168999999999926e+00
8.342974999999999142e+00
8.640354999999999563e+00
9.036960499999999286e+00
9.445876000000000161e+00
9.967511999999999261e+00
