5.426549999999999430e-02
2.198074999999999890e-01
2.598590000000000066e-01
5.736065000000000191e-01
6.916464999999999419e-01
9.317129999999999024e-01
1.097300999999999860e+00
1.119118000000000057e+00
1.200320000000000054e+00
1.253083999999999865e+00
1.301073999999999842e+00
1.493766999999999845e+00
1.778433500000000000e+00
1.956278999999999879e+00
2.404789000000000065e+00
2.588625500000000024e+00
2.603272000000000030e+00
2.985114999999999963e+00
3.192989499999999925e+00
3.451192999999999955e+00
3.499991499999999700e+00
3.609386499999999831e+00
3.884323499999999818e+00
4.015162499999999746e+00
4.238333499999999532e+00
4.357486499999999374e+00
4.510544499999999957e+00
4.617159499999999639e+00
4.755167499999999769e+00
4.932526499999999814e+00
4.961053499999999339e+00
5.268400999999999890e+00
5.985002499999999337e+00
6.000338000000000171e+00
6.020174499999999540e+00
6.070280999999999594e+00
6.770699999999999719e+00
7.580803500000000028e+00
7.738934999999999675e+00
7.961100000000000065e+00
7.988753499999999619e+00
8.188895499999999217e+00
8.427572500000000133e+00
8.494555999999999329e+00
8.971234499999999557e+00
9.095449999999999591e+00
9.174028999999999101e+00
9.527626500000000220e+00
9.692178000000000182e+00
9.841794000000000153e+00
9.903394499999999212e+00
9.966515499999999861e+00
