5.005099999999999827e-02
7.031600000000000350e-02
1.697909999999999975e-01
1.062479999999999869e+00
1.710570999999999842e+00
1.801938999999999957e+00
1.965438999999999936e+00
1.985682999999999865e+00
2.128692999999999724e+00
2.363135999999999903e+00
2.623235999999999901e+00
2.664054999999999840e+00
2.733286999999999800e+00
2.820625999999999856e+00
2.857450999999999741e+00
3.431810000000000027e+00
3.689166999999999863e+00
3.790995999999999810e+00
3.864573999999999732e+00
3.904509999999999703e+00
3.926307999999999687e+00
4.032821999999999463e+00
4.584921999999999720e+00
4.690026999999999724e+00
5.019618999999999609e+00
5.094795999999999658e+00
5.157706000000000124e+00
5.299619999999999997e+00
5.377848000000000184e+00
5.479699999999999349e+00
5.609468999999999816e+00
5.892485999999999891e+00
5.994080999999999548e+00
6.173466999999999594e+00
6.680409999999999293e+00
6.968506999999999785e+00
7.052778999999999243e+00
7.089841999999999977e+00
7.437302999999999997e+00
7.510686999999999891e+00
7.631698999999999344e+00
7.750481999999999871e+00
7.777779999999999916e+00
8.258746000000000365e+00
8.318258999999999403e+00
8.464620999999999285e+00
8.933047000000000182e+00
9.070895000000000152e+00
9.470869999999999678e+00
9.542864999999999043e+00
9.551658999999999011e+00
9.567976999999999066e+00
9.903947999999999752e+00
