6.140749999999999507e-03
1.192599999999999910e-01
1.312602499999999950e-01
2.396287500000000015e-01
4.014332499999999637e-01
5.557267499999999361e-01
6.472089999999999232e-01
8.591679999999999318e-01
1.585442999999999936e+00
1.603136499999999964e+00
1.694676749999999954e+00
1.818436249999999976e+00
1.879831749999999913e+00
1.915302499999999908e+00
1.960014749999999806e+00
2.125991749999999847e+00
2.222542999999999935e+00
2.282417750000000023e+00
2.414558749999999865e+00
2.808098499999999831e+00
3.013111749999999756e+00
3.519225749999999930e+00
3.588441999999999688e+00
3.601745749999999635e+00
3.773987749999999863e+00
4.143734999999999502e+00
4.183776499999999565e+00
4.259379249999999395e+00
4.351553000000000004e+00
4.383472999999999509e+00
4.592888499999999929e+00
5.128997000000000028e+00
5.236481999999999637e+00
5.353099999999999525e+00
5.458522249999999687e+00
5.563399500000000053e+00
5.570303499999999630e+00
5.871223249999999894e+00
6.444226999999999705e+00
6.507883499999999266e+00
6.632021749999999827e+00
6.970139999999999780e+00
7.215990999999999822e+00
7.277461499999999361e+00
7.740239499999999495e+00
7.922942499999999555e+00
8.588513250000000099e+00
8.748078749999999459e+00
8.863754750000000016e+00
9.281133499999999259e+00
9.314347999999998962e+00
9.970321499999998949e+00
