1.001709999999999927e-02
2.280034999999999978e-01
2.463332000000000022e-01
2.772872000000000114e-01
3.847866999999999815e-01
7.507722999999999480e-01
9.599833999999999312e-01
1.193388099999999952e+00
1.331180899999999889e+00
1.539510299999999887e+00
1.819211200000000028e+00
1.953847399999999901e+00
2.126909099999999775e+00
2.247758300000000098e+00
2.353820299999999754e+00
4.338603499999999613e+00
4.452204499999999676e+00
4.459382999999999875e+00
4.534984699999999869e+00
4.720662799999999493e+00
4.934394399999999514e+00
5.013864599999999783e+00
5.266492299999999460e+00
5.340848199999999935e+00
5.618460199999999460e+00
5.627903299999999831e+00
5.791652499999999648e+00
