7.088249999999999933e-03
1.959599999999999953e-01
5.267932499999999907e-01
6.330240000000000311e-01
7.977150000000000629e-01
8.190735000000000099e-01
9.071385000000000698e-01
1.503564000000000123e+00
1.782927000000000151e+00
2.415564750000000149e+00
2.526382499999999975e+00
2.719959000000000238e+00
2.875626749999999898e+00
2.911010249999999910e+00
3.036052500000000265e+00
3.059204250000000069e+00
3.216168750000000021e+00
3.265629749999999998e+00
3.666111750000000225e+00
3.803499750000000290e+00
3.944957250000000304e+00
4.016187000000000396e+00
4.634094000000000158e+00
4.813905000000000101e+00
4.846668750000000081e+00
4.884137250000000208e+00
5.182268999999999792e+00
5.203974000000000544e+00
5.261963999999999864e+00
5.898745500000000419e+00
6.062307750000000439e+00
6.078094499999999734e+00
6.145684499999999773e+00
6.308499000000000301e+00
6.858890999999999849e+00
6.973797000000000246e+00
7.011596250000000197e+00
7.056386999999999965e+00
7.206950250000000224e+00
8.116932000000000258e+00
8.620938000000000656e+00
8.687409000000000603e+00
8.694938249999999869e+00
8.967684750000000093e+00
9.087249749999999793e+00
9.558153750000000670e+00
9.590070750000000643e+00
9.789684750000001046e+00
9.904601250000000690e+00
