6.212999999999999773e-03
6.919500000000000650e-02
2.829180000000000028e-01
4.990620000000000056e-01
7.578869999999999774e-01
7.731750000000000567e-01
9.278100000000000236e-01
1.167747000000000090e+00
1.419531000000000098e+00
1.596732000000000040e+00
1.680357000000000101e+00
1.894058999999999937e+00
2.112347999999999892e+00
2.211777000000000104e+00
2.446809000000000012e+00
2.795745000000000147e+00
3.446607000000000198e+00
3.620061000000000195e+00
4.497755999999999865e+00
4.568481000000000236e+00
4.643004000000000353e+00
4.953047999999999895e+00
5.137512000000000079e+00
5.321940000000000559e+00
6.056156999999999790e+00
6.228350999999999971e+00
6.448971000000000231e+00
6.868323000000000178e+00
6.908646000000000065e+00
7.583439000000000263e+00
8.027910000000000323e+00
8.221370999999999540e+00
8.559711000000000070e+00
8.842311000000000476e+00
9.300140999999999991e+00
9.333021000000000456e+00
9.479570999999999970e+00
9.525197999999999610e+00
9.736316999999999666e+00
9.804002999999999801e+00
