9.488149999999999362e-02
1.927369999999999917e-01
2.158940000000000026e-01
6.753554999999999975e-01
1.143140999999999963e+00
1.158539999999999903e+00
1.255245999999999862e+00
1.392985499999999988e+00
1.438204499999999886e+00
1.707646999999999915e+00
1.826629999999999976e+00
2.010408500000000043e+00
2.091453999999999702e+00
2.180889000000000078e+00
2.352986500000000092e+00
2.401982499999999909e+00
2.629362999999999673e+00
2.861708999999999836e+00
3.395975999999999662e+00
3.516611999999999849e+00
3.796065000000000023e+00
4.034092499999999859e+00
4.149622499999999548e+00
4.460021999999999487e+00
4.885592499999999561e+00
4.920371999999999524e+00
5.286757999999999846e+00
5.318509499999999335e+00
5.558901500000000162e+00
5.809943999999999775e+00
6.134731500000000004e+00
6.200991000000000142e+00
6.400992999999999711e+00
6.732858499999999857e+00
7.317933000000000021e+00
7.373984000000000094e+00
7.385615499999999223e+00
7.437347499999999556e+00
7.450145999999999269e+00
7.470107499999999234e+00
7.578922999999999632e+00
8.226666500000000326e+00
8.473967499999998765e+00
8.641386499999999415e+00
8.736243499999998718e+00
8.778978499999999130e+00
8.962008499999999600e+00
9.044279999999998765e+00
9.224253499999999661e+00
9.627392499999999131e+00
9.658096499999999196e+00
