4.925999999999999823e-03
2.307899999999999882e-02
2.709169999999999634e-01
2.862169999999999992e-01
3.457179999999999698e-01
4.876319999999999544e-01
1.250735500000000000e+00
1.370955999999999841e+00
1.390915499999999971e+00
1.435349999999999904e+00
1.585107499999999892e+00
1.969297999999999993e+00
2.559984000000000037e+00
2.633709000000000078e+00
3.009902999999999995e+00
3.714404000000000039e+00
3.772296499999999941e+00
3.930206999999999784e+00
4.277648499999999743e+00
4.591691499999999593e+00
4.691253500000000187e+00
4.864230000000000054e+00
4.934744499999999867e+00
5.046071500000000043e+00
5.489824500000000107e+00
5.597716000000000136e+00
5.625319499999999806e+00
5.935130000000000017e+00
5.953393499999999783e+00
6.019223999999999464e+00
6.579659999999999620e+00
6.777896499999999769e+00
6.918174999999999741e+00
6.993048499999999557e+00
7.478897499999999532e+00
7.818623999999999796e+00
8.225634499999999960e+00
9.509423499999998697e+00
9.721856999999999971e+00
