5.882519999999999971e-01
6.251490000000000657e-01
9.290399999999999769e-01
1.263830999999999927e+00
1.495619999999999949e+00
1.906203000000000092e+00
1.986285000000000078e+00
2.014979999999999993e+00
2.066406000000000187e+00
2.197236000000000189e+00
2.250375000000000014e+00
2.652681000000000289e+00
3.161780999999999953e+00
3.352956000000000270e+00
3.541202999999999879e+00
3.801881999999999984e+00
3.848177999999999876e+00
5.366259000000000334e+00
5.399315999999999782e+00
6.540498000000000367e+00
6.667212000000000138e+00
6.740663999999999767e+00
6.975299999999999834e+00
7.017966000000000371e+00
7.045221000000000622e+00
7.101519000000000581e+00
7.193658000000000108e+00
7.573635000000000339e+00
8.128230000000000288e+00
8.157047999999999632e+00
8.286725999999999814e+00
8.597186999999999912e+00
8.803176000000000556e+00
9.459213000000000093e+00
9.717209999999999681e+00
9.728490000000000748e+00
