3.107419999999999627e-01
5.341764999999999430e-01
5.778114999999999224e-01
6.448220000000000063e-01
8.628249999999999531e-01
9.529059999999999198e-01
1.503300499999999928e+00
1.523559499999999955e+00
1.677173499999999873e+00
1.792133999999999894e+00
2.020576499999999776e+00
2.233600999999999726e+00
2.574807999999999986e+00
2.626262999999999792e+00
2.792110999999999787e+00
2.863215999999999983e+00
2.957145499999999760e+00
3.090999000000000052e+00
3.510588499999999890e+00
3.744559499999999819e+00
3.876596499999999779e+00
3.912033499999999719e+00
3.950406999999999780e+00
4.051096499999999878e+00
4.223488999999999827e+00
4.585243499999999806e+00
4.778972999999999693e+00
4.932897999999999783e+00
5.239401499999999601e+00
5.327057499999999557e+00
5.903648999999999702e+00
6.034855999999999554e+00
6.362013000000000140e+00
6.690190999999999555e+00
6.868404499999999580e+00
7.376915499999999959e+00
7.467833499999999347e+00
7.561670999999999587e+00
7.740778999999999854e+00
7.948580499999999383e+00
8.065547000000000466e+00
8.306514999999999205e+00
8.619204500000000380e+00
8.925830500000000001e+00
9.218814999999999316e+00
9.346254000000000062e+00
9.660643499999999051e+00
