6.028500000000000004e-03
3.125750000000000056e-02
1.750604999999999800e-01
6.173954999999999860e-01
6.307015000000000260e-01
8.368004999999999471e-01
8.795779999999999710e-01
9.080380000000000118e-01
1.039481499999999947e+00
1.344149000000000038e+00
1.360835999999999935e+00
1.451186499999999935e+00
1.528615999999999975e+00
1.671205999999999969e+00
1.916223999999999927e+00
2.081814000000000053e+00
2.192496499999999848e+00
2.672938999999999954e+00
2.976102000000000025e+00
3.032259499999999885e+00
3.136123999999999690e+00
3.393484999999999641e+00
3.406395999999999979e+00
3.597923499999999830e+00
3.731251499999999943e+00
3.769074499999999883e+00
3.942546999999999802e+00
4.180892499999999679e+00
4.567871999999999488e+00
4.598336499999999383e+00
4.785467500000000207e+00
5.139655999999999558e+00
5.178876499999999439e+00
5.231257999999999520e+00
5.362089999999999357e+00
5.627738499999999533e+00
5.991280999999999857e+00
6.042760499999999979e+00
6.093494999999999884e+00
6.190443999999999392e+00
6.260059000000000040e+00
6.437517499999999337e+00
6.460689499999999974e+00
6.594739999999999824e+00
6.995446999999999527e+00
7.332879499999999773e+00
7.648212999999999262e+00
7.967271499999999840e+00
8.427655999999998926e+00
8.439769499999998814e+00
8.655028500000000236e+00
8.839192999999999856e+00
8.968075999999999937e+00
9.093138500000000235e+00
9.317446000000000339e+00
9.397918999999999912e+00
9.607901499999998762e+00
9.652373499999999495e+00
