2.760719999999999841e-01
3.140999999999999903e-01
3.665579999999999949e-01
5.397540000000000671e-01
6.614579999999999904e-01
1.125815999999999928e+00
1.377774000000000054e+00
1.633644000000000096e+00
1.736892000000000102e+00
1.848764999999999992e+00
2.180382000000000264e+00
2.335961999999999872e+00
2.503458000000000183e+00
2.736603000000000119e+00
3.275139000000000244e+00
3.283491000000000160e+00
3.655470000000000219e+00
3.815274000000000054e+00
4.510907999999999696e+00
4.774782000000000082e+00
5.161814999999999820e+00
5.378765999999999714e+00
5.574786000000000463e+00
5.794164000000000314e+00
5.828555999999999848e+00
5.980935000000000556e+00
6.114615000000000578e+00
6.276441000000000159e+00
6.430683000000000149e+00
6.498501000000000083e+00
6.720075000000000465e+00
6.729300000000000281e+00
6.772236000000000367e+00
6.902670000000000528e+00
6.983406000000000446e+00
7.073999999999999844e+00
7.107762000000000135e+00
7.266141000000000183e+00
7.444088999999999956e+00
7.572194999999999787e+00
7.591434000000000459e+00
7.914864000000000566e+00
8.025812999999999420e+00
8.068334999999999368e+00
8.104205999999999577e+00
8.253159000000000134e+00
9.076278000000000290e+00
9.217581000000000913e+00
9.279414000000000939e+00
9.753735000000000710e+00
9.868403999999999954e+00
