2.177264999999999895e-01
2.723494999999999666e-01
4.068539999999999934e-01
9.411589999999999678e-01
1.009709999999999885e+00
1.138742499999999991e+00
1.348276499999999878e+00
1.430356500000000031e+00
1.832782999999999829e+00
2.395289500000000071e+00
2.482677499999999871e+00
2.570523499999999739e+00
2.789674999999999905e+00
3.209710499999999911e+00
4.010785999999999518e+00
4.018269499999999717e+00
4.026541499999999552e+00
4.374165500000000151e+00
4.399852499999999722e+00
4.959485499999999547e+00
5.273067999999999422e+00
5.402873999999999732e+00
5.428844499999999407e+00
5.588934499999999694e+00
5.864936000000000149e+00
6.170279999999999987e+00
6.193982999999999350e+00
6.263123499999999844e+00
6.430869999999999642e+00
6.459029999999999383e+00
6.966862499999999514e+00
7.010046999999999251e+00
7.071631999999999252e+00
7.348689999999999500e+00
7.477647999999999406e+00
7.568092499999999667e+00
7.847916999999999810e+00
7.979059499999999971e+00
8.311868999999999730e+00
8.344130500000000339e+00
8.654337500000000460e+00
8.784758000000000067e+00
8.840887999999999636e+00
9.406570499999999058e+00
9.852356999999999587e+00
9.999999499999999486e+00
