1.723625000000000018e-01
8.297784999999999744e-01
9.427484999999999893e-01
1.084397499999999903e+00
1.395191999999999988e+00
1.540981999999999852e+00
2.138774499999999801e+00
2.852812499999999751e+00
2.944246999999999836e+00
3.116406500000000079e+00
3.207014999999999727e+00
3.367117499999999986e+00
3.380997999999999948e+00
3.787366000000000010e+00
3.798227499999999868e+00
3.882393999999999679e+00
3.889266499999999738e+00
4.190861499999999573e+00
4.240835999999999828e+00
4.350760499999999809e+00
4.508220500000000186e+00
4.635628999999999778e+00
4.697148999999999575e+00
4.714085499999999485e+00
4.977453999999999823e+00
5.036223500000000186e+00
5.331405000000000172e+00
5.356126999999999860e+00
5.705977499999999480e+00
5.802200499999999650e+00
5.877779499999999935e+00
6.102351999999999776e+00
6.171329499999999690e+00
6.439426999999999346e+00
6.776478499999999627e+00
7.016535499999999814e+00
7.078127499999999905e+00
7.248563499999999493e+00
7.262894999999999435e+00
7.707522999999999236e+00
7.827047499999999935e+00
7.895838499999999982e+00
7.952896999999999217e+00
7.977108999999999561e+00
8.398344500000000323e+00
8.543582499999999413e+00
8.661056499999999048e+00
8.784160999999999220e+00
8.838414499999998952e+00
8.925438999999999012e+00
9.234823999999999700e+00
9.556630000000000180e+00
