1.158399999999999881e-02
2.704229999999999690e-01
6.995919999999999916e-01
9.675999999999999046e-01
1.145140999999999964e+00
1.199562999999999935e+00
1.528011999999999926e+00
1.580374999999999863e+00
2.136706999999999912e+00
2.215389999999999748e+00
2.375020999999999827e+00
2.380812999999999846e+00
2.538818000000000019e+00
2.664431999999999690e+00
2.835993999999999904e+00
3.469346999999999959e+00
3.509762999999999966e+00
3.629832999999999643e+00
3.803976999999999720e+00
4.441129999999999356e+00
4.559047999999999767e+00
5.044309999999999405e+00
5.107442999999999955e+00
5.794416000000000011e+00
6.015759999999999330e+00
6.670011999999999830e+00
7.007130000000000081e+00
7.377453000000000038e+00
7.631292999999999438e+00
7.708076999999999401e+00
7.844107999999999414e+00
7.885424999999999685e+00
8.011749000000000009e+00
8.472148999999999930e+00
8.690371999999999986e+00
8.910114000000000090e+00
9.007780000000000342e+00
9.252271999999999608e+00
9.590339999999999421e+00
9.659504000000000090e+00
9.798019999999999285e+00
9.808863999999999805e+00
