4.337950000000000139e-02
8.462891000000000163e-01
9.675383999999999096e-01
1.006961100000000053e+00
1.373233599999999832e+00
2.000909000000000049e+00
2.020446499999999812e+00
2.262859799999999755e+00
2.275788099999999758e+00
2.530045199999999994e+00
2.771881499999999665e+00
2.929953199999999924e+00
3.038875500000000063e+00
3.085135799999999762e+00
3.613170799999999794e+00
3.840680099999999708e+00
3.889383000000000035e+00
4.298549299999999462e+00
4.874380399999999725e+00
5.156925199999999876e+00
5.648934199999999350e+00
5.826981700000000153e+00
