1.585499999999999757e-02
6.735950000000000271e-02
3.014644999999999686e-01
4.149259999999999615e-01
7.686404999999999488e-01
9.372264999999999624e-01
1.529804249999999977e+00
1.764495499999999995e+00
2.137979999999999769e+00
2.306177249999999734e+00
2.619600999999999846e+00
2.716377000000000042e+00
2.744354500000000030e+00
2.914084749999999779e+00
3.139096249999999699e+00
3.341386249999999780e+00
3.518327749999999643e+00
4.222192749999999606e+00
4.364045749999999835e+00
4.432005750000000077e+00
4.509386999999999368e+00
4.527435749999999537e+00
4.626698750000000082e+00
5.026384499999999811e+00
5.156171999999999755e+00
5.187202749999999973e+00
5.298640749999999677e+00
5.302882249999999686e+00
5.463658500000000195e+00
5.746472499999999428e+00
5.861201249999999696e+00
6.841565750000000001e+00
7.007370249999999245e+00
7.255886249999999649e+00
7.405024999999999302e+00
7.580756499999999676e+00
7.802137499999999726e+00
7.937770749999999431e+00
8.416602749999999133e+00
8.438924499999998829e+00
8.511375250000000392e+00
8.533187999999999107e+00
8.618357999999998853e+00
8.686428249999998741e+00
9.827337999999999241e+00
9.918795249999998731e+00
