4.059000000000000108e-03
3.888499999999999596e-02
8.733399999999999497e-02
2.153380000000000016e-01
3.230799999999999783e-01
6.726999999999999647e-01
7.045310000000000183e-01
1.241463999999999901e+00
1.382164999999999866e+00
1.452355999999999980e+00
1.521091999999999889e+00
1.587729999999999864e+00
2.072718000000000060e+00
2.278893999999999753e+00
2.648744999999999905e+00
2.939294999999999991e+00
2.979225000000000012e+00
3.039066000000000045e+00
3.292790999999999801e+00
3.470445999999999920e+00
4.401614999999999611e+00
4.569606999999999530e+00
5.174195000000000100e+00
5.884096999999999689e+00
5.935305999999999749e+00
6.223603999999999914e+00
6.324359999999999538e+00
6.742636000000000074e+00
7.220167000000000002e+00
7.227867999999999959e+00
7.429708999999999897e+00
7.621313999999999922e+00
7.744602999999999682e+00
7.974329000000000001e+00
8.526353000000000293e+00
8.720670999999999395e+00
8.834438000000000457e+00
8.870568999999999704e+00
8.907178999999999292e+00
8.925288000000000110e+00
9.416680999999998747e+00
9.584493000000000151e+00
