1.086609999999999937e-01
3.252379999999999716e-01
3.492179999999999729e-01
1.157837000000000005e+00
1.190378999999999854e+00
1.293093000000000048e+00
1.613869999999999916e+00
1.662285000000000013e+00
2.313561999999999674e+00
2.324967999999999702e+00
2.511293999999999915e+00
3.236402000000000001e+00
3.258021999999999974e+00
3.456540999999999642e+00
3.463800999999999686e+00
3.651667999999999914e+00
3.761289999999999800e+00
4.072547999999999391e+00
4.256854999999999833e+00
4.438769999999999882e+00
4.655590999999999369e+00
5.017922999999999689e+00
5.177922999999999831e+00
5.199211000000000027e+00
5.468689999999999607e+00
5.577301999999999538e+00
6.408068999999999349e+00
7.643542000000000058e+00
7.891737999999999253e+00
7.936904999999999433e+00
7.948992999999999753e+00
8.195002999999999815e+00
8.276140999999999082e+00
8.453624999999998835e+00
8.630248999999999171e+00
8.957989999999998787e+00
9.055185999999999069e+00
9.391118999999999772e+00
9.510147999999999158e+00
9.796809999999998908e+00
