6.184499999999999893e-03
2.182249999999999815e-02
1.153182499999999971e-01
1.533232499999999943e-01
2.004947499999999994e-01
6.817934999999999413e-01
8.156467499999999760e-01
8.866042499999999826e-01
9.045544999999999281e-01
1.930145499999999847e+00
2.084163250000000023e+00
2.461840249999999841e+00
2.478681249999999725e+00
2.533290499999999668e+00
2.548031500000000005e+00
2.803118500000000068e+00
3.042705749999999654e+00
3.523540999999999812e+00
3.932114749999999770e+00
3.942024749999999855e+00
4.070636999999999617e+00
4.091249249999999726e+00
4.483978249999999832e+00
4.500487249999999939e+00
4.618232749999999776e+00
4.905981999999999843e+00
5.131409249999999922e+00
5.649525249999999943e+00
5.734602499999999381e+00
5.772761749999999914e+00
6.317953999999999404e+00
6.439955749999999313e+00
6.472620749999999923e+00
6.851448749999999421e+00
7.205659749999999697e+00
7.255821499999999702e+00
7.332094499999999293e+00
7.365430499999999547e+00
7.778483749999999475e+00
8.029639999999998778e+00
8.054406999999999428e+00
8.415761749999999708e+00
8.450457249999999476e+00
8.468584749999999772e+00
8.508951749999999592e+00
8.538619249999999994e+00
8.706500249999999497e+00
8.975465249999999173e+00
9.267500749999999954e+00
9.457854499999999831e+00
9.814373249999999160e+00
9.896371750000000134e+00
