1.290060000000000096e-01
2.549759999999999804e-01
6.007259999999999822e-01
8.658600000000000740e-01
9.182339999999999947e-01
1.030043999999999960e+00
1.048370999999999942e+00
1.220943000000000112e+00
1.659363000000000143e+00
1.814030999999999949e+00
1.828032000000000101e+00
1.918122000000000105e+00
2.449403999999999915e+00
2.457399000000000111e+00
3.516326999999999980e+00
3.631641000000000119e+00
3.666930000000000245e+00
3.953336999999999879e+00
3.967416000000000054e+00
4.274745000000000239e+00
4.364336999999999911e+00
5.393697000000000408e+00
5.427305999999999742e+00
5.434368000000000087e+00
5.924601000000000006e+00
5.949315000000000353e+00
6.101379000000000552e+00
6.250872000000000206e+00
6.431880000000000486e+00
6.491511000000000031e+00
6.628328999999999915e+00
6.822294000000000302e+00
6.858356999999999815e+00
6.916719000000000506e+00
7.063419000000000558e+00
7.287303000000000530e+00
7.411191000000000528e+00
7.665168000000000426e+00
8.485941000000000400e+00
8.802099000000000117e+00
8.883620999999999768e+00
9.099185999999999552e+00
9.139787999999999357e+00
9.310760999999999399e+00
9.533271000000000939e+00
