4.392000000000000071e-03
2.145630000000000037e-01
3.525840000000000085e-01
5.786010000000000320e-01
7.003620000000000401e-01
8.612670000000000048e-01
9.097800000000000331e-01
1.084565999999999919e+00
1.152459000000000122e+00
1.496001000000000136e+00
1.862870999999999944e+00
1.927038000000000029e+00
1.946204999999999963e+00
1.962444000000000077e+00
2.057822999999999958e+00
2.149677000000000060e+00
2.269530000000000047e+00
2.616585000000000161e+00
2.655168000000000195e+00
2.733150000000000190e+00
2.897000999999999937e+00
3.332822999999999869e+00
4.146582000000000434e+00
4.393557000000000379e+00
4.541400000000000325e+00
5.098832999999999949e+00
5.271276000000000295e+00
5.821257000000000126e+00
5.904093000000000480e+00
6.065174999999999983e+00
6.104331000000000174e+00
6.331382999999999761e+00
6.545973000000000042e+00
7.033370999999999817e+00
7.279656000000000127e+00
7.337012999999999785e+00
7.605681000000000580e+00
7.856586000000000070e+00
7.946202000000000432e+00
8.305080000000000240e+00
8.579145000000000465e+00
8.701646999999999466e+00
8.926994999999999791e+00
8.997704999999999842e+00
9.010929000000000855e+00
9.413192999999999699e+00
9.580752000000000379e+00
9.601650000000001128e+00
9.848492999999999498e+00
