1.065689999999999971e-01
1.754779999999999951e-01
5.973959999999999271e-01
6.434864999999999613e-01
6.729144999999999710e-01
1.000264000000000042e+00
1.443795999999999857e+00
1.571868999999999961e+00
1.732194999999999929e+00
1.812654999999999905e+00
2.153129999999999988e+00
2.505203999999999986e+00
2.573333499999999940e+00
2.775339999999999918e+00
3.058376999999999679e+00
3.246354999999999880e+00
3.419667499999999638e+00
3.764172999999999991e+00
3.809891499999999986e+00
4.224993999999999694e+00
4.307033500000000181e+00
4.680855000000000210e+00
4.725501999999999647e+00
4.787999499999999742e+00
4.870445499999999761e+00
4.941360500000000044e+00
4.961443000000000048e+00
5.303946999999999967e+00
5.409362499999999407e+00
5.443227499999999885e+00
5.599570499999999562e+00
5.641417499999999308e+00
5.701360499999999831e+00
5.790481999999999907e+00
6.204324999999999868e+00
6.278637999999999941e+00
6.844345499999999305e+00
7.034461499999999923e+00
7.748510500000000079e+00
7.974662999999999613e+00
8.154309500000000099e+00
8.218878499999998866e+00
8.309453500000000048e+00
8.392051000000000371e+00
8.705529499999999032e+00
8.904476999999999975e+00
9.161302499999999682e+00
9.242345000000000255e+00
9.419078499999999465e+00
9.592747499999999761e+00
9.656289499999999748e+00
