1.031279999999999974e-01
1.287989999999999968e-01
2.815695000000000281e-01
3.368745000000000211e-01
3.843697500000000100e-01
4.374532500000000157e-01
5.065425000000000066e-01
5.296815000000000273e-01
5.645445000000000046e-01
6.008505000000000651e-01
6.163252500000000467e-01
6.208237500000000075e-01
9.096104999999999885e-01
1.169305500000000109e+00
1.260294000000000025e+00
1.515286499999999981e+00
1.844934000000000074e+00
2.061481500000000189e+00
2.279135249999999946e+00
2.475153000000000159e+00
2.577096000000000053e+00
2.859455249999999893e+00
2.887010249999999889e+00
3.100381500000000123e+00
3.603337500000000304e+00
3.677331000000000127e+00
3.857275500000000079e+00
4.054946250000000418e+00
4.344964499999999674e+00
4.660124999999999851e+00
4.955256750000000210e+00
5.202946500000000363e+00
5.267773500000000553e+00
5.291974500000000248e+00
5.307090000000000529e+00
5.801063250000000338e+00
5.963127000000000066e+00
6.119785499999999878e+00
6.605442000000000036e+00
6.985481250000000308e+00
7.061670750000000218e+00
8.242442999999999742e+00
8.691874500000000836e+00
8.726300249999999536e+00
8.946983250000000609e+00
9.697886249999999819e+00
9.880630500000000538e+00
