1.072449999999999966e-02
5.704690000000000039e-01
6.644329999999999403e-01
7.605885000000000007e-01
8.396659999999999124e-01
1.103102000000000027e+00
1.224411999999999834e+00
1.957614499999999813e+00
2.212410499999999836e+00
2.370504500000000014e+00
2.819205499999999809e+00
3.210680500000000048e+00
3.259070499999999981e+00
3.318136500000000044e+00
3.649949499999999958e+00
3.829655499999999879e+00
3.987236499999999850e+00
4.614972499999999478e+00
4.689707999999999544e+00
4.885294000000000025e+00
5.182423000000000002e+00
5.852421999999999791e+00
5.886050499999999630e+00
5.973055500000000073e+00
6.895762500000000017e+00
7.508103999999999445e+00
7.780218999999999774e+00
8.080956499999999210e+00
8.107112499999999500e+00
8.518929999999999225e+00
8.634465499999999238e+00
8.722826500000000038e+00
8.822390499999999136e+00
8.992703999999999809e+00
9.061483499999999580e+00
9.260925499999999033e+00
