3.184859999999999913e-01
3.278309999999999835e-01
6.332910000000000483e-01
2.452485000000000248e+00
2.810672999999999977e+00
2.901419999999999888e+00
3.156444000000000027e+00
3.174984000000000250e+00
3.196203000000000127e+00
3.206847000000000225e+00
3.649154999999999927e+00
4.127642999999999951e+00
4.572738000000000191e+00
4.883468999999999838e+00
4.956153000000000475e+00
5.805621000000000365e+00
6.220938000000000301e+00
6.665859000000000201e+00
6.685535999999999923e+00
6.698268000000000555e+00
7.519008000000000358e+00
7.778834999999999944e+00
8.177919000000001049e+00
8.444207999999999714e+00
8.524560000000001025e+00
8.607753000000000654e+00
8.714330999999999605e+00
8.886114000000000956e+00
8.946666000000000452e+00
9.045263999999999527e+00
9.165155999999999636e+00
9.371340000000000003e+00
9.494747999999999521e+00
9.825509999999999522e+00
