7.978299999999999281e-02
5.278969999999999496e-01
8.591039999999999788e-01
1.048205000000000053e+00
1.058926999999999952e+00
1.075949999999999962e+00
1.222177999999999987e+00
1.759948999999999986e+00
2.434968999999999717e+00
3.196667999999999843e+00
3.270036999999999860e+00
3.525846000000000036e+00
3.819040999999999908e+00
4.073680999999999663e+00
4.214071999999999818e+00
4.321769999999999889e+00
4.521577999999999875e+00
4.840189999999999770e+00
4.986035999999999468e+00
5.043391999999999875e+00
5.148187000000000069e+00
5.216622999999999344e+00
5.244266999999999790e+00
5.501692999999999500e+00
6.482959000000000138e+00
6.652899999999999814e+00
6.981804999999999595e+00
7.097190999999999583e+00
7.308514999999999873e+00
8.467946999999998781e+00
8.742205999999999477e+00
8.763203999999999994e+00
8.826871999999999829e+00
9.333349999999999369e+00
9.492803999999999576e+00
9.772209999999999397e+00
9.856923000000000101e+00
