1.102530000000000038e-01
7.018950000000000466e-01
7.815809999999999702e-01
1.018445999999999962e+00
1.094144999999999923e+00
1.162649999999999961e+00
1.753008000000000122e+00
1.794162000000000035e+00
2.300133000000000205e+00
2.336120999999999892e+00
2.701791000000000054e+00
2.781522000000000272e+00
2.869962000000000124e+00
3.006228000000000122e+00
3.146724000000000299e+00
3.193632000000000026e+00
3.349113000000000007e+00
3.531228000000000034e+00
3.587000999999999884e+00
3.626187000000000271e+00
3.675731999999999999e+00
3.715488000000000124e+00
3.862035000000000107e+00
4.502448000000000228e+00
4.681760999999999839e+00
4.851243000000000194e+00
5.972547000000000494e+00
6.113157000000000174e+00
6.933675000000000033e+00
7.182990000000000208e+00
7.351379999999999804e+00
7.453809000000000573e+00
7.697315999999999825e+00
7.709553000000000544e+00
7.974123000000000516e+00
8.499021000000000825e+00
8.805879000000000900e+00
8.891237999999999531e+00
8.914811999999999514e+00
9.080109000000000208e+00
9.138692999999999955e+00
9.242615999999999943e+00
9.326252999999999460e+00
9.568620000000001014e+00
9.692747999999999919e+00
9.800822999999999396e+00
9.937269000000000574e+00
