1.025655000000000039e-01
8.760780000000000234e-01
1.057781250000000117e+00
1.756423500000000137e+00
1.875456000000000012e+00
2.189754000000000200e+00
2.452316249999999975e+00
2.467373250000000073e+00
2.851693500000000103e+00
2.980503000000000124e+00
3.020165250000000245e+00
3.362019000000000091e+00
3.573369000000000018e+00
3.733938000000000201e+00
3.851271749999999994e+00
4.070828999999999809e+00
4.188050999999999746e+00
4.488255750000000432e+00
5.189848500000000087e+00
5.306902500000000522e+00
5.965151999999999788e+00
6.362184749999999944e+00
6.623111250000000005e+00
6.856637250000000350e+00
7.133082749999999805e+00
7.591925999999999952e+00
7.967414250000000031e+00
8.526177750000000444e+00
8.582789249999999370e+00
8.701071000000000666e+00
8.749253250000000648e+00
8.825567250000000641e+00
8.861598000000000752e+00
9.388548749999999998e+00
9.475799999999999557e+00
9.503943749999999469e+00
9.820137000000000782e+00
9.952037250000000057e+00
