1.033432499999999976e-01
5.422050000000000480e-01
7.228769999999999918e-01
1.203520499999999993e+00
1.254074249999999946e+00
1.500557249999999954e+00
1.715869499999999936e+00
1.760680500000000093e+00
2.174920500000000256e+00
2.226172500000000110e+00
2.375837999999999894e+00
2.500094250000000073e+00
2.541465749999999968e+00
2.561666999999999916e+00
2.896442250000000218e+00
3.029706749999999893e+00
3.047950500000000229e+00
3.217680000000000096e+00
3.243000750000000210e+00
3.329953500000000233e+00
3.490733249999999899e+00
3.605860499999999913e+00
3.667152750000000072e+00
4.582946999999999882e+00
4.611669749999999901e+00
4.876575749999999765e+00
4.934208749999999810e+00
5.010977999999999710e+00
5.256243750000000325e+00
5.711270999999999987e+00
5.729701500000000003e+00
6.128411999999999971e+00
6.235898249999999976e+00
6.334004250000000447e+00
6.423166499999999779e+00
6.451245000000000118e+00
6.587232750000000081e+00
6.764016750000000577e+00
7.041716250000000343e+00
7.257101249999999837e+00
7.325523000000000451e+00
7.675297500000000106e+00
7.726833000000000062e+00
7.826101500000000044e+00
8.206927500000000819e+00
8.264455500000000399e+00
8.562998999999999583e+00
8.960188500000001000e+00
9.113438249999999741e+00
9.132730500000000973e+00
9.270758999999999972e+00
9.360111749999999731e+00
9.365742000000000900e+00
9.410189250000000172e+00
9.466342499999999660e+00
9.640852499999999381e+00
9.971891250000000539e+00
