6.800249999999999871e-03
3.241627499999999995e-01
4.164532499999999970e-01
9.029745000000000132e-01
1.202700000000000102e+00
1.462500000000000133e+00
1.660224750000000027e+00
2.059567499999999995e+00
2.275173749999999995e+00
2.299549499999999913e+00
2.306849999999999845e+00
2.398613249999999919e+00
2.521994999999999987e+00
2.856282750000000092e+00
3.185961000000000265e+00
3.464490749999999952e+00
3.559813500000000186e+00
3.670671749999999900e+00
3.792417750000000254e+00
4.059567750000000252e+00
4.116436499999999832e+00
4.177722750000000040e+00
4.624097250000000159e+00
4.682645250000000203e+00
4.779759750000000196e+00
4.946860500000000549e+00
5.047278000000000375e+00
5.994336000000000553e+00
6.166332750000000473e+00
6.252311999999999870e+00
6.658662750000000408e+00
6.805451249999999952e+00
6.818044500000000063e+00
7.311585000000000001e+00
7.544715749999999943e+00
7.796381250000000485e+00
7.945106250000000259e+00
7.991046750000000642e+00
8.044365000000000876e+00
8.258900249999999943e+00
8.334048000000001011e+00
8.465570250000000740e+00
8.551505249999999947e+00
8.782904249999999635e+00
9.074963999999999587e+00
9.152546250000000327e+00
9.396375000000000810e+00
9.435218250000000140e+00
9.748589250000000206e+00
