8.278649999999999898e-02
2.142652500000000182e-01
4.848067500000000085e-01
5.428064999999999696e-01
7.369875000000000176e-01
7.498267499999999863e-01
9.447674999999999823e-01
9.752842500000000747e-01
1.185776249999999976e+00
1.383933000000000080e+00
1.555806750000000127e+00
1.596953999999999985e+00
1.648772249999999939e+00
1.720363499999999934e+00
2.326759500000000092e+00
2.531498250000000283e+00
2.977430250000000278e+00
2.985605249999999877e+00
2.994473999999999858e+00
3.727327499999999905e+00
4.048214999999999897e+00
4.613303250000000411e+00
4.960499999999999687e+00
5.196820500000000287e+00
5.280988500000000307e+00
5.341233749999999780e+00
5.705425500000000483e+00
5.852731499999999976e+00
5.871006000000000391e+00
5.901637500000000536e+00
6.895348499999999881e+00
7.014407250000000538e+00
7.087559999999999860e+00
7.422724500000000170e+00
7.436381250000000165e+00
7.691982750000000202e+00
7.746128249999999937e+00
8.147281500000000065e+00
8.225884499999999377e+00
8.620743000000000933e+00
8.969319000000000486e+00
8.998858500000000760e+00
9.420377999999999474e+00
9.463831499999999508e+00
9.810042750000000922e+00
