4.154249999999999957e-03
9.189674999999999927e-02
1.061242500000000033e-01
2.332440000000000069e-01
3.071099999999999941e-01
9.875737500000000280e-01
1.047188999999999925e+00
1.264502999999999933e+00
1.790717250000000149e+00
2.041779000000000011e+00
2.070449250000000241e+00
2.131092000000000208e+00
2.175953250000000061e+00
2.197140000000000093e+00
2.560651500000000080e+00
2.568065999999999960e+00
2.705711250000000234e+00
2.788215749999999993e+00
3.132304500000000047e+00
3.142892250000000054e+00
3.283701000000000203e+00
3.312354000000000021e+00
4.035442500000000265e+00
4.082672249999999892e+00
4.138792500000000096e+00
4.223434499999999758e+00
4.637948249999999994e+00
5.056056749999999766e+00
5.087735249999999709e+00
5.288610750000000138e+00
5.440175250000000240e+00
5.532886500000000041e+00
6.012108000000000452e+00
6.134307750000000503e+00
6.183782250000000147e+00
6.361584750000000454e+00
6.485330250000000518e+00
6.576260249999999807e+00
6.602758500000000197e+00
6.692127000000000159e+00
7.012955250000000085e+00
7.142436000000000007e+00
7.410544500000000312e+00
7.441845750000000592e+00
7.671651750000000547e+00
7.812555750000000465e+00
8.119848750000000948e+00
8.290894500000000278e+00
8.739608999999999739e+00
9.165603750000000716e+00
9.229062750000000648e+00
9.432990750000000091e+00
9.646487999999999730e+00
