8.668149999999999467e-02
3.046024999999999983e-01
3.359054999999999680e-01
4.611744999999999872e-01
4.698957500000000009e-01
5.239392499999999675e-01
1.126962000000000019e+00
1.243366500000000041e+00
1.283497749999999993e+00
1.379616749999999836e+00
1.413491749999999936e+00
1.635303500000000021e+00
1.904869749999999806e+00
2.046995749999999781e+00
2.152707749999999809e+00
2.815412999999999943e+00
2.997687249999999803e+00
3.043440249999999736e+00
3.071720500000000076e+00
3.153413749999999904e+00
3.190798499999999649e+00
3.340742499999999726e+00
3.484555499999999917e+00
4.518929749999999856e+00
4.566068249999999829e+00
4.947191000000000116e+00
5.291645749999999815e+00
5.305439999999999934e+00
5.488400500000000015e+00
6.583685499999999635e+00
6.645233499999999793e+00
6.742996250000000025e+00
6.771383499999999778e+00
6.822503249999999575e+00
7.207237749999999998e+00
7.534755249999999904e+00
7.682792999999999317e+00
8.194976999999999734e+00
8.207112249999999776e+00
8.226063500000000417e+00
8.358839249999999055e+00
8.472313500000000275e+00
9.173736249999999259e+00
