2.410349999999999993e-01
3.370140000000000358e-01
4.940820000000000212e-01
6.986940000000000373e-01
8.427240000000000286e-01
9.862440000000000095e-01
1.001549999999999940e+00
1.009589999999999987e+00
1.040304000000000118e+00
1.123596000000000039e+00
1.259897999999999962e+00
1.272345000000000059e+00
2.079080999999999957e+00
2.501847000000000154e+00
2.523747000000000185e+00
2.767625999999999920e+00
2.833496999999999932e+00
3.244059000000000026e+00
3.656369999999999898e+00
3.797946000000000044e+00
4.014263999999999832e+00
4.070217000000000418e+00
4.383789000000000158e+00
4.408731000000000400e+00
4.472622000000000320e+00
4.767132000000000147e+00
4.864793999999999841e+00
5.135226000000000290e+00
5.144855999999999874e+00
5.524566000000000088e+00
5.887020000000000586e+00
6.055506000000000277e+00
6.101963999999999722e+00
6.447435000000000471e+00
6.715995000000000381e+00
6.791249999999999787e+00
7.107995999999999981e+00
7.505676000000000236e+00
7.846613999999999756e+00
7.950300000000000367e+00
8.086418999999999357e+00
8.137256999999999962e+00
8.187464999999999549e+00
8.460537000000000418e+00
8.546699999999999520e+00
8.618526000000001019e+00
8.721114000000000033e+00
8.901044999999999874e+00
9.127157999999999660e+00
9.558882000000000545e+00
