3.194460000000000077e-01
6.977632500000000570e-01
7.231117500000000531e-01
7.959104999999999652e-01
8.180715000000000625e-01
9.703815000000000079e-01
1.022469749999999955e+00
1.726724249999999961e+00
1.993312500000000043e+00
2.379784499999999969e+00
2.414904750000000266e+00
2.526013499999999912e+00
2.749632749999999959e+00
2.820673500000000278e+00
3.183740250000000049e+00
3.247562999999999978e+00
3.314329499999999928e+00
3.418865250000000078e+00
3.750719249999999949e+00
3.819390750000000168e+00
4.211999999999999744e+00
4.338766500000000192e+00
4.500447000000000308e+00
4.551993750000000283e+00
4.686250499999999874e+00
4.940985000000000404e+00
5.644429500000000210e+00
5.896386750000000454e+00
5.936328000000000493e+00
6.153749249999999726e+00
6.206556749999999845e+00
6.217023750000000071e+00
6.509313000000000571e+00
6.533439000000000441e+00
6.981737250000000117e+00
6.999747000000000163e+00
7.219542000000000570e+00
7.356095250000000085e+00
7.651527000000000633e+00
8.230928249999999835e+00
8.305434749999999866e+00
9.372066750000000113e+00
9.491188499999999806e+00
9.499949250000000234e+00
9.819771750000001020e+00
