1.024450000000000013e-02
1.210484999999999894e-01
2.113499999999999823e-01
6.452344999999999331e-01
1.007773499999999878e+00
1.057981999999999978e+00
1.170820500000000042e+00
1.371976499999999932e+00
1.399065999999999921e+00
1.464829500000000007e+00
1.510673500000000002e+00
1.976374499999999923e+00
2.069908499999999929e+00
2.112276500000000112e+00
2.183507499999999713e+00
2.360297499999999715e+00
2.379331499999999711e+00
2.687144999999999673e+00
3.096678999999999959e+00
3.123613499999999821e+00
3.136184999999999778e+00
3.489145999999999859e+00
3.623391999999999946e+00
3.939249999999999918e+00
4.461145999999999390e+00
4.540662000000000198e+00
4.841868999999999978e+00
5.151913999999999660e+00
5.334766499999999745e+00
5.441086499999999937e+00
5.541466499999999407e+00
5.651934999999999931e+00
5.760077499999999517e+00
5.896538500000000127e+00
6.193691499999999905e+00
6.304756499999999875e+00
6.625593499999999914e+00
6.738711499999999965e+00
7.223998499999999545e+00
7.312328499999999565e+00
7.562485499999999305e+00
7.593123499999999915e+00
7.719409999999999883e+00
8.132944999999999425e+00
8.277222000000000079e+00
8.408939000000000163e+00
8.581865999999999772e+00
8.728012999999998911e+00
8.787519999999998888e+00
8.825107499999999661e+00
9.225716499999998987e+00
9.240928000000000253e+00
9.322426999999999353e+00
9.387971999999999539e+00
9.543466499999999186e+00
9.665059499999999915e+00
9.835456999999999894e+00
9.922370499999999538e+00
9.960333999999999577e+00
