2.976917499999999772e-01
5.808717500000000200e-01
6.138842500000000202e-01
7.702284999999999826e-01
1.172523749999999865e+00
1.226711749999999990e+00
1.280787249999999933e+00
1.358190499999999856e+00
1.448887249999999849e+00
1.517426999999999859e+00
1.565119750000000032e+00
1.614583249999999914e+00
1.877330749999999826e+00
2.950114249999999938e+00
3.046945499999999640e+00
3.202027499999999804e+00
3.430751499999999954e+00
3.716847249999999825e+00
4.018924999999999415e+00
4.196916749999999752e+00
4.488298499999999969e+00
4.555784000000000056e+00
4.984495499999999524e+00
5.180553999999999881e+00
5.232237249999999840e+00
5.480481499999999784e+00
6.303593999999999475e+00
6.468782999999999284e+00
7.360120499999999844e+00
7.483996999999999566e+00
7.524923999999999502e+00
7.542766249999999673e+00
7.969357749999999463e+00
8.484929499999999791e+00
8.671637999999999735e+00
9.291840750000000426e+00
9.361863999999998853e+00
9.468209249999999244e+00
9.621629249999999800e+00
9.856808499999999640e+00
