4.102950000000000208e-01
7.412610000000000587e-01
9.551490000000000258e-01
1.107221999999999928e+00
1.264844999999999997e+00
1.313933999999999935e+00
1.392108000000000123e+00
1.496004000000000111e+00
1.658981999999999957e+00
1.711130999999999958e+00
1.862627999999999950e+00
2.116547999999999874e+00
2.547063000000000077e+00
2.649087000000000192e+00
2.862284999999999968e+00
3.613446000000000158e+00
3.642072000000000198e+00
4.032891000000000226e+00
4.757249999999999979e+00
4.806048000000000542e+00
4.897065000000000445e+00
5.385429000000000244e+00
5.774331000000000103e+00
6.196470000000000589e+00
7.061970000000000525e+00
7.134389999999999787e+00
7.174164000000000208e+00
7.611462000000000394e+00
7.891731000000000051e+00
7.903001999999999860e+00
7.972497000000000611e+00
8.118351000000000539e+00
9.307377000000000677e+00
9.408633000000000024e+00
