1.917699999999999830e-03
1.093199999999999901e-02
2.434282999999999864e-01
5.009755999999999654e-01
5.430897999999999559e-01
5.704417999999999989e-01
7.901180999999999344e-01
1.106886700000000001e+00
1.890400899999999940e+00
1.935043799999999869e+00
1.952001499999999945e+00
1.960882599999999920e+00
2.181047200000000075e+00
2.568368699999999727e+00
2.739246399999999859e+00
3.538548999999999722e+00
4.361003000000000185e+00
4.379300599999999655e+00
4.432193499999999453e+00
5.228672699999999729e+00
5.270761799999999830e+00
5.547428199999999698e+00
5.577466900000000116e+00
5.769596199999999619e+00
5.854372800000000154e+00
6.365982400000000041e+00
6.467062699999999609e+00
6.564548999999999523e+00
6.805472799999999545e+00
