1.002549999999999969e-02
2.844174999999999898e-01
4.284659999999999580e-01
4.476264999999999827e-01
4.941654999999999798e-01
8.361184999999999867e-01
8.478534999999999267e-01
1.054295999999999900e+00
1.155754500000000018e+00
1.233412999999999871e+00
1.620122999999999980e+00
1.704985499999999821e+00
1.729835999999999929e+00
1.805614499999999900e+00
1.917554999999999898e+00
1.986850499999999853e+00
2.199694000000000038e+00
2.456270500000000023e+00
2.763322499999999682e+00
2.778600999999999654e+00
2.872227499999999711e+00
3.670732499999999732e+00
3.684673999999999783e+00
3.866854499999999639e+00
3.922333999999999765e+00
3.979243499999999933e+00
4.271601500000000051e+00
4.416104499999999433e+00
4.599262500000000031e+00
4.729639999999999844e+00
4.786545999999999523e+00
5.027485999999999677e+00
5.209633499999999806e+00
5.289028499999999688e+00
5.333673999999999360e+00
5.519616999999999329e+00
5.566635499999999404e+00
5.616840999999999973e+00
5.895929499999999379e+00
5.930644000000000027e+00
6.077583999999999875e+00
6.422848999999999364e+00
6.462233999999999590e+00
6.731208999999999776e+00
6.993983999999999313e+00
7.109407499999999658e+00
7.168455499999999425e+00
7.379788500000000084e+00
7.480320999999999998e+00
7.532174999999999621e+00
7.851893500000000081e+00
8.336423500000000431e+00
8.510500499999999136e+00
8.563765000000000072e+00
8.786848499999999618e+00
9.084257499999999652e+00
9.363863999999999521e+00
9.440903499999999227e+00
9.590387500000000287e+00
9.804508000000000223e+00
