3.227251999999999899e-01
7.445138000000000034e-01
8.710636999999999963e-01
9.325047999999999115e-01
1.082992199999999849e+00
2.114092799999999883e+00
2.276370899999999864e+00
2.524581799999999987e+00
3.125270399999999782e+00
3.187594099999999653e+00
3.532487900000000014e+00
3.634815399999999919e+00
3.899669700000000017e+00
3.948427999999999827e+00
4.109950399999999782e+00
4.409593199999999769e+00
4.685099999999999376e+00
4.717566299999999657e+00
4.878711299999999973e+00
5.106661499999999521e+00
5.216140600000000127e+00
5.335850599999999666e+00
5.408621000000000123e+00
5.462315399999999599e+00
5.515294299999999872e+00
5.580946199999999635e+00
5.999590699999999721e+00
6.176739899999999395e+00
6.674115299999999529e+00
