2.730779999999999874e-01
8.196180000000000687e-01
1.155264000000000069e+00
1.188012000000000068e+00
1.294205999999999968e+00
1.305776999999999965e+00
1.506798000000000082e+00
1.757271000000000027e+00
1.912023000000000028e+00
2.291120999999999963e+00
2.468142000000000280e+00
2.687063999999999897e+00
2.998458000000000290e+00
3.503757000000000232e+00
3.569577000000000222e+00
3.789012000000000047e+00
3.883802999999999894e+00
4.508918999999999677e+00
4.885932000000000386e+00
5.001519000000000048e+00
5.232255000000000322e+00
5.577522000000000091e+00
5.910624000000000322e+00
6.184581000000000550e+00
6.203898000000000579e+00
6.409548000000000023e+00
6.661032000000000508e+00
7.240776000000000323e+00
7.418763000000000218e+00
7.436022000000000354e+00
7.624353000000000158e+00
8.049540000000000362e+00
8.217824999999999491e+00
8.270402999999999949e+00
8.283666000000000196e+00
8.371230000000000615e+00
8.454159000000000646e+00
8.481953999999999994e+00
8.592926999999999538e+00
8.960997000000000767e+00
9.308939999999999770e+00
