1.213771999999999907e-01
2.784553999999999641e-01
3.298333999999999988e-01
4.636032999999999960e-01
7.805080999999999269e-01
9.277033999999999558e-01
9.460508999999999169e-01
1.349594999999999878e+00
1.447918799999999839e+00
1.597628899999999907e+00
2.054789399999999766e+00
2.065866299999999711e+00
2.155204200000000014e+00
2.206778399999999696e+00
2.723684800000000017e+00
2.837146799999999747e+00
2.929192199999999691e+00
3.740264099999999647e+00
3.930178599999999633e+00
4.034162199999999920e+00
4.217531900000000000e+00
4.620111599999999541e+00
4.719772899999999716e+00
5.169433399999999956e+00
5.237840999999999525e+00
5.291811599999999949e+00
5.615135699999999730e+00
6.073031099999999682e+00
6.103345199999999693e+00
