2.914326999999999890e-01
7.612727999999999717e-01
9.598745999999999112e-01
1.310659899999999878e+00
1.589606799999999875e+00
1.618807699999999850e+00
1.833978299999999839e+00
2.003779699999999941e+00
2.202717100000000094e+00
2.287001199999999734e+00
2.554193099999999994e+00
2.591771300000000000e+00
2.769913999999999987e+00
2.825007499999999894e+00
2.899054699999999762e+00
2.959208700000000025e+00
3.176843599999999768e+00
3.726504999999999956e+00
4.171104500000000215e+00
4.237878099999999648e+00
4.379885499999999432e+00
4.808344499999999577e+00
4.835237999999999481e+00
4.868443199999999749e+00
4.904234499999999386e+00
5.359768499999999491e+00
5.391618300000000197e+00
5.758621699999999954e+00
5.884922500000000056e+00
5.895735699999999468e+00
5.992872900000000058e+00
6.056589799999999357e+00
6.110046899999999503e+00
6.192774000000000001e+00
6.375351499999999838e+00
6.832002799999999709e+00
