4.446750000000000008e-02
2.385292499999999982e-01
7.032270000000000465e-01
7.822387499999999827e-01
8.284785000000000066e-01
9.930225000000000302e-01
1.132004250000000045e+00
1.387089000000000016e+00
1.608924750000000126e+00
1.641448500000000088e+00
1.674428250000000062e+00
1.789185750000000130e+00
2.220537750000000088e+00
2.478456749999999875e+00
2.619363750000000213e+00
2.748360750000000241e+00
2.756429999999999936e+00
2.943372000000000099e+00
3.009784499999999863e+00
3.057117750000000189e+00
3.101478750000000062e+00
3.194008500000000250e+00
4.218345750000000116e+00
4.260456750000000348e+00
4.282371000000000372e+00
4.331518500000000493e+00
4.520190000000000374e+00
5.230490249999999897e+00
5.685776249999999976e+00
6.534637500000000543e+00
6.724607250000000036e+00
6.904587750000000135e+00
7.083135000000000403e+00
7.274053499999999950e+00
7.529941500000000509e+00
7.563919499999999907e+00
7.986192749999999840e+00
8.177637000000000711e+00
8.695688249999999897e+00
8.813507250000000681e+00
9.154788749999999808e+00
9.332314500000000734e+00
9.831792749999999970e+00
