2.940100000000000005e-02
7.453719999999999790e-02
2.624607999999999941e-01
3.440673999999999677e-01
3.789640999999999704e-01
4.605464999999999698e-01
7.166013999999999440e-01
7.454868000000000050e-01
8.909281000000000006e-01
1.047623599999999877e+00
1.232055600000000029e+00
1.383986199999999833e+00
1.730277300000000018e+00
1.865758699999999992e+00
2.089172899999999888e+00
2.114539699999999911e+00
2.164917399999999770e+00
2.334425500000000042e+00
2.665594199999999692e+00
3.017228999999999939e+00
3.095702900000000035e+00
3.227266599999999652e+00
3.489997999999999934e+00
3.709348199999999984e+00
3.742894900000000025e+00
3.811094299999999713e+00
4.593090699999999416e+00
4.878399899999999789e+00
4.890016399999999486e+00
4.942185499999999898e+00
5.005296200000000084e+00
5.074571299999999674e+00
5.963273599999999952e+00
