6.147000000000000554e-03
9.105599999999999805e-02
1.368419999999999914e-01
2.664839999999999987e-01
4.512690000000000312e-01
9.684989999999999988e-01
1.165944000000000091e+00
1.202309999999999990e+00
1.486661999999999928e+00
1.939367999999999981e+00
2.012274000000000118e+00
2.202011999999999858e+00
2.311739999999999906e+00
2.385651000000000188e+00
2.595381000000000160e+00
2.923970999999999876e+00
3.161033999999999899e+00
3.288816000000000184e+00
3.533082000000000278e+00
3.681345000000000312e+00
4.085531999999999719e+00
4.282365000000000421e+00
4.485587999999999909e+00
4.641500999999999877e+00
5.043975000000000541e+00
5.061594000000000371e+00
5.153151000000000259e+00
6.073908000000000307e+00
6.252309000000000339e+00
6.439271999999999885e+00
6.647655000000000314e+00
7.025037000000000198e+00
7.504299000000000497e+00
8.081234999999999502e+00
8.162394000000000815e+00
8.317422000000000537e+00
8.391588000000000491e+00
8.902770000000000294e+00
9.167103000000000890e+00
9.197400000000000020e+00
9.548652000000000584e+00
9.688935000000000741e+00
9.951486000000000942e+00
