6.266250000000000119e-03
4.555845000000000034e-01
5.886967499999999909e-01
6.348382500000000483e-01
6.641970000000000374e-01
7.200262499999999788e-01
7.725945000000000729e-01
7.991475000000000106e-01
8.862060000000000493e-01
9.059362499999999985e-01
1.057921499999999959e+00
1.118367000000000111e+00
1.165242749999999994e+00
1.244348250000000045e+00
1.260794250000000005e+00
1.321811999999999987e+00
1.426053000000000015e+00
2.007440250000000148e+00
2.454238500000000212e+00
2.862223500000000254e+00
3.183864000000000249e+00
3.283675500000000191e+00
3.423946500000000004e+00
3.481376250000000283e+00
3.727016250000000142e+00
3.776393249999999924e+00
3.801690750000000119e+00
4.300356749999999728e+00
4.397373749999999859e+00
4.631340750000000561e+00
4.695342750000000009e+00
4.879496999999999751e+00
4.894044749999999944e+00
5.004888000000000225e+00
5.075344499999999925e+00
5.105127750000000297e+00
5.928339000000000247e+00
6.028827750000000485e+00
6.083033249999999725e+00
6.392878500000000130e+00
7.110158250000000457e+00
7.250054249999999811e+00
7.369368750000000468e+00
7.738722000000000101e+00
8.015067750000000046e+00
8.082557250000000693e+00
8.562762750000000977e+00
8.654652000000000456e+00
8.708952749999999909e+00
9.149353500000000139e+00
9.735098250000000064e+00
9.820590000000001041e+00
