4.503499999999999691e-03
2.326399999999999996e-02
1.836160000000000014e-01
2.061584999999999945e-01
2.187339999999999840e-01
3.252849999999999908e-01
5.130994999999999306e-01
8.309309999999999752e-01
8.937519999999999909e-01
9.325549999999999118e-01
1.067118499999999859e+00
1.395920999999999967e+00
1.451446000000000014e+00
1.830136499999999833e+00
2.100373999999999963e+00
2.173670999999999687e+00
2.518536000000000108e+00
2.670783999999999825e+00
2.781577500000000036e+00
3.029224499999999765e+00
3.396417999999999715e+00
3.610690500000000025e+00
4.253216499999999733e+00
4.472469999999999501e+00
4.618301499999999393e+00
4.694535499999999750e+00
4.805677000000000199e+00
5.014073999999999920e+00
5.075553499999999829e+00
5.127488500000000116e+00
5.535205999999999626e+00
5.715014499999999664e+00
5.994922499999999488e+00
6.496430000000000149e+00
6.756514999999999382e+00
6.918019999999999392e+00
7.089298999999999573e+00
7.245458999999999428e+00
7.353776499999999494e+00
7.385968000000000089e+00
7.395799999999999486e+00
7.453589000000000020e+00
7.713486999999999760e+00
7.818313999999999986e+00
7.827566499999999650e+00
7.899967999999999435e+00
8.027639499999999373e+00
8.272367499999999652e+00
8.298358499999999083e+00
8.527968999999998800e+00
8.577044499999999516e+00
8.931036499999999378e+00
8.944143999999999650e+00
9.403667000000000442e+00
9.602737499999999926e+00
9.613538999999999390e+00
9.881420499999999052e+00
