6.553749999999999680e-03
1.436524999999999955e-02
3.074024999999999674e-01
3.297532499999999978e-01
3.457219999999999738e-01
6.432565000000000088e-01
6.700327499999999548e-01
9.012047499999999989e-01
1.185059249999999897e+00
1.280098999999999876e+00
1.524028749999999821e+00
1.559700749999999969e+00
1.583241249999999933e+00
1.618669750000000018e+00
1.661958499999999894e+00
1.757359999999999811e+00
1.843170250000000010e+00
2.067010499999999862e+00
2.222643999999999842e+00
2.315906249999999833e+00
2.464553500000000064e+00
2.738892249999999695e+00
2.960187499999999972e+00
3.024224999999999941e+00
3.056006000000000000e+00
3.482816999999999830e+00
4.128873500000000085e+00
4.221448500000000159e+00
4.550601499999999966e+00
4.687974749999999524e+00
4.933536750000000026e+00
5.030057999999999474e+00
5.125637499999999847e+00
5.564928499999999723e+00
5.740008999999999695e+00
5.958480250000000034e+00
6.002879999999999328e+00
6.220393500000000131e+00
6.796753999999999962e+00
6.874209249999999827e+00
7.248466249999999889e+00
7.667163999999999646e+00
7.723198499999999633e+00
8.075453749999999431e+00
8.315340749999998948e+00
8.408964499999999731e+00
8.750258999999999787e+00
8.896172999999999220e+00
9.377160500000000454e+00
9.422275499999999582e+00
9.484084499999999807e+00
9.539871749999999651e+00
9.577653249999999119e+00
9.764522749999999363e+00
