2.720144999999999924e-01
6.560017500000000501e-01
1.467705750000000142e+00
1.661686500000000066e+00
1.816075499999999954e+00
1.906035000000000146e+00
2.279421750000000024e+00
2.449031999999999876e+00
2.763035250000000165e+00
3.220334250000000065e+00
3.439756500000000106e+00
3.579069749999999939e+00
3.728143500000000277e+00
4.004355000000000331e+00
4.027862999999999971e+00
4.123977749999999887e+00
4.274750250000000307e+00
4.395999750000000539e+00
5.212585500000000316e+00
5.241884999999999906e+00
5.345579250000000116e+00
5.372888249999999921e+00
5.498318250000000518e+00
5.650402500000000217e+00
5.947815750000000179e+00
6.209309250000000446e+00
6.379038000000000430e+00
6.393519000000000396e+00
6.486359250000000465e+00
6.766417500000000196e+00
6.801873750000000385e+00
6.907228500000000437e+00
7.263024000000000591e+00
7.368565499999999879e+00
8.001424500000000606e+00
8.048570250000000925e+00
8.097343500000000915e+00
8.501539499999999805e+00
8.545463250000000954e+00
8.634108749999999333e+00
8.688149250000000379e+00
8.715383250000000359e+00
8.908726500000000215e+00
8.999611500000000319e+00
9.018195750000000288e+00
9.299587499999999451e+00
9.545911500000000771e+00
9.775746749999999707e+00
9.812169000000000807e+00
