4.527639999999999998e-01
5.678429999999999866e-01
6.332849999999999868e-01
7.584899999999999975e-01
9.448149999999999604e-01
9.604059999999999819e-01
9.724589999999999623e-01
1.783966999999999858e+00
1.891610999999999931e+00
2.034851999999999883e+00
2.627438999999999858e+00
2.676378999999999841e+00
2.693143999999999760e+00
2.966971999999999721e+00
3.623206999999999844e+00
3.635882999999999754e+00
3.668557999999999986e+00
3.776447999999999805e+00
3.798103999999999925e+00
4.236587000000000103e+00
4.459403000000000006e+00
4.598677999999999599e+00
4.926213999999999871e+00
5.337373999999999619e+00
5.462864999999999860e+00
5.488411999999999402e+00
5.666987999999999914e+00
5.906952999999999676e+00
5.968477000000000032e+00
5.995156999999999847e+00
6.020698999999999579e+00
6.134466999999999892e+00
6.239950999999999581e+00
6.639431999999999334e+00
6.829975000000000129e+00
7.322941999999999396e+00
7.880428999999999462e+00
7.998103999999999658e+00
8.325893999999999906e+00
8.751075000000000159e+00
9.018200999999999468e+00
9.045413999999999177e+00
9.166304999999999481e+00
9.307691999999999410e+00
9.384629000000000332e+00
9.725780999999999565e+00
9.784868999999998707e+00
