1.676632499999999859e-01
2.190509999999999957e-01
6.261619999999999964e-01
8.047424999999999162e-01
1.337929249999999959e+00
1.366511999999999949e+00
1.442782499999999857e+00
1.586893749999999992e+00
1.639122999999999886e+00
2.103520249999999869e+00
2.502239499999999950e+00
2.722656999999999883e+00
2.869942249999999806e+00
2.902433999999999958e+00
3.257564499999999974e+00
3.429948749999999880e+00
3.766674249999999891e+00
3.803099749999999890e+00
3.852183249999999948e+00
4.104295249999999839e+00
4.524524500000000060e+00
4.765118249999999556e+00
4.896870999999999974e+00
5.184541750000000171e+00
5.390511249999999421e+00
5.470914999999999750e+00
5.515947499999999337e+00
5.806549999999999656e+00
5.991504749999999824e+00
6.351852499999999679e+00
6.454827749999999753e+00
6.689535249999999600e+00
6.850366499999999803e+00
6.858235499999999263e+00
7.662710999999999828e+00
7.905680999999999514e+00
8.567288749999999453e+00
9.152793250000000214e+00
9.258768999999999139e+00
9.341965499999998812e+00
9.927398000000000167e+00
