2.824899999999999980e-02
1.383530000000000038e-01
1.994084999999999885e-01
2.592167999999999695e-01
3.670531999999999684e-01
4.307842999999999534e-01
5.819092000000000153e-01
5.949500999999999262e-01
1.174983299999999842e+00
1.334765899999999839e+00
1.388574299999999928e+00
1.562976900000000002e+00
1.736720399999999831e+00
1.759101499999999874e+00
2.688443299999999869e+00
2.976265600000000067e+00
3.041023800000000055e+00
3.190091999999999928e+00
3.292666399999999882e+00
3.323406899999999720e+00
3.892054799999999926e+00
4.131664199999999454e+00
4.190103299999999642e+00
4.287405599999999595e+00
4.388691699999999862e+00
4.668532799999999483e+00
4.849333699999999858e+00
5.126945000000000086e+00
5.356030500000000139e+00
5.680909499999999390e+00
5.765308099999999492e+00
5.868477099999999780e+00
6.364316199999999313e+00
6.441183499999999285e+00
6.523553599999999619e+00
6.559947600000000101e+00
6.749643700000000024e+00
6.915667699999999307e+00
7.028923799999999389e+00
7.167865299999999884e+00
7.228849799999999881e+00
