7.294299999999999395e-02
2.917969999999999731e-01
3.914159999999999862e-01
4.425679999999999614e-01
4.921049999999999591e-01
9.542100000000000026e-01
1.046491000000000060e+00
1.710465999999999820e+00
1.924360999999999988e+00
2.097501999999999978e+00
3.217423999999999840e+00
3.245164999999999633e+00
3.254347999999999796e+00
3.313228000000000062e+00
3.552112999999999854e+00
3.686202999999999896e+00
3.856360999999999706e+00
3.937926000000000037e+00
3.981677999999999606e+00
4.689759999999999707e+00
4.738717999999999542e+00
5.034333000000000169e+00
5.208396999999999721e+00
5.352680999999999578e+00
5.487941999999999432e+00
5.512468999999999397e+00
5.537562999999999569e+00
5.629996999999999474e+00
5.749202999999999619e+00
5.818239000000000161e+00
5.902991999999999351e+00
6.089222999999999608e+00
6.505321999999999605e+00
7.060877999999999766e+00
7.249291999999999625e+00
7.635336999999999819e+00
7.756990000000000052e+00
8.174184999999999590e+00
8.202835000000000321e+00
8.640095999999999776e+00
8.948603999999999559e+00
9.198539999999999495e+00
9.214285999999999532e+00
9.335224999999999440e+00
9.547641999999999740e+00
9.576933000000000362e+00
9.772145999999999333e+00
