1.427190000000000125e-01
2.132205000000000072e-01
3.572722500000000134e-01
4.835730000000000306e-01
1.025001749999999934e+00
1.044573750000000079e+00
1.114608749999999926e+00
1.203854250000000015e+00
1.445758499999999946e+00
1.717967250000000057e+00
1.866698250000000003e+00
2.139966000000000257e+00
2.346332250000000119e+00
2.384060999999999986e+00
2.409620250000000130e+00
2.870635500000000118e+00
3.503426249999999964e+00
4.120434000000000374e+00
4.149545999999999957e+00
4.756332000000000448e+00
4.792127999999999943e+00
5.153640000000000221e+00
5.312078999999999773e+00
5.461191000000000351e+00
5.483025000000000482e+00
5.926401750000000135e+00
6.697543500000000094e+00
6.826184249999999842e+00
6.888312749999999873e+00
7.054308750000000572e+00
7.460110499999999867e+00
7.495434750000000257e+00
7.523109750000000595e+00
7.721497499999999903e+00
8.592179250000000934e+00
8.972585999999999729e+00
9.183699750000000606e+00
9.257474999999999454e+00
9.465667500000000345e+00
9.559782750000000107e+00
9.982998000000000260e+00
