5.021999999999999555e-03
4.934499999999999997e-02
7.865400000000000169e-02
5.825529999999999875e-01
6.094149999999999290e-01
8.073420000000000041e-01
8.507299999999999862e-01
8.925710000000000033e-01
1.430019999999999847e+00
1.607303999999999844e+00
1.648679999999999923e+00
1.665434999999999999e+00
1.917038999999999938e+00
2.086729999999999752e+00
2.320863999999999816e+00
2.355909000000000031e+00
3.357011999999999663e+00
3.501415999999999862e+00
3.551045999999999925e+00
3.611356999999999928e+00
3.968107999999999969e+00
3.982187999999999839e+00
4.490160999999999625e+00
4.643167000000000044e+00
4.713123999999999647e+00
5.037385999999999697e+00
5.495384999999999742e+00
5.818893999999999345e+00
6.015721999999999348e+00
6.127740999999999438e+00
6.366206000000000031e+00
6.372714999999999463e+00
6.625706999999999347e+00
6.741443999999999548e+00
7.213627999999999929e+00
7.702593999999999497e+00
8.527566999999999453e+00
9.177576999999999430e+00
9.478308999999999429e+00
9.617803000000000324e+00
9.770228999999998720e+00
9.814522000000000190e+00
