5.598179999999999268e-01
1.110302799999999923e+00
1.151775800000000016e+00
1.275339699999999965e+00
1.776704499999999909e+00
1.928500299999999834e+00
2.198342699999999983e+00
2.504511500000000002e+00
2.745338199999999951e+00
3.107528199999999963e+00
3.493902299999999794e+00
3.543902699999999850e+00
3.593351199999999857e+00
4.006093299999999857e+00
4.598623299999999858e+00
4.757011199999999995e+00
4.773484199999999511e+00
4.849210900000000102e+00
5.237521499999999719e+00
5.410765299999999556e+00
5.451121399999999895e+00
5.467704599999999360e+00
5.518242899999999729e+00
5.593297199999999414e+00
5.906867000000000090e+00
6.011862299999999770e+00
6.060299800000000126e+00
6.118278999999999357e+00
6.395863799999999877e+00
6.469075399999999476e+00
6.529700399999999405e+00
6.541045899999999413e+00
6.770990399999999632e+00
7.003083799999999748e+00
7.295675199999999805e+00
7.504732799999999315e+00
7.717617299999999680e+00
7.836405799999999644e+00
7.873794699999999480e+00
8.067648099999999545e+00
8.213392199999999477e+00
8.450689699999999860e+00
8.594983899999999011e+00
8.727279400000000464e+00
8.742544399999999882e+00
9.144530699999998902e+00
9.218368099999999288e+00
9.310012999999999650e+00
9.738735799999998832e+00
9.789783099999999294e+00
