1.321372500000000116e-01
3.683850000000000180e-01
4.869697500000000345e-01
7.327132499999999826e-01
7.717829999999999968e-01
7.982850000000000223e-01
1.681660500000000003e+00
1.704401250000000090e+00
1.848619500000000082e+00
2.834745750000000175e+00
3.114698250000000002e+00
3.199593750000000014e+00
3.382169250000000016e+00
3.656450250000000235e+00
3.719761500000000165e+00
3.780447749999999996e+00
3.792848999999999915e+00
3.974097750000000318e+00
4.299858750000000285e+00
4.401486750000000114e+00
4.564883250000000281e+00
4.873853999999999687e+00
5.140637250000000158e+00
5.409150750000000230e+00
5.946761249999999777e+00
6.617595000000000560e+00
6.844573500000000088e+00
7.171063499999999813e+00
7.908897000000000510e+00
8.034456000000000486e+00
8.461908000000001095e+00
8.626640999999999337e+00
8.785855500000000262e+00
8.825412749999999917e+00
8.857953750000000070e+00
8.947942499999999910e+00
9.668023500000000325e+00
9.881045249999999669e+00
9.939000749999999940e+00
