1.064829000000000025e+00
1.163939999999999975e+00
1.217955000000000121e+00
1.277718000000000131e+00
1.629842999999999931e+00
1.759653000000000134e+00
2.219304000000000165e+00
2.308695000000000164e+00
2.980161000000000282e+00
3.404535000000000089e+00
3.454083000000000236e+00
3.919875000000000220e+00
4.192638000000000531e+00
4.469928000000000345e+00
5.475264000000000131e+00
5.590536000000000172e+00
5.606937000000000282e+00
6.102536999999999878e+00
6.281676000000000037e+00
6.516942000000000235e+00
6.551466000000000456e+00
6.603525000000000311e+00
6.825938999999999979e+00
6.856253999999999849e+00
6.930360000000000298e+00
7.215551999999999744e+00
7.471635000000000026e+00
7.668609000000000009e+00
7.821807000000000620e+00
8.248881000000000796e+00
8.482464000000000226e+00
8.534568000000000154e+00
8.793018000000000001e+00
9.305352000000000956e+00
9.634634999999999394e+00
9.899409000000000347e+00
9.923199000000000325e+00
