3.035250000000000187e-03
9.763275000000000425e-02
6.142852500000000049e-01
8.194230000000000125e-01
1.223411999999999944e+00
1.266573750000000054e+00
1.341106499999999979e+00
1.437698249999999955e+00
1.675024500000000138e+00
2.076126750000000243e+00
2.144927249999999841e+00
2.349805499999999991e+00
2.425544250000000179e+00
2.488872750000000078e+00
3.170082750000000171e+00
3.315535500000000191e+00
3.399507750000000161e+00
3.696458250000000056e+00
3.899624250000000014e+00
3.996184500000000028e+00
4.284789749999999842e+00
4.513397249999999694e+00
4.838802000000000270e+00
5.036877000000000493e+00
5.172800999999999760e+00
5.230485749999999712e+00
5.763199499999999809e+00
5.880073499999999953e+00
5.936234250000000046e+00
6.072344250000000443e+00
6.324228750000000510e+00
6.447488250000000143e+00
6.517790999999999890e+00
6.762357750000000500e+00
6.998037000000000063e+00
7.271268749999999947e+00
7.402936500000000031e+00
7.450181249999999977e+00
7.632745500000000405e+00
7.914446250000000127e+00
8.018846250000001064e+00
8.250006000000000839e+00
8.881377000000000521e+00
