2.844999999999999873e-03
3.448629999999999751e-01
5.652429999999999399e-01
6.707049999999999956e-01
7.918919999999999293e-01
8.302019999999999955e-01
9.008819999999999606e-01
9.496229999999999949e-01
1.285162999999999833e+00
1.351250999999999980e+00
1.490731000000000028e+00
1.527448999999999835e+00
1.734908999999999812e+00
1.936952999999999925e+00
2.143346999999999891e+00
2.335809999999999942e+00
2.561067999999999678e+00
2.742812999999999946e+00
3.845032999999999923e+00
3.956109999999999793e+00
4.414322999999999553e+00
4.601980999999999433e+00
4.658414999999999750e+00
4.873872999999999678e+00
5.162554000000000087e+00
5.199415000000000120e+00
5.299666999999999462e+00
5.753230999999999540e+00
5.886002999999999652e+00
6.335261000000000031e+00
6.496330999999999634e+00
6.560544999999999405e+00
6.747784999999999478e+00
7.086092999999999975e+00
7.232444000000000095e+00
7.292139999999999844e+00
7.403693999999999775e+00
7.958723999999999243e+00
8.011998999999999427e+00
8.379175999999999291e+00
8.895167999999999964e+00
8.941110999999999365e+00
9.054242999999999597e+00
9.496715000000000018e+00
9.933600000000000207e+00
