1.071475000000000032e-02
4.280399999999999761e-01
9.063212499999999672e-01
1.397937999999999903e+00
1.411001500000000020e+00
1.697293999999999858e+00
2.197249750000000112e+00
2.280218999999999774e+00
2.898860249999999805e+00
3.198669499999999832e+00
3.360637499999999722e+00
3.639711249999999954e+00
3.651872249999999820e+00
3.669918000000000013e+00
4.017400999999999556e+00
4.155242999999999576e+00
4.178332249999999526e+00
4.314397500000000107e+00
4.522088499999999733e+00
4.922297749999999361e+00
4.984168749999999370e+00
5.034722249999999732e+00
5.105445249999999824e+00
5.245143999999999807e+00
5.350351499999999483e+00
5.432147500000000129e+00
5.679286999999999530e+00
5.804433999999999649e+00
5.907397749999999448e+00
6.190153249999999829e+00
6.199738249999999340e+00
6.234802999999999429e+00
6.285639999999999894e+00
6.618234499999999798e+00
6.932999999999999829e+00
7.126631749999999599e+00
7.514482249999999475e+00
7.701653999999999556e+00
7.733081499999999942e+00
8.001549250000000058e+00
8.299843250000000339e+00
8.395733249999999259e+00
8.578746499999999386e+00
8.664426249999999996e+00
9.132538750000000149e+00
9.250342249999999211e+00
9.352691749999999971e+00
9.535965749999999019e+00
9.555903499999999440e+00
9.645887499999998838e+00
9.782895500000000411e+00
