7.730499999999999525e-03
5.534915000000000251e-01
5.669904999999999529e-01
9.061869999999999647e-01
1.145546999999999871e+00
1.287388999999999895e+00
1.535758999999999874e+00
1.696888999999999870e+00
1.771413999999999822e+00
1.833515499999999854e+00
1.901406499999999999e+00
2.018203999999999887e+00
2.272930999999999813e+00
2.323484000000000105e+00
2.812788999999999984e+00
2.839458499999999663e+00
3.263732499999999703e+00
3.382173499999999944e+00
3.412717999999999918e+00
3.597153499999999671e+00
3.671728499999999951e+00
3.880036499999999666e+00
3.905950499999999881e+00
3.913909499999999930e+00
4.111309499999999950e+00
4.203177000000000163e+00
4.228763999999999967e+00
4.258834499999999856e+00
4.504045500000000146e+00
4.530984999999999374e+00
4.618507999999999392e+00
5.151262000000000008e+00
5.456123999999999974e+00
6.169859999999999900e+00
7.724624999999999631e+00
7.809389999999999610e+00
7.962120499999999268e+00
7.989011499999999266e+00
8.068470999999998838e+00
8.950742999999999228e+00
9.335895999999999972e+00
9.366371499999999628e+00
