3.629499999999999914e-03
2.966524999999999856e-01
4.203434999999999810e-01
5.622975000000000056e-01
6.666549999999999976e-01
9.818249999999999478e-01
1.002181500000000058e+00
1.116304999999999881e+00
1.128593500000000027e+00
1.196847499999999842e+00
1.268019000000000007e+00
2.248051999999999939e+00
2.334731999999999807e+00
3.201007499999999784e+00
3.381606499999999738e+00
3.509018499999999818e+00
3.946772499999999795e+00
4.103450999999999738e+00
4.451894999999999492e+00
4.561520499999999423e+00
4.658135500000000206e+00
4.777083499999999816e+00
5.196809499999999638e+00
5.379767000000000188e+00
5.811058000000000057e+00
6.038274999999999615e+00
6.486207999999999529e+00
6.924818499999999766e+00
7.036260999999999655e+00
7.259236500000000092e+00
7.312883499999999870e+00
7.395725499999999286e+00
8.496977499999999850e+00
8.578336999999999435e+00
8.679750999999999550e+00
9.610186999999999813e+00
9.851015999999999551e+00
