5.474999999999999832e-03
9.630929999999999769e-01
9.997530000000000028e-01
1.838572499999999943e+00
2.029940250000000113e+00
2.147139750000000014e+00
2.175437249999999878e+00
2.313345749999999867e+00
2.728118250000000078e+00
2.734002000000000265e+00
2.776968749999999986e+00
3.220398750000000199e+00
3.338231250000000205e+00
3.621103500000000253e+00
3.649191000000000074e+00
3.750065999999999899e+00
4.246197750000000326e+00
4.400504999999999889e+00
4.472490000000000521e+00
4.674189750000000032e+00
4.690850250000000443e+00
4.927665750000000067e+00
5.093608500000000205e+00
5.245092000000000532e+00
5.333219999999999850e+00
5.351912249999999815e+00
5.374046250000000136e+00
5.435779499999999764e+00
5.522186249999999852e+00
5.680622999999999756e+00
5.741464500000000193e+00
5.877558750000000387e+00
5.958219750000000481e+00
6.279970500000000122e+00
6.342578999999999745e+00
6.408313500000000218e+00
6.827035500000000035e+00
6.963343500000000574e+00
7.073241000000000334e+00
7.597386750000000077e+00
7.936609500000000317e+00
8.012096250000000808e+00
8.238609750000000176e+00
8.506615500000000551e+00
8.837756999999999863e+00
9.226281000000000176e+00
9.491172000000000608e+00
9.519345749999999384e+00
9.717991500000000116e+00
