9.342849999999999766e-02
4.258383000000000029e-01
6.721585999999999395e-01
8.399484999999999868e-01
9.394043999999999173e-01
1.035789599999999977e+00
1.142858699999999894e+00
1.726516199999999834e+00
1.802531600000000012e+00
2.417975299999999717e+00
2.604383700000000079e+00
2.643929099999999810e+00
2.754312899999999953e+00
2.766126099999999699e+00
2.936303399999999897e+00
2.955641399999999752e+00
3.444334699999999749e+00
3.510192899999999838e+00
3.618951899999999888e+00
3.703183699999999856e+00
3.729745799999999889e+00
3.744697500000000012e+00
3.895678699999999939e+00
3.996146399999999765e+00
4.125588599999999495e+00
4.142680099999999754e+00
4.256006999999999429e+00
4.506800699999999438e+00
4.648353399999999525e+00
5.305034000000000027e+00
5.805424200000000035e+00
