1.453379999999999950e-01
2.414814999999999878e-01
3.161490000000000133e-01
4.996284999999999754e-01
6.571945000000000148e-01
8.910334999999999228e-01
9.741294999999999815e-01
1.060957499999999998e+00
1.100889499999999854e+00
1.321348500000000037e+00
1.366986499999999882e+00
1.467527499999999874e+00
1.834600000000000009e+00
1.860899999999999999e+00
1.970205999999999902e+00
2.055192499999999978e+00
2.557255499999999682e+00
3.354002499999999998e+00
3.522623999999999977e+00
3.614649499999999627e+00
3.724190999999999807e+00
3.807555999999999941e+00
4.525403499999999468e+00
4.537414000000000058e+00
4.719532000000000060e+00
5.126829499999999484e+00
5.559549999999999770e+00
6.120952499999999574e+00
6.232624500000000012e+00
6.255162999999999585e+00
6.347127999999999659e+00
6.492763999999999314e+00
6.835710499999999357e+00
7.166488499999999817e+00
7.195349499999999843e+00
7.240503999999999607e+00
7.265513999999999584e+00
7.464328499999999700e+00
7.471708999999999712e+00
7.516648999999999248e+00
7.891224499999999864e+00
8.218766499999999198e+00
8.402239999999999043e+00
8.421905999999999892e+00
8.542823499999999015e+00
8.688936999999999244e+00
8.999410499999999757e+00
9.280633500000000424e+00
9.326505499999999671e+00
9.374071499999999446e+00
9.512231999999999132e+00
9.905402499999999222e+00
9.981387999999999039e+00
