4.400235000000000118e-01
5.712224999999999664e-01
5.817307499999999632e-01
5.942977500000000690e-01
8.065777499999999822e-01
8.549625000000000696e-01
1.203739499999999962e+00
1.361526750000000119e+00
1.498215749999999957e+00
2.223805500000000102e+00
2.367433500000000191e+00
2.514825749999999971e+00
3.080309999999999881e+00
3.436548000000000158e+00
3.634527750000000168e+00
3.742555499999999924e+00
3.800476500000000257e+00
4.022229000000000276e+00
4.079345250000000256e+00
4.170892499999999892e+00
4.556619750000000302e+00
4.657927500000000443e+00
4.787251499999999993e+00
4.906664250000000393e+00
4.936177500000000329e+00
4.962175499999999850e+00
5.230115249999999882e+00
5.359316999999999886e+00
5.624106750000000154e+00
5.716230000000000366e+00
5.805973500000000342e+00
6.459512250000000400e+00
6.491610750000000429e+00
6.646130250000000572e+00
6.666638250000000099e+00
6.806568000000000396e+00
6.838991250000000299e+00
6.894540000000000113e+00
6.899100750000000559e+00
7.010081249999999820e+00
7.175641500000000228e+00
7.604880750000000411e+00
8.267059500000000227e+00
8.316900750000000286e+00
8.897534999999999528e+00
9.052711500000000910e+00
9.796122000000000440e+00
9.881628750000000849e+00
9.954261750000000575e+00
