1.841439999999999744e-02
1.752755000000000007e-01
5.603152999999999606e-01
6.068185999999999858e-01
7.347659999999999192e-01
9.551830000000000043e-01
1.053609899999999877e+00
1.115984899999999946e+00
1.181299799999999900e+00
1.218717399999999840e+00
1.691088999999999842e+00
2.334824499999999858e+00
2.419028099999999792e+00
2.444494100000000003e+00
2.548672400000000060e+00
2.558867400000000014e+00
3.212461199999999906e+00
3.280560099999999757e+00
3.370666200000000057e+00
3.411208999999999936e+00
3.418555499999999636e+00
3.487020599999999693e+00
3.588702399999999848e+00
3.668296400000000013e+00
3.677791999999999728e+00
3.762916799999999728e+00
4.003372899999999568e+00
4.050210599999999772e+00
4.138675699999999402e+00
4.189395900000000061e+00
4.592488999999999599e+00
4.627521199999999446e+00
4.957336999999999883e+00
5.121008299999999736e+00
5.547454300000000060e+00
