1.737577499999999886e-01
2.489449999999999996e-01
3.496592499999999770e-01
6.752234999999999765e-01
7.455247499999999583e-01
9.871767499999999362e-01
1.414685250000000005e+00
1.504648250000000020e+00
1.603082750000000001e+00
1.624839999999999840e+00
1.725013750000000012e+00
1.846476499999999854e+00
2.105594500000000036e+00
2.153688999999999965e+00
2.303634999999999877e+00
2.400099249999999795e+00
2.772756749999999659e+00
2.808578749999999680e+00
3.317628999999999717e+00
3.389432999999999918e+00
3.742065499999999822e+00
3.981204749999999848e+00
4.192328999999999972e+00
4.325661750000000083e+00
4.699553749999999752e+00
5.026750250000000086e+00
5.107982250000000057e+00
5.246069249999999684e+00
5.438755500000000076e+00
5.510395250000000189e+00
6.106367499999999282e+00
6.148787749999999441e+00
6.432700999999999780e+00
6.689101749999999846e+00
6.696553250000000013e+00
6.732084249999999770e+00
6.883610499999999632e+00
6.956580999999999904e+00
6.990188250000000103e+00
7.063010249999999601e+00
7.082247499999999363e+00
7.149319499999999827e+00
7.274115749999999991e+00
7.573384499999999520e+00
7.873057999999999446e+00
8.079507999999998802e+00
8.111187499999999773e+00
8.349556500000000270e+00
8.382407750000000490e+00
8.477603999999999473e+00
8.565697249999999485e+00
8.580074749999999639e+00
8.997555499999998929e+00
9.963725499999998902e+00
