3.576819999999999999e-01
4.357654999999999723e-01
1.186540799999999951e+00
1.532898799999999895e+00
1.887003299999999939e+00
1.998831599999999931e+00
2.194841299999999773e+00
2.209189899999999707e+00
2.653563699999999859e+00
2.699372399999999672e+00
2.738368599999999820e+00
3.282540000000000013e+00
3.313102299999999723e+00
3.626943899999999665e+00
3.834520599999999835e+00
3.878419399999999850e+00
4.067594899999999569e+00
4.146717800000000231e+00
4.270580599999999727e+00
4.368181700000000056e+00
4.443036499999999833e+00
4.885512499999999925e+00
5.033181499999999531e+00
5.109369300000000003e+00
5.210734599999999439e+00
5.280776899999999330e+00
5.439829899999999441e+00
6.053612499999999841e+00
6.115075099999999431e+00
6.145051200000000158e+00
6.234278999999999904e+00
6.248386299999999949e+00
6.508508899999999819e+00
6.599227199999999627e+00
6.622310599999999603e+00
6.813833999999999946e+00
6.833179200000000009e+00
6.862518399999999907e+00
6.882309399999999577e+00
7.131976199999999544e+00
