1.972499999999999948e-02
6.759060000000000068e-01
8.689710000000000489e-01
9.061500000000000110e-01
1.090044000000000013e+00
1.119650999999999952e+00
1.169084999999999930e+00
1.185183000000000098e+00
1.341315000000000035e+00
1.414673999999999987e+00
1.740096000000000087e+00
2.032248000000000054e+00
2.089589999999999836e+00
2.186202000000000201e+00
2.211675000000000058e+00
2.739627000000000034e+00
2.937813000000000230e+00
3.027171000000000056e+00
3.043851000000000084e+00
3.509654999999999969e+00
3.881108999999999920e+00
3.981365999999999961e+00
4.033148999999999873e+00
4.113395999999999830e+00
4.361118000000000272e+00
5.061074999999999768e+00
5.204882999999999704e+00
5.404626000000000374e+00
5.507997000000000476e+00
6.065508000000000344e+00
6.126377999999999879e+00
6.895955999999999975e+00
6.978651000000000160e+00
7.086110999999999827e+00
7.109547000000000061e+00
7.166496000000000421e+00
7.356588000000000349e+00
7.755138000000000531e+00
8.380136999999999503e+00
8.486475000000000435e+00
8.564840999999999482e+00
8.781890999999999892e+00
9.049371000000000720e+00
9.491664000000000101e+00
9.525729000000000113e+00
9.795014999999999361e+00
