1.769389999999999852e-01
1.899430000000000007e-01
2.017289999999999917e-01
2.150809999999999944e-01
2.555749999999999966e-01
2.616449999999999609e-01
3.015339999999999687e-01
6.647849999999999593e-01
6.864939999999999376e-01
1.260108999999999924e+00
1.428604999999999903e+00
1.567131999999999969e+00
1.736191999999999958e+00
2.212180999999999731e+00
2.513346999999999998e+00
2.589287999999999812e+00
2.884596999999999856e+00
3.082932999999999701e+00
3.237074999999999925e+00
3.317104999999999748e+00
3.443038000000000043e+00
4.521084999999999354e+00
4.855358999999999980e+00
5.025367000000000139e+00
5.653278999999999499e+00
5.768437999999999732e+00
6.048676999999999637e+00
6.252360999999999613e+00
6.285914000000000001e+00
6.353278999999999677e+00
6.441428999999999405e+00
6.553472999999999438e+00
7.210802999999999408e+00
7.434520000000000017e+00
7.542537999999999521e+00
8.366190999999998823e+00
8.426881999999999096e+00
8.698058999999998875e+00
8.884933999999999443e+00
8.969609000000000165e+00
9.083451000000000164e+00
9.156492000000000075e+00
9.443593999999999156e+00
9.496020999999998935e+00
9.533470999999998696e+00
9.700013999999999470e+00
9.958435999999998955e+00
