3.789780000000000371e-01
6.108569999999999833e-01
6.666750000000000176e-01
7.048109999999999653e-01
7.145940000000000625e-01
8.128049999999999997e-01
9.059820000000000650e-01
9.812520000000000131e-01
1.569728999999999930e+00
1.680006000000000110e+00
1.767816000000000054e+00
1.865463000000000093e+00
2.062136999999999887e+00
2.105874000000000024e+00
2.279987999999999904e+00
2.309699999999999864e+00
2.399124000000000034e+00
2.404682999999999904e+00
2.477862000000000009e+00
2.867405999999999899e+00
3.116985000000000117e+00
3.211716000000000015e+00
3.270189000000000235e+00
3.400155000000000260e+00
3.427052999999999905e+00
3.819063000000000319e+00
4.002089999999999925e+00
4.752083999999999975e+00
4.839167999999999914e+00
5.502480000000000260e+00
5.575220999999999982e+00
5.616560999999999915e+00
6.091091999999999729e+00
6.147029999999999994e+00
6.563607000000000191e+00
6.602790000000000603e+00
6.666846000000000494e+00
6.819411000000000556e+00
7.149918000000000440e+00
7.187781000000000198e+00
7.194672000000000622e+00
7.209032999999999802e+00
7.934622000000000064e+00
8.317320000000000491e+00
8.419691999999999510e+00
8.589021000000000683e+00
9.271898999999999447e+00
9.463796999999999571e+00
9.593379000000000545e+00
9.713613000000000497e+00
9.818312999999999846e+00
9.854079000000000477e+00
