2.326007499999999950e-01
2.598812500000000081e-01
5.335927499999999490e-01
6.326897499999999397e-01
7.569642500000000052e-01
1.217031749999999857e+00
1.393495249999999963e+00
1.501117749999999917e+00
1.576778499999999861e+00
2.004760749999999980e+00
2.342347750000000062e+00
2.617181999999999675e+00
2.637620749999999958e+00
3.124236250000000048e+00
3.135611749999999809e+00
3.206392499999999757e+00
3.293219499999999744e+00
3.352970499999999632e+00
3.499667999999999779e+00
3.518312749999999767e+00
3.595937750000000044e+00
4.059506499999999463e+00
4.147899250000000038e+00
4.278125249999999546e+00
4.763843500000000120e+00
4.952204499999999676e+00
5.267216249999999711e+00
5.283674500000000052e+00
5.555526749999999403e+00
5.959578249999999855e+00
6.006650749999999483e+00
6.280475499999999656e+00
6.491653499999999966e+00
6.529532999999999809e+00
6.666093000000000046e+00
6.873331999999999553e+00
7.076481249999999612e+00
7.186222249999999256e+00
7.410675999999999597e+00
7.803511999999999560e+00
7.817962249999999891e+00
7.894386749999999786e+00
7.919469999999999565e+00
8.013833999999999236e+00
8.277747249999999113e+00
8.870798999999999879e+00
8.960891000000000162e+00
9.366156999999999400e+00
9.414799999999999613e+00
9.660991499999999732e+00
9.691650250000000355e+00
