2.545874999999999666e-01
4.803344999999999976e-01
4.884209999999999940e-01
6.486514999999999365e-01
8.495699999999999363e-01
1.091502999999999890e+00
1.137236499999999984e+00
1.583088499999999899e+00
1.827488999999999919e+00
1.891385499999999942e+00
2.423559999999999715e+00
2.738299000000000039e+00
2.819687000000000054e+00
2.912217499999999681e+00
3.380933999999999884e+00
3.553429999999999644e+00
3.782381999999999689e+00
3.944974999999999898e+00
4.149534499999999682e+00
4.293231500000000089e+00
4.465365499999999876e+00
4.523906499999999831e+00
4.550080499999999972e+00
4.646042999999999701e+00
4.712241999999999820e+00
4.747198000000000029e+00
5.177088999999999608e+00
5.217370499999999467e+00
5.351033499999999776e+00
5.365034999999999776e+00
6.432134999999999714e+00
6.509274500000000074e+00
6.848831999999999809e+00
7.148540499999999298e+00
7.263417500000000082e+00
7.370414499999999869e+00
7.518546499999999355e+00
7.982144499999999532e+00
8.058325999999999212e+00
8.455998499999999751e+00
8.722400999999999627e+00
8.964589000000000141e+00
9.038932499999999592e+00
9.331718999999999653e+00
9.337115499999999457e+00
9.950649000000000299e+00
