1.051717500000000083e-01
1.149022499999999974e-01
1.705837500000000062e-01
2.098012499999999947e-01
2.763030000000000208e-01
3.007500000000000173e-01
6.333292500000000658e-01
6.573915000000000175e-01
8.857057500000000694e-01
1.220784000000000091e+00
1.928000249999999971e+00
2.172836250000000025e+00
2.235902999999999974e+00
2.628242250000000002e+00
3.181438500000000058e+00
3.434445750000000075e+00
3.535077000000000247e+00
4.507080750000000080e+00
4.556095500000000520e+00
4.677357750000000536e+00
4.961609250000000415e+00
5.191932000000000436e+00
5.215448250000000563e+00
5.261604750000000053e+00
5.302839750000000407e+00
5.691896250000000101e+00
6.263645249999999720e+00
6.765828749999999836e+00
6.820507500000000611e+00
6.993966000000000349e+00
7.908213749999999820e+00
7.957350749999999806e+00
8.113302000000000902e+00
8.331592500000001067e+00
8.342343749999999503e+00
8.410194750000000496e+00
8.436729749999999584e+00
8.594026500000000013e+00
8.767873500000000320e+00
8.948546249999999702e+00
9.049299749999999420e+00
9.140809499999999588e+00
9.433292250000000934e+00
9.939426000000000982e+00
