5.761500000000000128e-03
3.245707500000000190e-01
3.513419999999999876e-01
5.333609999999999740e-01
5.509027499999999966e-01
9.805162499999999781e-01
9.966157500000000224e-01
1.024418999999999969e+00
1.134098250000000085e+00
1.322640750000000143e+00
1.404011249999999933e+00
1.768037999999999998e+00
1.968827250000000140e+00
2.047816500000000151e+00
2.185441500000000037e+00
2.257361250000000208e+00
2.378485500000000030e+00
2.487439500000000248e+00
2.604858750000000001e+00
2.890425749999999905e+00
3.249659999999999993e+00
3.340005000000000113e+00
3.485506500000000063e+00
3.836917500000000203e+00
4.165176750000000538e+00
4.212542250000000266e+00
4.412870250000000105e+00
4.446760499999999894e+00
4.987752000000000407e+00
5.383982249999999858e+00
5.643630749999999807e+00
5.782629000000000019e+00
5.942335500000000437e+00
7.028109000000000606e+00
7.232812500000000533e+00
7.657000500000000542e+00
7.889944500000000360e+00
8.029204500000000522e+00
8.476062000000000651e+00
8.503272000000000830e+00
8.688029249999999593e+00
8.884370249999999913e+00
9.046100250000000287e+00
9.076534500000001060e+00
9.433282500000000681e+00
9.470664000000001082e+00
9.752230499999999580e+00
9.796943249999999992e+00
9.886293000000000220e+00
