3.491241999999999956e-01
3.808133999999999686e-01
3.926625999999999728e-01
4.075691999999999648e-01
1.006575100000000056e+00
1.079444099999999906e+00
1.609072499999999906e+00
1.637231299999999834e+00
1.741695999999999911e+00
2.005709699999999707e+00
2.182510199999999845e+00
2.291579599999999939e+00
2.567986399999999669e+00
2.700988999999999862e+00
2.726434299999999755e+00
2.860501600000000089e+00
2.984532799999999764e+00
3.001363899999999862e+00
3.440247499999999903e+00
3.796776599999999835e+00
3.826759299999999975e+00
4.249328099999999608e+00
4.255740399999999646e+00
4.404197899999999777e+00
4.472524100000000224e+00
4.508483299999999971e+00
4.613064500000000123e+00
5.514026900000000175e+00
5.592168399999999373e+00
