9.998250000000000193e-03
8.041425000000000656e-02
7.185225000000000639e-01
7.709249999999999714e-01
9.333150000000000057e-01
1.014780750000000120e+00
1.109561250000000054e+00
1.287204000000000015e+00
1.471302749999999993e+00
1.904852250000000025e+00
1.923270000000000035e+00
1.928817000000000004e+00
2.642523750000000060e+00
2.740299000000000262e+00
2.750024999999999942e+00
3.132893249999999963e+00
3.709906500000000218e+00
4.431519750000000535e+00
4.522078500000000112e+00
4.870313249999999705e+00
4.994970000000000354e+00
5.669131499999999768e+00
5.732406749999999995e+00
5.791134750000000331e+00
6.035106749999999742e+00
6.091445250000000478e+00
6.117910499999999807e+00
6.352201500000000500e+00
6.495918750000000408e+00
6.824736750000000463e+00
6.934914749999999906e+00
6.970549500000000620e+00
7.042335750000000338e+00
7.827656250000000426e+00
7.931841000000000363e+00
8.060276249999999365e+00
8.709842249999999453e+00
9.091572000000001097e+00
9.623297250000000247e+00
9.978365249999999520e+00
