1.355999999999999914e-02
2.693229999999999791e-01
5.443120000000000180e-01
9.980589999999999185e-01
1.251919999999999922e+00
1.312354000000000021e+00
1.539009999999999989e+00
1.598060000000000036e+00
1.814130999999999938e+00
2.062567999999999735e+00
2.216289999999999871e+00
2.288078999999999752e+00
2.364138999999999768e+00
2.508935999999999833e+00
2.547188999999999925e+00
2.879115999999999786e+00
2.911839999999999762e+00
2.918949000000000016e+00
3.375715999999999717e+00
3.890162999999999816e+00
4.292861999999999512e+00
4.748644999999999783e+00
4.982477999999999518e+00
5.292133999999999894e+00
5.378597000000000072e+00
5.445683999999999969e+00
5.692841999999999736e+00
5.816957999999999629e+00
6.006653000000000020e+00
6.073050999999999533e+00
6.366638000000000019e+00
6.813759999999999373e+00
7.665409999999999613e+00
7.727602000000000082e+00
7.815442000000000000e+00
8.195629000000000275e+00
8.286203000000000429e+00
8.848680999999999131e+00
8.917489999999999029e+00
8.947410999999998893e+00
9.190864999999998730e+00
9.280440999999999718e+00
9.661205999999999960e+00
9.776805999999998775e+00
9.966134999999999522e+00
