5.918599999999999556e-03
1.834639999999999882e-02
2.790206000000000075e-01
4.214038999999999979e-01
7.890806999999999682e-01
9.512695999999999374e-01
1.228080199999999955e+00
1.313841099999999873e+00
1.543996900000000005e+00
1.616326999999999847e+00
1.838815199999999983e+00
1.997411199999999942e+00
2.143664499999999862e+00
2.343287499999999746e+00
2.502125299999999886e+00
3.419930499999999984e+00
3.554149599999999687e+00
4.057302799999999543e+00
4.246164199999999944e+00
4.275602999999999376e+00
4.319118800000000036e+00
4.533344699999999783e+00
4.747898999999999425e+00
5.041668500000000108e+00
5.200733899999999466e+00
5.228373299999999446e+00
5.443061799999999728e+00
5.769554900000000153e+00
5.907688199999999945e+00
5.990015699999999832e+00
