9.460500000000000159e-03
8.038199999999999512e-02
3.410610000000000031e-01
4.507132500000000097e-01
6.311737499999999779e-01
6.448304999999999731e-01
7.050480000000000080e-01
7.882934999999999803e-01
1.001097750000000008e+00
1.070621250000000080e+00
1.241915250000000137e+00
1.665523499999999935e+00
1.970451750000000057e+00
2.043463500000000099e+00
3.273430499999999910e+00
3.396414749999999927e+00
3.441714750000000045e+00
3.885192750000000306e+00
4.411857000000000362e+00
4.674815249999999978e+00
4.809789000000000314e+00
4.985831250000000381e+00
5.279973749999999910e+00
5.420589750000000429e+00
5.663697749999999864e+00
6.418177500000000535e+00
6.452700000000000102e+00
6.745833750000000073e+00
6.904362749999999771e+00
7.170253500000000280e+00
7.360879500000000242e+00
7.383994500000000016e+00
7.473728250000000628e+00
7.564699500000000576e+00
7.843758000000000230e+00
7.854372000000000575e+00
7.940556749999999830e+00
8.019881250000000961e+00
9.192583499999999574e+00
9.373778250000000867e+00
9.883627500000001120e+00
9.950703000000000742e+00
