1.317699999999999948e-02
1.030369999999999897e-01
1.849849999999999828e-01
7.297299999999999898e-01
9.271559999999999802e-01
1.131796999999999942e+00
1.186140999999999890e+00
1.215276999999999941e+00
1.236284999999999856e+00
1.339581999999999828e+00
2.060608999999999913e+00
2.092270000000000074e+00
2.386360999999999954e+00
2.423378000000000032e+00
2.551129999999999676e+00
3.280666999999999778e+00
3.393837999999999688e+00
3.939819999999999656e+00
4.002318999999999960e+00
4.292778000000000205e+00
4.349652999999999992e+00
5.017301999999999929e+00
5.063312999999999953e+00
5.123459999999999681e+00
5.240593999999999753e+00
5.289070999999999856e+00
5.298098999999999670e+00
5.686649999999999316e+00
5.743057999999999552e+00
5.781265999999999572e+00
5.996929999999999872e+00
6.363112000000000101e+00
6.769756999999999358e+00
7.086542999999999815e+00
7.507427999999999990e+00
7.580721999999999738e+00
7.699301999999999424e+00
7.853771999999999309e+00
7.886257999999999768e+00
8.101573000000000135e+00
8.563613000000000142e+00
9.015425999999999718e+00
9.449778999999999485e+00
9.479312999999999434e+00
9.627195000000000391e+00
9.910055999999999088e+00
