7.478749999999999287e-02
2.531732499999999608e-01
5.612800000000000011e-01
1.389790749999999964e+00
1.573131249999999870e+00
1.784778999999999893e+00
1.806309500000000012e+00
1.845661249999999809e+00
1.997745249999999917e+00
2.044097499999999901e+00
2.107978249999999942e+00
2.221355500000000038e+00
2.247055000000000025e+00
2.509696499999999997e+00
2.976819499999999952e+00
3.032015499999999975e+00
3.067234499999999642e+00
3.212553749999999653e+00
3.329330249999999936e+00
3.447642999999999791e+00
3.587369749999999691e+00
3.611255749999999765e+00
3.647405499999999634e+00
4.117152499999999549e+00
4.322961249999999644e+00
4.363893000000000022e+00
4.391413499999999637e+00
4.716742749999999873e+00
5.122686499999999477e+00
5.337931999999999455e+00
5.660286499999999776e+00
5.687280499999999961e+00
6.315826249999999753e+00
7.260177749999999541e+00
7.366133999999999737e+00
7.466274749999999294e+00
7.547324999999999839e+00
7.658690999999999249e+00
7.672648499999999316e+00
7.932530999999999999e+00
8.171670250000000024e+00
8.639158249999999484e+00
8.779234999999999900e+00
8.898689250000000328e+00
9.326132249999998791e+00
9.425464500000000356e+00
