8.631500000000000283e-03
4.007319999999999771e-01
5.499229999999999396e-01
6.507789999999999964e-01
7.977974999999999373e-01
9.938159999999999217e-01
1.255803000000000003e+00
1.336864499999999900e+00
1.803898000000000001e+00
2.268965499999999746e+00
2.372631999999999852e+00
2.504143999999999703e+00
3.512723999999999958e+00
3.582107499999999778e+00
3.678124500000000019e+00
4.104227999999999987e+00
4.126360000000000028e+00
4.182578499999999977e+00
4.272435999999999900e+00
4.281971500000000042e+00
4.344306999999999697e+00
4.461551000000000045e+00
4.676750499999999811e+00
5.050345999999999336e+00
5.187081499999999679e+00
5.415541499999999786e+00
5.472989000000000104e+00
5.579409999999999314e+00
5.664508500000000168e+00
5.704672500000000035e+00
5.773564999999999614e+00
5.781664999999999388e+00
5.864097999999999367e+00
5.877336499999999297e+00
6.172217999999999982e+00
7.147937499999999389e+00
7.293394999999999406e+00
7.322445499999999718e+00
7.399693000000000076e+00
7.509755999999999432e+00
7.547295000000000087e+00
7.788146499999999861e+00
8.025513999999999371e+00
8.048598499999998879e+00
8.124098499999998779e+00
8.272638499999999340e+00
8.402380499999999586e+00
8.445019999999999527e+00
8.543275999999998760e+00
8.591502499999998932e+00
8.735494499999999718e+00
9.554349999999999454e+00
9.756560499999999081e+00
9.954326499999998745e+00
