8.208899999999999531e-02
2.298509999999999998e-01
3.636964999999999781e-01
9.089490000000000069e-01
1.003611999999999949e+00
1.053229500000000041e+00
1.206267999999999896e+00
1.340804499999999955e+00
1.441327000000000025e+00
1.460724499999999981e+00
1.482909999999999950e+00
1.645440999999999931e+00
1.773693999999999882e+00
2.107080499999999912e+00
2.238262499999999822e+00
2.349009499999999750e+00
2.881500500000000020e+00
3.079410499999999828e+00
3.149213000000000040e+00
3.387604000000000060e+00
3.938019499999999784e+00
4.737435500000000133e+00
5.032807499999999656e+00
5.402401499999999857e+00
5.542899999999999494e+00
5.745950500000000183e+00
6.005066499999999863e+00
6.051495000000000068e+00
6.207574999999999399e+00
6.302366999999999386e+00
6.312873999999999874e+00
6.432255500000000126e+00
6.464083500000000093e+00
6.611071499999999546e+00
6.751228999999999481e+00
6.898652999999999480e+00
7.041394999999999627e+00
7.071011500000000005e+00
7.367718999999999241e+00
7.636043499999999540e+00
7.717724499999999210e+00
8.257197999999998927e+00
8.571531000000000233e+00
8.652808499999999015e+00
8.682865999999998863e+00
9.340179499999999635e+00
9.490389000000000408e+00
9.866432999999998898e+00
9.993553000000000353e+00
