5.196000000000000098e-03
5.142029999999999657e-01
8.364840000000000053e-01
2.402340000000000142e+00
2.423550000000000093e+00
2.486241000000000145e+00
2.570313000000000070e+00
2.771484000000000059e+00
2.826665999999999901e+00
2.934825000000000017e+00
2.984109000000000123e+00
3.036758999999999986e+00
3.412187999999999999e+00
3.709281000000000272e+00
3.757103999999999999e+00
3.775749000000000244e+00
4.041501000000000232e+00
4.686054000000000386e+00
5.064021000000000328e+00
5.191679999999999851e+00
5.291412000000000226e+00
5.356128000000000000e+00
5.439153000000000127e+00
6.343695000000000306e+00
6.760425000000000573e+00
7.016214000000000617e+00
7.077333000000000318e+00
7.095183000000000462e+00
7.360266000000000197e+00
7.611759000000000164e+00
7.642892999999999937e+00
7.762908000000000364e+00
7.843952999999999953e+00
7.869678000000000395e+00
7.968402000000000207e+00
8.066762999999999906e+00
8.143971000000000515e+00
8.751348000000000127e+00
8.835516000000000147e+00
8.965446000000000026e+00
9.373269000000000517e+00
9.486890999999999963e+00
9.658236000000000487e+00
9.865472999999999715e+00
