4.839999999999999684e-03
6.377559999999999896e-01
9.987449999999999939e-01
1.383799999999999919e+00
1.462067999999999923e+00
1.629931999999999936e+00
1.895071999999999868e+00
2.075990000000000002e+00
2.415329999999999977e+00
2.638421999999999823e+00
2.708361999999999714e+00
2.951693999999999818e+00
3.083460999999999785e+00
3.194382000000000055e+00
3.262985000000000024e+00
3.654083999999999666e+00
4.028355999999999604e+00
4.295800999999999981e+00
4.665360999999999869e+00
5.228031999999999790e+00
5.263870999999999967e+00
5.329399999999999693e+00
5.673468999999999873e+00
5.823029000000000011e+00
5.878864999999999341e+00
5.951874999999999361e+00
6.046731999999999552e+00
6.165408999999999473e+00
6.330940000000000012e+00
6.416574999999999918e+00
6.491486999999999341e+00
6.856524999999999537e+00
6.984040999999999499e+00
7.202992000000000061e+00
7.988967999999999847e+00
8.067321999999998994e+00
8.120801000000000158e+00
8.259071000000000495e+00
8.439159000000000077e+00
9.134605999999999781e+00
9.348345999999999378e+00
9.757217999999999947e+00
9.985714999999999009e+00
