6.731499999999999984e-02
1.199009999999999937e-01
1.377390000000000003e-01
1.955714999999999815e-01
2.941819999999999991e-01
4.491040000000000032e-01
4.785944999999999783e-01
7.857604999999999729e-01
8.354159999999999364e-01
1.217798999999999854e+00
1.359974000000000016e+00
1.505743499999999901e+00
1.550276999999999905e+00
1.671236999999999862e+00
1.727377999999999858e+00
1.789667499999999967e+00
1.921784500000000007e+00
2.723850999999999800e+00
2.871492500000000003e+00
2.966892000000000085e+00
2.995866499999999988e+00
3.060951999999999895e+00
3.073168499999999970e+00
3.117155499999999968e+00
3.425428499999999765e+00
3.836333999999999911e+00
4.252090499999999551e+00
4.459362999999999744e+00
4.580554499999999862e+00
4.754550000000000054e+00
4.848618499999999720e+00
5.130688999999999389e+00
5.165961499999999873e+00
5.204082999999999792e+00
5.351796999999999471e+00
5.552202999999999555e+00
5.608437499999999964e+00
5.926310499999999593e+00
6.007790499999999589e+00
6.022810499999999401e+00
6.169388999999999790e+00
6.307604500000000058e+00
6.885201999999999600e+00
6.949208999999999747e+00
7.036228999999999623e+00
7.151903499999999525e+00
7.761243999999999588e+00
7.786836499999999717e+00
7.801245499999999389e+00
7.878440499999999957e+00
7.901430500000000023e+00
8.992996999999999019e+00
9.037822499999998982e+00
9.085217999999999350e+00
9.265919999999999490e+00
9.292977999999999739e+00
9.397978000000000165e+00
9.545886499999999941e+00
