3.081999999999999670e-03
1.959629999999999983e-01
3.044100000000000139e-01
5.082039999999999891e-01
6.596819999999999906e-01
9.887669999999999515e-01
1.865389999999999882e+00
1.916578999999999811e+00
1.942562999999999818e+00
2.058434999999999793e+00
2.159321999999999964e+00
2.324727999999999906e+00
2.848262999999999767e+00
3.375639999999999752e+00
3.503052999999999972e+00
3.550612999999999797e+00
3.970698999999999756e+00
4.340720000000000134e+00
4.422570999999999586e+00
4.634183999999999415e+00
4.882355999999999696e+00
5.363654999999999617e+00
5.764024000000000036e+00
5.977279999999999482e+00
6.121405999999999459e+00
6.372988999999999571e+00
6.407302999999999749e+00
7.032469999999999999e+00
7.196616999999999820e+00
7.761663999999999675e+00
7.927913999999999461e+00
7.982107000000000063e+00
8.125382999999999356e+00
8.209937000000000040e+00
8.449607000000000312e+00
8.499992999999999910e+00
8.732120999999999356e+00
8.753501999999999228e+00
8.959282999999999220e+00
9.271753999999999607e+00
9.377414999999999168e+00
9.527594999999999814e+00
9.599567000000000405e+00
9.769700000000000273e+00
