4.849649999999999794e-02
1.599872499999999975e-01
6.143782500000000146e-01
6.743052499999999672e-01
1.061428999999999956e+00
1.111322499999999991e+00
1.138239250000000036e+00
1.196558250000000045e+00
1.253197499999999964e+00
1.304670499999999844e+00
1.400047249999999854e+00
1.647747749999999956e+00
1.685799999999999965e+00
1.793771999999999922e+00
1.973965499999999818e+00
1.981699249999999912e+00
2.315746749999999743e+00
2.326157749999999691e+00
2.362114749999999930e+00
2.389206249999999976e+00
2.666878499999999708e+00
2.762988749999999882e+00
3.131246999999999669e+00
3.317490499999999898e+00
3.400231999999999921e+00
3.533314499999999914e+00
3.786084499999999853e+00
3.806600249999999797e+00
3.924339749999999682e+00
3.953546250000000040e+00
4.056477000000000110e+00
4.467737500000000139e+00
4.595605250000000197e+00
4.676328499999999444e+00
4.928948999999999359e+00
5.659334749999999303e+00
6.154404500000000056e+00
6.500392749999999609e+00
6.594685000000000130e+00
7.439002499999999962e+00
7.552962249999999322e+00
7.649317499999999548e+00
7.957205749999999966e+00
8.092889249999998924e+00
8.266392749999999623e+00
8.418662499999999937e+00
8.817177749999999037e+00
8.897939250000000300e+00
9.165887500000000188e+00
9.263035750000000235e+00
9.378624249999999662e+00
9.467316000000000287e+00
9.496278499999998957e+00
9.738576750000000004e+00
9.817514499999999700e+00
