7.915999999999999426e-03
1.375700000000000013e-02
3.822774999999999784e-02
1.118089999999999917e-01
9.522292499999999160e-01
9.685559999999999725e-01
1.159952249999999907e+00
1.182952250000000038e+00
1.275373249999999903e+00
1.301097500000000018e+00
1.521747749999999844e+00
1.549403249999999899e+00
2.024624499999999827e+00
2.189155500000000032e+00
2.849399749999999898e+00
2.900445500000000010e+00
2.927290249999999983e+00
2.960237999999999925e+00
2.994688500000000086e+00
3.045887749999999894e+00
3.082722249999999775e+00
3.117769499999999638e+00
3.603520499999999682e+00
3.715843499999999633e+00
3.836991499999999888e+00
4.216788249999999572e+00
4.414877500000000232e+00
4.473604499999999540e+00
4.502596500000000113e+00
4.737333999999999712e+00
4.991145500000000013e+00
5.097440499999999375e+00
5.161864249999999821e+00
5.345099249999999635e+00
5.406577249999999779e+00
5.623884999999999579e+00
5.923175500000000149e+00
6.135803999999999370e+00
6.275027499999999314e+00
6.387540249999999808e+00
6.524454249999999789e+00
6.815078999999999887e+00
7.553474999999999717e+00
7.654136749999999267e+00
7.904459750000000007e+00
7.959115749999999601e+00
8.194410500000000042e+00
8.290140499999999690e+00
8.535959999999999326e+00
8.728746749999999111e+00
8.943281749999998809e+00
8.991958249999999708e+00
9.149230749999999190e+00
9.729152749999999017e+00
9.738160749999998700e+00
9.818689499999999626e+00
9.835087249999999059e+00
9.923406249999999318e+00
9.984378249999998900e+00
