4.044749999999999734e-03
3.556212499999999999e-01
6.606122500000000120e-01
8.466650000000000009e-01
1.160668999999999951e+00
1.215060000000000029e+00
1.449796749999999967e+00
1.531289750000000005e+00
1.796680749999999938e+00
2.273575249999999937e+00
2.422738499999999906e+00
2.558010749999999778e+00
2.786602749999999684e+00
2.822114999999999707e+00
2.946587749999999950e+00
2.993507999999999836e+00
3.386787999999999688e+00
3.458847000000000005e+00
3.539339249999999826e+00
3.621503999999999834e+00
3.792518999999999973e+00
3.963656999999999986e+00
4.023983499999999935e+00
4.200844249999999391e+00
4.417398749999999374e+00
4.922626000000000168e+00
5.220742249999999807e+00
5.255825499999999373e+00
5.369369499999999462e+00
5.630634749999999578e+00
6.408224499999999324e+00
6.497559499999999488e+00
6.780914000000000108e+00
6.990845499999999824e+00
7.021082499999999449e+00
7.182903500000000108e+00
7.386312999999999462e+00
7.497006999999999977e+00
7.603532249999999770e+00
7.696821749999999795e+00
7.778435499999999614e+00
7.878571999999999242e+00
8.316479250000000434e+00
8.336260749999999220e+00
8.776665749999999377e+00
8.901621999999999701e+00
9.568006499999999193e+00
9.692944250000000039e+00
9.712602999999999653e+00
