2.386355000000000004e-01
5.513109999999999955e-01
8.581949999999999301e-01
1.051549499999999915e+00
1.087853999999999877e+00
1.104697999999999958e+00
1.249331500000000039e+00
1.892758500000000010e+00
2.080775000000000041e+00
2.223934999999999995e+00
2.497771999999999881e+00
2.551545500000000022e+00
2.830267999999999784e+00
3.060715999999999770e+00
3.193474999999999842e+00
3.444475999999999871e+00
3.600933500000000009e+00
3.655588499999999907e+00
3.675788999999999973e+00
3.718426499999999635e+00
3.907062999999999953e+00
4.176029499999999395e+00
4.198971999999999483e+00
4.719908999999999466e+00
4.780545499999999670e+00
4.931125999999999898e+00
5.093106999999999829e+00
5.121252999999999389e+00
5.521459999999999368e+00
5.691496499999999514e+00
6.338373999999999953e+00
6.463059999999999583e+00
6.564622499999999583e+00
6.730572999999999695e+00
7.310835499999999598e+00
7.326746499999999607e+00
7.418669500000000028e+00
7.682094499999999826e+00
7.701591499999999257e+00
8.719080500000000455e+00
8.806065000000000254e+00
8.885322999999999638e+00
8.928446499999999730e+00
8.984473999999998739e+00
9.047934999999998951e+00
9.128657000000000465e+00
9.428008000000000166e+00
9.503806499999999602e+00
9.571050500000000127e+00
9.605596499999998983e+00
9.690730499999999026e+00
9.952294499999998934e+00
