1.007030000000000008e-01
1.541214999999999946e-01
1.997295000000000043e-01
2.687319999999999709e-01
4.082044999999999702e-01
1.260855999999999977e+00
1.388406999999999947e+00
1.876204499999999831e+00
2.571351500000000012e+00
2.989770000000000039e+00
3.139294999999999725e+00
3.347281499999999799e+00
3.377201499999999967e+00
3.478192999999999646e+00
3.520499999999999741e+00
4.085114499999999538e+00
4.218448999999999671e+00
4.345075500000000090e+00
4.580400499999999653e+00
4.819627500000000175e+00
4.928046999999999400e+00
4.954524999999999402e+00
5.050248999999999988e+00
5.057343999999999618e+00
5.200832999999999373e+00
5.281537000000000148e+00
5.293226499999999390e+00
5.744674999999999976e+00
5.762075999999999532e+00
5.769320999999999700e+00
5.785737999999999381e+00
5.839612499999999429e+00
6.028218999999999994e+00
6.072335999999999956e+00
6.130198000000000036e+00
6.413100000000000023e+00
6.503445499999999768e+00
6.580323499999999548e+00
6.937702999999999953e+00
7.160985999999999407e+00
7.311970499999999262e+00
7.356920499999999308e+00
7.451030999999999516e+00
7.530615999999999310e+00
7.950664999999999871e+00
8.190210499999999172e+00
8.253891499999999937e+00
8.283443999999999363e+00
8.325054999999998984e+00
8.420471499999999665e+00
8.603577999999998838e+00
8.627720999999999307e+00
8.655215499999998841e+00
8.864656999999999343e+00
9.235578000000000287e+00
9.531741499999998979e+00
9.582665000000000433e+00
9.783927499999999000e+00
9.818958499999999034e+00
9.902698499999999626e+00
9.959111000000000047e+00
