2.664969999999999839e-01
6.477159999999999584e-01
7.036729999999999929e-01
7.956634999999999680e-01
9.420374999999999721e-01
1.315752000000000033e+00
1.653263499999999997e+00
1.962129999999999930e+00
2.063979999999999926e+00
2.126128999999999714e+00
2.210048000000000012e+00
2.239278499999999728e+00
2.317622000000000071e+00
2.566339999999999844e+00
3.115361499999999673e+00
3.299123999999999945e+00
3.662309999999999732e+00
3.711376000000000008e+00
3.868739499999999776e+00
3.981691999999999787e+00
4.368745500000000170e+00
4.466288500000000106e+00
4.492954999999999366e+00
4.803866999999999443e+00
5.056725499999999762e+00
5.164246999999999588e+00
5.225984999999999658e+00
5.465033000000000030e+00
5.831008499999999373e+00
5.952359500000000025e+00
6.165238500000000066e+00
6.280459500000000084e+00
6.389474499999999502e+00
6.462569999999999482e+00
7.429574499999999304e+00
8.344920999999999367e+00
8.477211999999999748e+00
8.929064999999999586e+00
9.068716999999999473e+00
9.460103499999998888e+00
9.807893499999998710e+00
