9.308249999999998817e-03
1.174824999999999897e-01
1.218867499999999882e-01
1.322669999999999957e-01
2.092634999999999912e-01
4.151587499999999653e-01
6.750762499999999333e-01
8.055369999999999475e-01
9.131619999999999182e-01
9.896804999999999630e-01
1.223904499999999951e+00
1.307225999999999999e+00
1.352108249999999900e+00
1.423526249999999882e+00
1.573630749999999967e+00
1.594239749999999844e+00
1.644548999999999817e+00
1.696455749999999929e+00
1.793387749999999947e+00
2.129265249999999998e+00
2.457290999999999670e+00
2.717371999999999677e+00
2.926258749999999687e+00
3.289990500000000040e+00
3.443391249999999904e+00
3.577042249999999868e+00
3.591909749999999679e+00
4.378960249999999554e+00
4.514628000000000085e+00
4.742713750000000061e+00
4.883005749999999701e+00
4.994916499999999537e+00
5.191969499999999904e+00
5.828615000000000101e+00
6.175799749999999477e+00
6.433653749999999505e+00
6.809912499999999369e+00
7.065837249999999514e+00
7.168073749999999578e+00
7.445939000000000085e+00
7.508123749999999319e+00
7.925890749999999763e+00
7.946974499999999608e+00
8.179658500000000387e+00
8.296387749999999173e+00
8.536013499999999254e+00
8.712250499999999676e+00
8.765650250000000199e+00
8.799220499999998779e+00
8.821507750000000314e+00
9.111093249999999699e+00
9.181235250000000292e+00
9.300793499999999270e+00
9.536324249999999836e+00
9.914766249999999559e+00
9.941094249999999022e+00
9.958674999999999500e+00
