4.341999999999999506e-03
3.131769999999999832e-01
4.087399999999999922e-01
4.879939999999999833e-01
4.954939999999999900e-01
7.584699999999999775e-01
1.278928999999999983e+00
1.299323999999999923e+00
1.450682000000000027e+00
1.641917999999999989e+00
1.844233999999999929e+00
1.926072000000000006e+00
2.019876999999999700e+00
2.228544999999999998e+00
2.365416999999999881e+00
2.495104999999999684e+00
2.566875999999999713e+00
2.614336999999999911e+00
3.227972999999999981e+00
3.337758999999999698e+00
4.653165999999999691e+00
4.730507999999999491e+00
5.055137999999999465e+00
5.105012999999999579e+00
5.197095000000000020e+00
5.282335999999999920e+00
5.480957999999999330e+00
6.245625999999999678e+00
6.295715999999999646e+00
6.383461999999999748e+00
6.775504999999999889e+00
7.083968999999999738e+00
7.112235999999999336e+00
7.357925999999999966e+00
7.364448999999999579e+00
7.692193999999999754e+00
8.284993000000000052e+00
8.372790000000000177e+00
8.389180999999998889e+00
8.657225999999999644e+00
9.502736999999999767e+00
9.560646000000000200e+00
9.975312999999999874e+00
