6.805350000000000010e-01
7.483500000000000707e-01
8.008530000000000371e-01
9.555900000000000505e-01
1.784676000000000151e+00
1.817781000000000091e+00
2.035229999999999873e+00
2.070527999999999924e+00
2.467119000000000284e+00
2.529741000000000017e+00
2.537976000000000010e+00
2.625039000000000122e+00
2.950178999999999885e+00
3.171297000000000033e+00
3.984468000000000121e+00
4.000779000000000529e+00
4.083090000000000330e+00
4.517579999999999707e+00
4.971956999999999738e+00
5.176128000000000284e+00
5.565030000000000143e+00
5.634603000000000250e+00
5.649753000000000469e+00
5.680887000000000242e+00
5.703905999999999921e+00
5.805629999999999846e+00
6.234618000000000215e+00
6.449034000000000155e+00
6.565299000000000440e+00
6.667860000000000120e+00
7.204377000000000031e+00
7.227081000000000088e+00
7.322883000000000031e+00
7.364978999999999942e+00
7.472306999999999810e+00
7.799115000000000464e+00
8.114285999999999888e+00
8.184521999999999409e+00
8.579658000000000229e+00
8.629730999999999597e+00
8.957378999999999536e+00
9.064308000000000476e+00
9.149679000000000784e+00
9.189426000000000982e+00
9.362289000000000527e+00
9.515655000000000641e+00
9.532973999999999393e+00
9.947433000000000192e+00
