4.191299999999999887e-02
1.030230000000000035e-01
3.243869999999999809e-01
3.868139999999999912e-01
3.957630000000000314e-01
1.240790999999999977e+00
1.600295999999999941e+00
1.761534000000000155e+00
2.160855000000000192e+00
2.358119999999999994e+00
2.425059000000000076e+00
2.540093999999999852e+00
2.687991000000000241e+00
3.068205000000000293e+00
4.507953000000000543e+00
5.594739000000000573e+00
5.915639999999999787e+00
5.941689000000000220e+00
6.012713999999999892e+00
6.521436000000000455e+00
6.580638000000000432e+00
6.913878000000000412e+00
7.021844999999999892e+00
7.106436000000000419e+00
7.239743999999999957e+00
7.402785000000000615e+00
7.459731000000000556e+00
7.612680000000000113e+00
7.888176000000000521e+00
7.962009000000000114e+00
8.252427000000000845e+00
9.074106000000000449e+00
9.102054000000000755e+00
9.712023000000000295e+00
9.882747000000000170e+00
9.889274999999999594e+00
9.960546000000000788e+00
