3.007800000000000057e-02
1.165642500000000081e-01
3.669149999999999912e-01
7.381642499999999663e-01
1.069790250000000054e+00
1.134266250000000031e+00
1.248040500000000108e+00
1.329035250000000001e+00
2.026352249999999966e+00
2.040673500000000029e+00
2.105087249999999965e+00
2.553698250000000058e+00
2.691592500000000054e+00
2.925296250000000153e+00
3.080160000000000231e+00
3.210529500000000258e+00
3.700245750000000111e+00
3.908796750000000042e+00
4.146125249999999873e+00
4.747116000000000113e+00
5.030048999999999992e+00
5.217533249999999789e+00
5.386544999999999916e+00
5.544704250000000556e+00
5.836636500000000005e+00
5.948447250000000075e+00
6.058752000000000137e+00
6.169101750000000273e+00
6.411529500000000326e+00
7.308731250000000124e+00
7.388205000000000133e+00
7.907264249999999883e+00
8.147385749999999760e+00
8.255235750000000650e+00
8.354722499999999386e+00
8.532850500000000338e+00
8.704854750000000863e+00
8.768484750000000716e+00
8.854934249999999452e+00
8.949334500000000858e+00
9.165908250000001090e+00
9.174129750000000527e+00
9.858639000000000152e+00
