3.359309999999999796e-01
6.434969999999999857e-01
6.660209999999999742e-01
6.948739999999999917e-01
7.017499999999999849e-01
1.005168000000000061e+00
1.024559999999999915e+00
1.116111999999999993e+00
1.299745999999999846e+00
1.912385999999999919e+00
1.989400999999999975e+00
2.435702000000000034e+00
2.773871999999999893e+00
2.916215999999999919e+00
3.040978999999999655e+00
3.078568999999999889e+00
3.201041999999999721e+00
3.393967999999999652e+00
3.421771999999999814e+00
3.493001999999999718e+00
3.519190999999999736e+00
3.736127999999999894e+00
3.988809999999999967e+00
4.111945999999999657e+00
4.189725999999999395e+00
4.355658000000000030e+00
4.666204999999999714e+00
4.913326999999999778e+00
5.203846999999999667e+00
5.223841999999999430e+00
5.290182999999999858e+00
5.368568999999999924e+00
5.439624999999999488e+00
6.001901999999999404e+00
6.116334999999999411e+00
6.302229999999999777e+00
6.353654999999999831e+00
6.570405999999999302e+00
6.695448999999999984e+00
6.832124999999999559e+00
6.996203999999999645e+00
7.083018000000000036e+00
7.157746999999999638e+00
7.553155999999999537e+00
7.993843000000000032e+00
8.006131999999999138e+00
8.282989999999999853e+00
8.347782000000000480e+00
9.181308999999998832e+00
9.672742999999998759e+00
9.707860000000000156e+00
9.969113000000000113e+00
