3.467150000000000093e-02
4.780442500000000039e-01
5.423494999999999289e-01
7.521499999999999853e-01
9.567154999999999410e-01
1.049239999999999950e+00
1.456091999999999942e+00
1.513145749999999845e+00
1.578589999999999938e+00
1.677162249999999855e+00
1.937865500000000019e+00
2.195856000000000030e+00
2.527927249999999848e+00
2.685086000000000084e+00
2.744879249999999882e+00
2.955687999999999871e+00
3.013552749999999669e+00
3.155845499999999859e+00
3.280252749999999828e+00
3.652625499999999636e+00
3.763929999999999776e+00
3.914949999999999708e+00
3.951970499999999831e+00
4.267655500000000046e+00
4.435848000000000013e+00
4.492915499999999618e+00
4.633962249999999727e+00
4.850350749999999600e+00
4.994115499999999486e+00
5.067292000000000129e+00
5.277381749999999982e+00
5.314260499999999610e+00
5.575884999999999536e+00
5.665816500000000033e+00
5.727717750000000052e+00
5.923977999999999966e+00
6.403159249999999858e+00
7.058650249999999460e+00
7.222489249999999750e+00
7.437107750000000017e+00
7.609365249999999747e+00
7.901240749999999480e+00
8.265071999999999974e+00
8.291611749999999503e+00
8.506764750000000319e+00
8.540487750000000489e+00
8.600978999999998820e+00
9.225980500000000362e+00
9.286483249999999856e+00
9.896751249999999445e+00
9.927984000000000364e+00
