2.890784999999999605e-01
5.722679999999999989e-01
7.699774999999999814e-01
1.185079999999999911e+00
1.225097499999999950e+00
1.349205999999999905e+00
1.377227499999999827e+00
1.439012999999999876e+00
1.636061499999999835e+00
1.671007499999999979e+00
1.789785500000000029e+00
1.831447499999999895e+00
1.966581499999999982e+00
2.219880499999999923e+00
2.822619500000000059e+00
3.194288999999999934e+00
3.539714999999999723e+00
3.699382999999999644e+00
3.828620999999999608e+00
4.057282999999999973e+00
4.220970499999999959e+00
4.463254499999999680e+00
4.867659999999999876e+00
5.062109999999999665e+00
5.478147499999999503e+00
5.524432000000000009e+00
5.606793999999999834e+00
5.655638999999999861e+00
5.779371999999999510e+00
6.031168000000000085e+00
6.536095500000000058e+00
6.644530500000000117e+00
6.710715999999999681e+00
6.926204999999999501e+00
7.280676499999999329e+00
7.306581999999999688e+00
8.502740499999999813e+00
8.508770000000000167e+00
8.809457999999999345e+00
8.824854000000000198e+00
8.920127499999999543e+00
9.095523499999998762e+00
9.103540499999999369e+00
9.617522499999999752e+00
9.722021999999999053e+00
