8.186999999999999833e-03
1.825890000000000013e-01
3.032580000000000275e-01
7.032510000000000705e-01
7.475129999999999830e-01
8.615399999999999725e-01
1.235754000000000019e+00
1.343331000000000053e+00
1.500021000000000049e+00
1.797015000000000029e+00
1.854824999999999946e+00
2.055785999999999891e+00
2.475270000000000081e+00
2.516141999999999879e+00
3.114717000000000180e+00
3.406362000000000112e+00
3.465533999999999892e+00
3.499854000000000021e+00
3.682548000000000155e+00
3.807396000000000225e+00
4.123625999999999792e+00
4.189886999999999695e+00
4.316262000000000043e+00
4.469720999999999833e+00
4.629870000000000374e+00
4.835423999999999722e+00
5.180898000000000003e+00
5.595867000000000147e+00
5.632859999999999978e+00
6.132912000000000141e+00
6.561810000000000365e+00
6.968214000000000574e+00
6.998460000000000569e+00
7.061703000000000507e+00
7.281152999999999764e+00
7.477256999999999820e+00
7.866651000000000060e+00
8.400132000000001042e+00
8.423201999999999856e+00
8.514630000000000365e+00
8.707043999999999784e+00
8.780793000000000958e+00
8.976492000000000360e+00
9.107985000000001108e+00
9.219231000000000620e+00
9.616424999999999557e+00
9.633881999999999834e+00
9.721650000000000347e+00
9.912933000000000661e+00
9.933960000000000790e+00
9.948057000000000372e+00
