1.090290000000000009e-02
6.755266999999999245e-01
8.128364000000000145e-01
8.976137999999999062e-01
9.143069999999999808e-01
1.012971300000000019e+00
1.377185299999999835e+00
1.463550600000000035e+00
1.922765899999999917e+00
2.216375699999999949e+00
2.389987300000000037e+00
2.424863999999999908e+00
2.764495199999999819e+00
2.846926899999999705e+00
2.974632900000000024e+00
3.330869799999999881e+00
3.657029499999999711e+00
3.723122799999999621e+00
3.892259399999999925e+00
3.991560299999999728e+00
4.168826799999999722e+00
4.460164699999999982e+00
4.470659099999999775e+00
4.476945100000000011e+00
4.999474499999999821e+00
5.218524799999999964e+00
5.279760299999999518e+00
5.381819399999999476e+00
5.439088499999999549e+00
5.642790899999999610e+00
5.745173599999999325e+00
5.905985799999999841e+00
6.057738800000000090e+00
6.233564200000000000e+00
6.408439500000000066e+00
6.597113299999999292e+00
6.621353199999999717e+00
6.781287100000000123e+00
6.886163499999999438e+00
6.915917799999999893e+00
7.272004399999999258e+00
