7.896000000000000241e-03
2.096999999999999906e-02
8.661900000000000155e-02
1.908450000000000146e-01
3.116309999999999913e-01
3.491790000000000171e-01
4.723920000000000341e-01
7.090079999999999716e-01
8.247030000000000749e-01
1.034378999999999937e+00
1.399491000000000041e+00
1.621989000000000125e+00
1.828370999999999968e+00
2.034027000000000029e+00
2.095454999999999846e+00
2.121897000000000144e+00
2.148995999999999906e+00
2.314814999999999845e+00
2.793093000000000270e+00
2.892336000000000240e+00
3.139349999999999863e+00
3.176963999999999899e+00
3.636954000000000242e+00
3.661751999999999896e+00
3.677306999999999881e+00
4.070219999999999949e+00
4.082762999999999920e+00
4.174146000000000356e+00
4.422264000000000195e+00
4.996566000000000507e+00
5.201010000000000133e+00
5.597471999999999781e+00
5.619354000000000404e+00
5.738891999999999882e+00
6.184784999999999755e+00
6.483381000000000505e+00
6.526406999999999847e+00
6.708039000000000307e+00
6.718365000000000364e+00
6.744629999999999903e+00
6.863316000000000194e+00
6.960210000000000008e+00
7.194255000000000067e+00
7.348485000000000156e+00
7.450605000000000366e+00
7.679193000000000602e+00
7.722291000000000238e+00
7.937946000000000168e+00
8.515107000000000426e+00
8.570607000000000752e+00
8.995827000000000240e+00
9.175914000000000570e+00
9.411818999999999491e+00
9.706143000000000853e+00
9.932061000000000917e+00
9.975552000000000419e+00
9.985286999999999580e+00
