1.161900000000000086e-02
1.406805000000000139e-01
2.042662500000000103e-01
3.935130000000000017e-01
4.192215000000000247e-01
4.478040000000000354e-01
5.223045000000000604e-01
1.077293999999999974e+00
1.381692000000000142e+00
1.404079499999999925e+00
1.516486500000000071e+00
1.598357999999999945e+00
1.632035249999999937e+00
1.726093499999999947e+00
2.348145000000000149e+00
2.513640749999999979e+00
3.070361249999999931e+00
3.182301750000000151e+00
3.290513250000000056e+00
3.748368000000000144e+00
3.897504749999999962e+00
4.080609749999999813e+00
4.154079000000000299e+00
4.285299000000000191e+00
4.348538249999999827e+00
4.712445750000000544e+00
4.939826250000000307e+00
5.221098750000000344e+00
5.292342000000000546e+00
5.358454500000000564e+00
5.381358750000000413e+00
5.561627999999999794e+00
5.587782750000000576e+00
5.622552750000000543e+00
5.929149750000000552e+00
5.947577250000000149e+00
6.175911000000000151e+00
6.244688250000000274e+00
6.613961250000000014e+00
6.712233750000000221e+00
7.126107750000000074e+00
7.199279250000000019e+00
7.289816250000000331e+00
7.348991999999999969e+00
7.490027249999999803e+00
7.551451499999999761e+00
8.477805749999999918e+00
8.725548749999999742e+00
9.520641750000001124e+00
9.590440499999999702e+00
9.612964500000000356e+00
9.883554000000000173e+00
