6.866200000000000081e-02
5.469749999999999890e-01
1.206969999999999876e+00
2.258760999999999797e+00
2.444550000000000001e+00
2.512669999999999959e+00
2.634977999999999820e+00
3.309450000000000003e+00
3.400293000000000010e+00
3.818018999999999608e+00
4.232203999999999411e+00
4.423910000000000231e+00
4.755499999999999616e+00
4.837404999999999511e+00
5.318935999999999886e+00
5.358328999999999454e+00
5.465098999999999485e+00
5.509536999999999907e+00
5.829195999999999600e+00
5.870527999999999302e+00
5.892425999999999497e+00
6.124867000000000061e+00
6.813911999999999303e+00
6.951872999999999969e+00
7.392291999999999419e+00
8.187443000000000026e+00
8.228081999999998786e+00
8.616958999999999591e+00
8.713499999999999801e+00
9.149365999999998778e+00
9.507588000000000150e+00
