3.196899999999999742e-02
4.060586999999999946e-01
4.884914999999999674e-01
5.029943999999999527e-01
8.460084999999999411e-01
1.058203299999999958e+00
1.283703400000000050e+00
1.483994999999999953e+00
1.550496199999999991e+00
1.839896999999999894e+00
2.090625100000000014e+00
2.241231599999999879e+00
2.283006499999999939e+00
2.796656000000000031e+00
3.467312699999999914e+00
3.747084899999999941e+00
3.817408799999999935e+00
4.024467299999999526e+00
4.124383799999999489e+00
5.014853099999999841e+00
5.481726999999999350e+00
5.566194299999999373e+00
5.979683599999999544e+00
6.403790700000000058e+00
6.781677099999999569e+00
