5.944800000000000084e-02
1.967790000000000095e-01
2.197439999999999949e-01
8.263350000000000417e-01
9.644940000000000735e-01
1.055250000000000021e+00
1.251759000000000066e+00
1.358783999999999992e+00
1.405764000000000014e+00
1.433415000000000106e+00
1.492368000000000139e+00
1.703766000000000114e+00
2.602974000000000121e+00
2.737314000000000025e+00
3.133929000000000187e+00
3.232814999999999994e+00
3.497987999999999875e+00
3.532830000000000137e+00
3.731285999999999881e+00
3.766725000000000101e+00
3.776102999999999987e+00
3.897311999999999887e+00
3.928028999999999993e+00
4.305698999999999721e+00
4.357275000000000453e+00
4.460166000000000075e+00
4.887216000000000449e+00
5.182164000000000215e+00
5.550501000000000573e+00
5.692941000000000251e+00
5.727024000000000115e+00
6.607839000000000240e+00
6.627914999999999779e+00
6.715938000000000407e+00
7.867196999999999996e+00
8.047233000000000303e+00
8.491272000000000375e+00
8.595537000000000205e+00
9.096683999999999770e+00
9.136926000000000769e+00
9.372237000000000151e+00
9.615413999999999461e+00
9.735915000000000319e+00
9.840386999999999773e+00
9.993768000000001095e+00
