2.616474999999999773e-01
9.630134999999999668e-01
1.002616500000000022e+00
1.119744499999999920e+00
1.312667999999999946e+00
1.513716499999999909e+00
1.557058499999999901e+00
1.598371499999999834e+00
2.238640999999999881e+00
2.400586999999999804e+00
2.646570499999999715e+00
2.966166999999999998e+00
3.150947999999999638e+00
3.185400000000000009e+00
3.204242499999999882e+00
3.497640999999999778e+00
3.845701499999999662e+00
4.405148500000000134e+00
4.472843499999999750e+00
4.549839500000000037e+00
4.688004999999999534e+00
4.911753499999999661e+00
5.082913500000000084e+00
5.360218999999999845e+00
5.416047999999999973e+00
5.981565499999999425e+00
6.131761000000000017e+00
6.174311999999999578e+00
6.234172000000000047e+00
6.916981999999999964e+00
6.938099999999999490e+00
7.246747499999999675e+00
7.315439500000000095e+00
7.796581499999999387e+00
8.704309999999999548e+00
9.229843499999999423e+00
9.741762500000000102e+00
9.794249999999999901e+00
