8.021289999999998976e-02
1.671302999999999817e-01
8.877498999999999807e-01
1.116978199999999921e+00
1.411640800000000029e+00
1.489168399999999837e+00
1.607242799999999860e+00
2.057703000000000060e+00
2.170800199999999958e+00
3.022687200000000018e+00
3.139301699999999862e+00
3.203401699999999686e+00
3.419038299999999975e+00
3.833550199999999908e+00
3.988131699999999835e+00
4.053065600000000046e+00
4.132048300000000118e+00
4.252957199999999993e+00
4.640552899999999426e+00
5.066396999999999373e+00
5.400424899999999973e+00
5.497199999999999420e+00
5.874593599999999860e+00
5.884662800000000082e+00
5.944682099999999636e+00
6.084743399999999802e+00
6.459275400000000111e+00
6.977708999999999939e+00
7.072402699999999598e+00
