3.573494999999999866e-01
6.102394999999999348e-01
9.108749999999999902e-01
9.499524999999999775e-01
9.749679999999999458e-01
1.131915000000000004e+00
1.192146999999999846e+00
1.328086499999999948e+00
1.626461999999999852e+00
1.757867999999999986e+00
2.140193999999999708e+00
2.412954000000000043e+00
2.454064499999999871e+00
2.633925499999999698e+00
2.680860000000000021e+00
2.753298500000000093e+00
2.850671499999999803e+00
3.040915000000000035e+00
3.055439999999999934e+00
3.196950999999999876e+00
3.224561000000000011e+00
3.314734499999999695e+00
3.358987500000000015e+00
3.515260000000000051e+00
3.595492999999999828e+00
3.649155999999999622e+00
3.657808499999999796e+00
3.695613999999999955e+00
4.126774999999999416e+00
4.274460499999999996e+00
4.771918499999999952e+00
4.973405500000000146e+00
5.007789499999999450e+00
5.050887999999999600e+00
5.363169499999999701e+00
5.736485000000000056e+00
5.907395499999999799e+00
6.152538499999999466e+00
6.202694499999999778e+00
6.431932499999999386e+00
6.902928999999999427e+00
6.992267000000000010e+00
7.005544500000000063e+00
7.026647999999999783e+00
7.154008999999999396e+00
7.257734999999999381e+00
7.297708999999999335e+00
7.422018500000000074e+00
7.449736499999999317e+00
7.535280499999999826e+00
7.888306999999999292e+00
7.917131499999999988e+00
8.546355000000000146e+00
8.664882999999999669e+00
8.727125499999999647e+00
8.957246500000000111e+00
9.290979499999998836e+00
9.314044499999999616e+00
9.509676999999999936e+00
9.610992999999998787e+00
9.618138999999999328e+00
9.831899499999998682e+00
