1.619682499999999803e-01
2.090009999999999923e-01
2.955129999999999701e-01
6.071594999999999631e-01
7.234094999999999276e-01
7.719287499999999413e-01
1.345410749999999878e+00
1.581838749999999960e+00
2.041778749999999754e+00
2.187720749999999992e+00
2.708839499999999845e+00
2.929794999999999927e+00
3.321002749999999892e+00
3.357297749999999859e+00
3.746169499999999708e+00
3.804010249999999704e+00
3.863788000000000000e+00
3.914773999999999976e+00
5.620297749999999759e+00
6.306343249999999401e+00
6.372017999999999738e+00
7.092030499999999904e+00
7.694946249999999210e+00
7.994493999999999545e+00
8.021291249999999096e+00
8.036888749999999249e+00
8.106062749999999539e+00
8.167809999999999349e+00
8.354373999999999967e+00
8.430953999999999837e+00
8.435530249999999342e+00
8.489426249999999285e+00
8.853402250000000251e+00
8.966324000000000183e+00
9.104623999999999384e+00
9.118836500000000456e+00
9.216206500000000190e+00
9.399001750000000044e+00
9.730530249999999270e+00
9.898213249999999519e+00
