4.257750000000000250e-03
3.530174999999999980e-02
6.456075000000000008e-02
1.504537499999999972e-01
6.065715000000000412e-01
9.191280000000000561e-01
1.139615999999999962e+00
1.188413249999999977e+00
1.226688000000000001e+00
1.480212000000000083e+00
1.511568750000000128e+00
1.685854500000000034e+00
1.912769249999999976e+00
1.990191750000000148e+00
2.449223250000000185e+00
2.540878500000000262e+00
2.553443249999999942e+00
2.797010999999999914e+00
3.186908999999999992e+00
3.257082000000000033e+00
3.374792999999999932e+00
3.597980249999999991e+00
3.810491999999999990e+00
3.839458500000000107e+00
4.049363249999999859e+00
4.366435499999999692e+00
4.623251250000000034e+00
4.659951000000000398e+00
4.715090250000000260e+00
4.809944250000000032e+00
4.994506499999999960e+00
5.339872500000000244e+00
5.519817750000000522e+00
6.201889500000000055e+00
6.405579000000000356e+00
6.412833749999999888e+00
6.653052750000000515e+00
6.728611500000000412e+00
6.739430999999999727e+00
7.012482000000000326e+00
7.089834750000000518e+00
7.183289250000000514e+00
7.601596500000000312e+00
7.787007749999999895e+00
7.801962750000000391e+00
8.039094750000000289e+00
8.290737000000000023e+00
8.314958250000000106e+00
8.384987250000000003e+00
8.787397500000000861e+00
9.099649499999999946e+00
9.176664750000000481e+00
9.334623750000000442e+00
9.684372749999999641e+00
9.707858250000001021e+00
9.864930000000001087e+00
9.886963500000000238e+00
