6.741500000000000097e-03
1.131967499999999988e-01
2.838100000000000067e-01
5.329852499999999660e-01
6.935407499999999281e-01
7.421654999999999225e-01
8.211402500000000160e-01
1.199051749999999972e+00
1.376486749999999981e+00
1.474796999999999914e+00
1.882625999999999911e+00
2.153093249999999959e+00
2.420523499999999828e+00
2.500309749999999998e+00
2.541521749999999802e+00
2.683127749999999700e+00
3.208913499999999974e+00
3.525394249999999730e+00
4.072836749999999562e+00
4.108918000000000070e+00
4.173802999999999486e+00
4.401689999999999436e+00
4.445967249999999815e+00
4.831389499999999337e+00
4.843360999999999805e+00
4.861301000000000094e+00
4.928016999999999648e+00
5.028026249999999919e+00
5.173694750000000120e+00
5.271345999999999421e+00
5.766449999999999854e+00
6.013874999999999638e+00
6.229670249999999854e+00
6.247322749999999481e+00
6.261824749999999717e+00
6.666175499999999587e+00
6.688014249999999272e+00
6.732641249999999467e+00
8.428480249999999785e+00
9.025715999999999184e+00
9.199348249999999894e+00
9.644944499999999366e+00
9.787751999999999342e+00
9.822167999999999566e+00
