3.843499999999999694e-03
2.908569999999999767e-01
4.052810000000000024e-01
5.401394999999999946e-01
1.327615499999999837e+00
1.573290499999999925e+00
1.874309000000000003e+00
2.025265000000000093e+00
2.224368499999999749e+00
2.474012499999999726e+00
2.796955499999999706e+00
2.905739999999999768e+00
3.291817999999999689e+00
3.342687499999999812e+00
3.720633499999999927e+00
4.249381500000000145e+00
4.682188499999999642e+00
4.915414000000000172e+00
5.246081499999999842e+00
5.361297999999999675e+00
5.505011999999999794e+00
5.631593500000000141e+00
5.738218499999999445e+00
6.271345499999999795e+00
6.821851499999999291e+00
6.906017999999999546e+00
7.407329499999999456e+00
7.462390999999999330e+00
7.667554999999999232e+00
7.888408999999999338e+00
8.168886499999999273e+00
8.427232499999998794e+00
8.458671499999999455e+00
8.638025999999999982e+00
9.217234999999998735e+00
9.431600500000000054e+00
9.578579500000000024e+00
9.596394000000000091e+00
9.718198499999999740e+00
9.844526999999999362e+00
