5.991449999999999554e-02
1.183294999999999902e-01
5.380049999999999555e-01
6.410629999999999384e-01
8.909169999999999590e-01
9.288879999999999360e-01
1.331694999999999851e+00
1.378292999999999990e+00
1.415152500000000035e+00
1.492788999999999922e+00
1.986068500000000014e+00
1.996899499999999827e+00
2.230646499999999754e+00
2.563854999999999773e+00
2.807761499999999799e+00
3.100150999999999879e+00
3.232315499999999897e+00
3.273101000000000038e+00
3.585070500000000049e+00
3.642846999999999724e+00
3.654399999999999871e+00
4.136441999999999730e+00
4.405832999999999444e+00
4.487255499999999842e+00
4.537864499999999524e+00
4.840238999999999514e+00
4.857681499999999986e+00
5.030525499999999539e+00
5.135104499999999739e+00
5.372107999999999883e+00
5.466695500000000152e+00
5.502557499999999990e+00
5.529195500000000152e+00
5.577841999999999523e+00
5.664503999999999984e+00
5.788473999999999897e+00
5.898837999999999582e+00
5.988993499999999415e+00
6.042826999999999948e+00
6.241964499999999916e+00
6.402142500000000069e+00
6.497601999999999656e+00
6.520344999999999835e+00
6.987540499999999710e+00
7.015050999999999704e+00
7.058018999999999821e+00
7.864995999999999654e+00
7.946844499999999201e+00
8.286520499999999956e+00
8.920308000000000348e+00
8.931650499999999937e+00
9.193122999999999934e+00
9.229952499999999560e+00
9.296003999999999934e+00
9.756567999999999685e+00
9.819447000000000259e+00
