6.724240000000000217e-01
1.014537000000000022e+00
1.042908999999999864e+00
1.243587499999999846e+00
1.287285000000000013e+00
1.439300499999999872e+00
1.564497999999999944e+00
1.842593999999999843e+00
2.072928499999999730e+00
2.261964499999999934e+00
2.373302499999999871e+00
3.518192999999999682e+00
3.553323999999999927e+00
3.715701499999999768e+00
4.129420500000000160e+00
4.399320999999999593e+00
4.452353999999999701e+00
4.668956500000000176e+00
4.750916999999999391e+00
4.899640999999999913e+00
4.966318999999999484e+00
5.205224999999999547e+00
6.053933999999999926e+00
6.392208499999999738e+00
6.980509999999999771e+00
7.206682499999999436e+00
7.398465499999999473e+00
7.504813999999999652e+00
7.760780500000000082e+00
7.940226000000000006e+00
8.150823499999999555e+00
8.154368500000000353e+00
9.188390000000000057e+00
9.282270499999999203e+00
9.604493500000000239e+00
9.709400999999999726e+00
