2.033000000000000085e-03
3.954250000000000126e-02
8.150899999999999812e-02
4.158024999999999638e-01
4.534439999999999582e-01
6.579895000000000049e-01
7.550534999999999330e-01
1.037191500000000044e+00
1.389835500000000001e+00
1.474609499999999906e+00
1.497659999999999991e+00
1.796171999999999880e+00
1.952716999999999814e+00
2.177236499999999797e+00
2.279420000000000002e+00
2.695513999999999744e+00
3.614029999999999632e+00
3.696883999999999837e+00
3.860411999999999733e+00
4.228497499999999576e+00
4.383075999999999972e+00
4.502473999999999421e+00
4.595878499999999534e+00
4.854714500000000044e+00
5.031307499999999600e+00
5.143602999999999703e+00
5.260931499999999872e+00
5.340498999999999441e+00
5.685260999999999676e+00
5.767752999999999908e+00
5.840003499999999903e+00
5.904494999999999827e+00
6.387157499999999821e+00
6.908087999999999340e+00
7.345536999999999317e+00
7.415775999999999257e+00
7.472382999999999775e+00
7.510692499999999328e+00
7.670640499999999307e+00
7.800150499999999987e+00
7.840920499999999294e+00
8.120016999999998930e+00
8.275219999999999132e+00
8.401782499999999487e+00
8.653523500000000368e+00
8.759935000000000471e+00
8.788005000000000067e+00
9.003662000000000276e+00
9.302445999999999771e+00
9.562699000000000282e+00
9.606679500000000260e+00
9.655571000000000126e+00
9.770094499999999016e+00
9.853431999999999746e+00
9.913405499999999648e+00
