9.156749999999999959e-03
1.520265000000000088e-01
2.533874999999999877e-01
4.756005000000000371e-01
5.149755000000000305e-01
1.180396500000000071e+00
1.268661000000000039e+00
2.674391250000000220e+00
2.877374249999999911e+00
3.045020249999999873e+00
3.155400750000000087e+00
3.542727750000000064e+00
3.769758750000000269e+00
3.940475249999999985e+00
3.964358999999999966e+00
4.060314749999999862e+00
4.451112000000000180e+00
4.543832250000000350e+00
4.561704750000000530e+00
5.027426250000000429e+00
5.054003250000000058e+00
5.550815250000000312e+00
5.580197250000000331e+00
6.606955499999999759e+00
6.839299500000000087e+00
7.176703500000000346e+00
7.244658000000000264e+00
7.279368750000000610e+00
7.511648250000000360e+00
7.582071000000000005e+00
7.614967500000000555e+00
7.700418749999999868e+00
8.377145249999999876e+00
8.829504000000000019e+00
8.964133500000000865e+00
9.468726000000000198e+00
9.512981250000001054e+00
