5.526350000000000012e-02
1.920349999999999835e-01
2.035609999999999919e-01
2.092739999999999878e-01
8.711504999999999388e-01
1.171238499999999849e+00
1.809793499999999833e+00
1.997992999999999908e+00
2.133249499999999799e+00
2.188682000000000016e+00
2.345588499999999854e+00
2.389228499999999755e+00
2.544522499999999798e+00
2.775266499999999859e+00
2.825066000000000077e+00
3.008593999999999991e+00
3.085808999999999802e+00
3.356132999999999811e+00
3.452915500000000026e+00
3.491550999999999849e+00
3.636353499999999794e+00
3.640549000000000035e+00
3.832635499999999862e+00
4.229036999999999935e+00
4.343962999999999575e+00
4.811538999999999788e+00
4.916438999999999560e+00
4.926842999999999861e+00
4.933909499999999504e+00
5.038197999999999510e+00
5.220504499999999659e+00
5.459943499999999617e+00
5.624806500000000042e+00
5.718590999999999980e+00
5.812161999999999829e+00
6.355857999999999564e+00
6.389179999999999637e+00
6.709449499999999844e+00
6.988878499999999327e+00
7.023216499999999307e+00
7.248283999999999949e+00
7.670483499999999566e+00
7.686453499999999828e+00
7.708419999999999384e+00
8.061377499999998975e+00
8.620047500000000085e+00
8.858449999999999491e+00
9.003468500000000319e+00
9.084916999999999021e+00
9.422621499999999983e+00
9.882361500000000021e+00
9.983423999999999410e+00
