5.935999999999999437e-03
3.100709999999999855e-01
3.831229999999999913e-01
4.035599999999999743e-01
4.437839999999999563e-01
5.605269999999999975e-01
6.937860000000000138e-01
7.209069999999999645e-01
8.132209999999999717e-01
8.955429999999999779e-01
1.332063999999999915e+00
1.368558999999999859e+00
2.140816999999999748e+00
2.240012999999999810e+00
2.353402999999999690e+00
2.575715999999999894e+00
2.620697999999999972e+00
2.710326999999999931e+00
2.792891000000000012e+00
2.903685999999999989e+00
3.015820999999999863e+00
3.283897999999999762e+00
3.303032999999999664e+00
3.538672999999999735e+00
4.292785999999999547e+00
4.594240999999999353e+00
4.655287999999999649e+00
4.737574999999999648e+00
4.884172999999999654e+00
5.630476999999999954e+00
5.854995999999999867e+00
6.195953999999999517e+00
6.534885999999999306e+00
6.972635999999999612e+00
6.993201000000000001e+00
7.276381999999999906e+00
7.649016999999999733e+00
7.939537999999999762e+00
8.228456999999998800e+00
8.668324999999999392e+00
8.956668999999999770e+00
9.001561999999999841e+00
9.032524999999999693e+00
9.125071999999999406e+00
9.595779999999999532e+00
9.772558999999999330e+00
9.876674999999998761e+00
