6.130499999999999665e-03
1.251796000000000020e-01
1.651291000000000009e-01
3.692277999999999949e-01
7.878342999999999874e-01
8.194586999999999843e-01
1.031250499999999848e+00
1.141344099999999973e+00
1.206373899999999999e+00
1.302450499999999955e+00
1.442869799999999980e+00
1.456591199999999864e+00
1.534210999999999991e+00
1.940090699999999835e+00
2.077265699999999882e+00
2.113618299999999728e+00
2.495746500000000090e+00
2.520316799999999802e+00
2.657325799999999738e+00
2.793336599999999947e+00
2.867506600000000017e+00
3.040723899999999702e+00
3.262565200000000054e+00
3.601490599999999986e+00
3.704943699999999840e+00
3.824943199999999877e+00
3.985721899999999707e+00
4.275340799999999497e+00
4.672032899999999600e+00
4.796957899999999775e+00
4.866620499999999794e+00
4.963543299999999547e+00
5.259481499999999699e+00
5.631102299999999339e+00
5.682315299999999958e+00
5.693376899999999630e+00
5.836079100000000075e+00
5.967061499999999796e+00
