2.706000000000000072e-01
4.651560000000000139e-01
4.748280000000000278e-01
8.047079999999999789e-01
1.126862999999999948e+00
1.438736999999999933e+00
1.703847000000000111e+00
2.155085999999999835e+00
2.529195000000000082e+00
2.550564000000000053e+00
3.114342000000000166e+00
3.371118000000000059e+00
3.386652000000000218e+00
3.492675000000000196e+00
4.344138000000000055e+00
4.470873000000000097e+00
4.505160000000000053e+00
4.924971000000000210e+00
4.947182999999999886e+00
5.345937000000000161e+00
5.377202999999999733e+00
6.004863000000000284e+00
6.614411999999999736e+00
6.784235999999999933e+00
7.062885000000000524e+00
7.182063000000000308e+00
7.433010000000000339e+00
7.488183000000000256e+00
7.643634000000000484e+00
8.654495999999999967e+00
8.954439000000000703e+00
9.036303000000000196e+00
9.046499999999999986e+00
9.117539999999999978e+00
9.603441000000000116e+00
9.864665999999999713e+00
