3.428069999999999729e-01
6.468110000000000248e-01
1.170101000000000058e+00
1.227377999999999858e+00
1.518540999999999919e+00
1.647722999999999827e+00
2.128948999999999980e+00
2.294248000000000065e+00
2.462326999999999710e+00
2.657594999999999708e+00
2.850551999999999975e+00
2.967268999999999934e+00
3.235924999999999940e+00
3.476733999999999991e+00
3.583317999999999781e+00
3.970472000000000001e+00
4.369875999999999650e+00
4.391896000000000022e+00
4.441127999999999965e+00
5.342633999999999439e+00
5.354502000000000095e+00
5.753859999999999530e+00
6.121417999999999360e+00
6.236653999999999698e+00
6.266287999999999414e+00
6.781047999999999298e+00
6.849528999999999535e+00
7.040401999999999383e+00
7.093898999999999511e+00
7.205057000000000045e+00
7.636565000000000047e+00
7.874511000000000038e+00
7.937011000000000038e+00
8.372173999999999339e+00
8.567213999999999885e+00
8.656891999999999143e+00
8.761431999999999221e+00
9.151743999999998991e+00
9.376054999999999140e+00
9.687867999999999924e+00
9.735886999999999958e+00
9.757088999999998791e+00
9.918219999999999814e+00
