3.068549999999999889e-01
4.087500000000000022e-01
5.200350000000000250e-01
6.705060000000000464e-01
9.321120000000000516e-01
1.183767000000000014e+00
1.364165999999999990e+00
1.773290999999999951e+00
1.780577999999999994e+00
1.871460000000000123e+00
2.000373000000000179e+00
2.088315000000000143e+00
2.224803000000000086e+00
2.374038000000000093e+00
2.667689999999999895e+00
2.698026000000000035e+00
2.759396999999999878e+00
3.012243000000000226e+00
3.362622000000000000e+00
3.842175000000000118e+00
4.245950999999999809e+00
4.342260000000000453e+00
4.911599999999999966e+00
4.970136000000000109e+00
5.045271000000000505e+00
5.150094000000000172e+00
5.578851000000000226e+00
6.181167000000000300e+00
6.292722000000000371e+00
6.445142999999999844e+00
6.511275000000000368e+00
6.571578000000000586e+00
6.618843000000000032e+00
6.632850000000000357e+00
6.663915000000000255e+00
6.993945000000000078e+00
7.228194000000000230e+00
7.575864000000000154e+00
7.810149000000000008e+00
7.941786000000000456e+00
8.338824000000000680e+00
8.428368000000000748e+00
8.507412000000000418e+00
8.641458000000000084e+00
9.075375000000001080e+00
9.185361000000000331e+00
9.316812000000000538e+00
9.661538999999999433e+00
9.718932000000000571e+00
9.788216999999999501e+00
