7.919999999999999957e-03
9.228300000000000392e-02
3.521279999999999966e-01
4.393980000000000108e-01
4.793520000000000003e-01
7.308780000000000276e-01
7.479299999999999837e-01
9.763890000000000624e-01
1.053422999999999998e+00
1.117401000000000089e+00
1.179072000000000120e+00
1.302042000000000144e+00
1.412409000000000026e+00
2.237096999999999891e+00
2.271437999999999846e+00
2.493266999999999900e+00
3.105002999999999957e+00
3.406881000000000270e+00
3.442347000000000268e+00
3.564702000000000037e+00
3.725633999999999890e+00
3.824492999999999920e+00
3.850248000000000115e+00
4.053237000000000201e+00
4.159434000000000076e+00
4.349514000000000102e+00
4.444548000000000165e+00
5.030952000000000091e+00
5.069768999999999970e+00
5.380473000000000283e+00
5.846613000000000504e+00
6.720111000000000168e+00
6.929769000000000290e+00
7.048839000000000077e+00
7.831635000000000346e+00
7.866984000000000421e+00
7.978419000000000594e+00
8.041190999999999534e+00
8.690748000000001028e+00
8.862522000000000233e+00
9.016199999999999548e+00
9.401070000000000704e+00
9.540516000000000219e+00
9.666126000000000218e+00
9.742605000000001070e+00
9.942254999999999399e+00
9.996738000000000568e+00
