1.470464999999999967e-01
5.265187500000000353e-01
7.850789999999999713e-01
1.151280000000000081e+00
1.282182750000000038e+00
1.431034499999999987e+00
1.618394250000000145e+00
2.210622750000000192e+00
2.289162000000000141e+00
2.719959000000000238e+00
2.861517000000000088e+00
2.926935750000000169e+00
3.056842500000000129e+00
3.219033000000000033e+00
3.314823000000000075e+00
3.600721500000000130e+00
3.696899249999999970e+00
3.965201250000000233e+00
4.051902000000000115e+00
4.214416500000000454e+00
4.709279999999999688e+00
4.829410499999999828e+00
5.111080499999999915e+00
5.330843999999999916e+00
5.438175750000000086e+00
5.643282000000000131e+00
5.663149500000000280e+00
6.374589000000000283e+00
6.451799250000000541e+00
6.698459999999999859e+00
6.862495500000000526e+00
6.901008749999999914e+00
6.923207999999999807e+00
6.978831750000000334e+00
7.021773750000000369e+00
7.433256000000000085e+00
7.587181499999999801e+00
7.732976250000000107e+00
8.283011999999999375e+00
8.662352249999999643e+00
8.974652250000000109e+00
9.151713000000000875e+00
9.261835500000000110e+00
9.759291000000001048e+00
