4.579074999999999812e-02
9.960199999999999609e-02
5.211552499999999588e-01
6.014782499999999921e-01
7.659139999999999837e-01
8.100437499999999513e-01
9.916282499999999889e-01
1.147429249999999845e+00
1.523215499999999833e+00
2.044536749999999792e+00
2.072006000000000014e+00
2.474111999999999867e+00
2.635438750000000052e+00
2.859027750000000090e+00
2.959815499999999933e+00
3.209022499999999667e+00
3.278397000000000006e+00
3.421705499999999844e+00
3.982518250000000037e+00
4.422551249999999712e+00
4.859684749999999553e+00
4.945726749999999505e+00
5.050308499999999867e+00
5.382244249999999397e+00
5.877490749999999764e+00
5.931022999999999712e+00
5.952862249999999911e+00
6.438852499999999424e+00
6.909836249999999680e+00
7.620367249999999260e+00
7.720706999999999987e+00
7.747660999999999909e+00
7.782829500000000067e+00
8.222945499999999797e+00
8.853150499999999923e+00
9.165801499999998825e+00
9.652447750000000326e+00
9.870819250000000267e+00
9.924111749999999788e+00
9.967400500000000108e+00
