8.073750000000000371e-02
1.025220000000000020e-01
4.427085000000000048e-01
5.740965000000000096e-01
9.159479999999999844e-01
9.739192500000000141e-01
1.158223500000000072e+00
1.189032000000000089e+00
1.235833500000000029e+00
1.257017999999999969e+00
1.454273249999999962e+00
1.508702250000000022e+00
1.531326750000000070e+00
1.723109250000000037e+00
1.968902249999999965e+00
2.059575000000000156e+00
2.119157250000000214e+00
2.139734999999999943e+00
2.948531250000000270e+00
3.195666000000000118e+00
3.333509250000000090e+00
3.627196500000000157e+00
3.945864750000000143e+00
4.061571749999999703e+00
4.216460999999999792e+00
4.569207750000000345e+00
4.986239250000000567e+00
5.260454250000000442e+00
5.288944500000000382e+00
5.439077250000000419e+00
5.469906749999999818e+00
5.572325250000000452e+00
5.605422749999999787e+00
6.286193250000000177e+00
6.317244750000000408e+00
6.558720000000000105e+00
6.572023500000000240e+00
6.683925000000000338e+00
6.875409000000000326e+00
6.966250500000000123e+00
7.342239750000000065e+00
7.422511500000000595e+00
7.591306499999999957e+00
7.964703000000000088e+00
8.055080999999999491e+00
8.091055499999999512e+00
8.264067000000000718e+00
8.363751750000000484e+00
8.449453500000000616e+00
8.713324500000000583e+00
8.731062749999999539e+00
8.831673750000000211e+00
9.273628500000000940e+00
9.562409999999999854e+00
9.977025750000001025e+00
