4.298699999999999743e-02
2.076564999999999939e-01
5.750925000000000065e-01
5.867774999999999519e-01
6.975894999999999735e-01
1.059347999999999956e+00
1.080053500000000000e+00
1.099007499999999915e+00
2.034539999999999793e+00
2.378328999999999915e+00
2.569582999999999728e+00
2.706764999999999866e+00
2.942483999999999877e+00
2.989864999999999995e+00
3.053096000000000032e+00
3.160804499999999795e+00
3.180727499999999708e+00
3.411819999999999631e+00
3.420296000000000003e+00
3.460976000000000052e+00
3.583455499999999905e+00
3.694780999999999871e+00
4.347415499999999433e+00
4.355308499999999583e+00
4.599285000000000068e+00
4.794073000000000029e+00
4.889096499999999956e+00
5.028607499999999675e+00
5.314448999999999756e+00
5.851163999999999810e+00
6.148904499999999551e+00
6.323124499999999593e+00
6.789771000000000001e+00
6.851557499999999301e+00
7.127272999999999747e+00
7.722427999999999848e+00
7.787704499999999364e+00
7.818814499999999335e+00
7.908369999999999678e+00
8.057693999999999690e+00
8.139966499999999883e+00
8.443799000000000277e+00
8.512821499999999375e+00
8.632856499999999045e+00
9.090294000000000096e+00
9.618487000000000009e+00
9.664370999999999157e+00
