1.949700000000000044e-02
8.481149999999999800e-02
1.593195000000000028e-01
3.705884999999999874e-01
5.876700000000000257e-01
8.470837500000000242e-01
1.025913749999999958e+00
1.605525749999999974e+00
2.103941999999999979e+00
2.250701250000000098e+00
2.283744749999999879e+00
2.931675750000000136e+00
2.959450499999999984e+00
2.997146250000000123e+00
3.034497000000000000e+00
3.099347250000000109e+00
3.124293000000000209e+00
3.443438250000000256e+00
3.875338500000000241e+00
3.886533749999999898e+00
4.043520749999999886e+00
4.605684749999999994e+00
4.778435250000000245e+00
4.854993750000000219e+00
5.604510750000000208e+00
5.669338500000000280e+00
5.980781249999999716e+00
6.025681500000000135e+00
6.205866750000000209e+00
6.255207000000000406e+00
6.325006499999999754e+00
6.545778000000000318e+00
6.769649250000000507e+00
6.920538750000000405e+00
7.010143499999999861e+00
7.081572750000000305e+00
7.552731750000000410e+00
8.125603500000000423e+00
8.220651750000000035e+00
8.238953249999999784e+00
8.456532000000001048e+00
8.529962250000000523e+00
8.658108750000000242e+00
8.720592749999999782e+00
8.914390499999999662e+00
8.951595750000000962e+00
8.959946249999999779e+00
9.058553250000001000e+00
9.517783500000000174e+00
9.689230500000000745e+00
9.939975000000000449e+00
9.975741000000001080e+00
