3.405070000000000041e-01
5.504229999999999956e-01
8.441339999999999399e-01
8.645469999999999544e-01
1.317218000000000000e+00
1.533172999999999897e+00
1.817709999999999937e+00
2.070170000000000066e+00
2.136857999999999702e+00
2.295084999999999820e+00
2.738963000000000036e+00
3.170437999999999867e+00
3.240507999999999722e+00
3.378102999999999856e+00
3.593979999999999730e+00
3.991714999999999680e+00
4.031952999999999676e+00
4.090283999999999587e+00
4.458199999999999719e+00
4.486473000000000155e+00
4.603435999999999417e+00
4.640835000000000043e+00
4.898603999999999736e+00
5.799341999999999331e+00
5.932477999999999696e+00
6.492855999999999739e+00
6.725044999999999717e+00
6.857453999999999716e+00
6.917281000000000013e+00
7.147452999999999612e+00
7.333840999999999610e+00
7.522518999999999956e+00
7.862473999999999741e+00
7.974127999999999439e+00
8.066991999999999052e+00
8.335357000000000127e+00
8.471309999999999008e+00
8.663382000000000360e+00
9.492829999999999657e+00
9.610628999999999422e+00
9.794318999999999775e+00
