1.691969999999999932e-02
5.791439999999999783e-02
1.858457000000000026e-01
2.031312999999999869e-01
2.462667999999999802e-01
4.806953999999999949e-01
5.656242999999999688e-01
1.044949299999999859e+00
1.059737900000000010e+00
1.102611199999999902e+00
1.152651700000000057e+00
1.203973199999999855e+00
1.468919799999999887e+00
1.659357299999999924e+00
1.710376099999999955e+00
1.940786899999999982e+00
1.986870299999999867e+00
2.071844899999999878e+00
2.598985399999999668e+00
3.484755299999999778e+00
3.555899699999999886e+00
4.077088100000000104e+00
4.214295299999999855e+00
4.365020900000000204e+00
4.557025399999999671e+00
4.751773399999999370e+00
4.848375400000000113e+00
4.869900999999999591e+00
