1.484092499999999926e-01
3.376132500000000314e-01
3.603457500000000202e-01
4.774740000000000095e-01
5.852340000000000320e-01
9.351990000000000025e-01
9.998857500000000176e-01
1.478688750000000107e+00
1.580195999999999934e+00
1.819245750000000106e+00
1.904419500000000154e+00
2.345441249999999922e+00
2.936808749999999968e+00
2.948074500000000153e+00
3.299383500000000247e+00
3.418642500000000251e+00
3.579174000000000078e+00
3.739525500000000058e+00
3.830327250000000294e+00
3.909346500000000280e+00
3.971844750000000257e+00
4.467381000000000491e+00
5.071120500000000142e+00
5.163750750000000167e+00
5.227114499999999886e+00
5.347202250000000490e+00
5.909847749999999955e+00
6.131184000000000189e+00
6.422365499999999727e+00
6.729131999999999891e+00
6.824620499999999979e+00
7.132712999999999859e+00
7.247005500000000211e+00
7.343332499999999818e+00
7.425996000000000485e+00
7.464238500000000442e+00
7.599154500000000034e+00
7.836775499999999894e+00
7.845052500000000428e+00
7.871293500000000165e+00
8.049976499999999646e+00
8.838336749999999853e+00
8.915312249999999494e+00
8.964966000000000435e+00
9.074894999999999712e+00
9.138093749999999460e+00
9.178095000000000780e+00
9.691944750000001108e+00
9.991141499999999454e+00
