4.282699999999999702e-02
7.127554999999999863e-01
9.466609999999999747e-01
1.271978000000000053e+00
1.381345000000000045e+00
1.439695500000000017e+00
1.741558999999999857e+00
1.832783999999999969e+00
2.383767999999999887e+00
2.402985999999999844e+00
2.408713499999999730e+00
2.751018999999999881e+00
2.928221999999999881e+00
3.113026999999999767e+00
3.441870499999999833e+00
3.577325499999999714e+00
3.712033999999999612e+00
4.591348499999999611e+00
4.881184000000000189e+00
5.324887499999999996e+00
5.742219500000000032e+00
5.806340999999999752e+00
5.928241499999999498e+00
6.104790999999999634e+00
6.649493499999999280e+00
6.814032000000000089e+00
7.091798999999999964e+00
7.148740499999999720e+00
7.324031499999999362e+00
7.481900500000000065e+00
7.642785499999999566e+00
8.045408499999998853e+00
8.239829499999999030e+00
8.697058499999998915e+00
8.916859499999999272e+00
8.938378499999998894e+00
8.953093499999999594e+00
9.036571999999999605e+00
9.361745499999999609e+00
9.406093999999999511e+00
9.480021999999999949e+00
9.600467499999998822e+00
9.637562499999999588e+00
9.709221999999998687e+00
9.790255999999999403e+00
