1.109114999999999962e-01
4.096215000000000273e-01
8.319022500000000653e-01
8.934922499999999879e-01
9.661837500000000079e-01
1.520700750000000046e+00
1.661936999999999998e+00
1.699146000000000045e+00
1.855180500000000121e+00
1.914037500000000058e+00
1.970263499999999945e+00
2.225008499999999945e+00
2.436360749999999964e+00
2.575590749999999929e+00
2.871834750000000103e+00
3.003312000000000204e+00
3.191246250000000284e+00
3.319043999999999883e+00
3.492635250000000191e+00
3.754919249999999931e+00
4.104694499999999913e+00
4.866896249999999924e+00
5.097285750000000171e+00
5.380261500000000474e+00
5.495631000000000377e+00
5.523200250000000366e+00
5.570620500000000419e+00
5.858273249999999877e+00
6.152910000000000323e+00
6.451797749999999887e+00
6.612954000000000221e+00
7.125826500000000507e+00
7.220509500000000358e+00
7.722035250000000239e+00
7.910569500000000254e+00
7.925707500000000572e+00
8.032196250000000148e+00
8.311510500000000690e+00
8.870344499999999854e+00
8.905170749999999913e+00
8.914530750000000836e+00
9.220480500000000745e+00
9.258346500000000034e+00
9.336917250000000834e+00
9.412738499999999675e+00
9.451971000000000345e+00
