1.896277500000000116e-01
8.710665000000000768e-01
1.068176999999999932e+00
1.361992499999999939e+00
1.543340249999999969e+00
1.574330250000000042e+00
1.659838499999999994e+00
2.152987500000000054e+00
2.395155750000000250e+00
2.834398500000000265e+00
3.202977000000000185e+00
3.830120250000000226e+00
3.946244249999999898e+00
4.016458499999999709e+00
4.336218750000000455e+00
4.518481500000000040e+00
4.661089500000000108e+00
4.753791750000000427e+00
5.488639500000000560e+00
5.588888999999999996e+00
5.703086250000000135e+00
6.001825499999999813e+00
6.025444499999999870e+00
6.177636750000000454e+00
6.386314500000000116e+00
6.455835750000000317e+00
6.471798750000000489e+00
6.592701749999999805e+00
6.670792500000000125e+00
6.953876250000000425e+00
7.217883000000000493e+00
7.346753999999999785e+00
7.419461250000000341e+00
7.711992000000000402e+00
8.393149499999999819e+00
8.746806750000001074e+00
9.312595500000000470e+00
