1.384800000000000093e-02
4.717500000000000027e-01
9.978299999999999947e-01
1.723326000000000136e+00
2.236407000000000256e+00
2.521293000000000006e+00
2.584827000000000208e+00
2.927493000000000123e+00
3.011340000000000128e+00
3.579810000000000159e+00
3.661026000000000113e+00
3.958340999999999887e+00
4.825965000000000060e+00
5.398058999999999941e+00
6.141677999999999749e+00
6.422204999999999941e+00
6.881853000000000442e+00
6.898712999999999873e+00
6.972798000000000052e+00
7.178943000000000296e+00
7.343741999999999770e+00
7.428624000000000116e+00
7.533540000000000347e+00
7.768292999999999893e+00
7.876152000000000264e+00
8.081447999999999965e+00
8.093502000000000862e+00
8.183013000000000758e+00
8.545872000000001023e+00
8.903309999999999391e+00
9.205350000000001032e+00
9.217370999999999981e+00
9.604038000000000963e+00
9.656112000000000251e+00
9.681962999999999653e+00
9.714192000000000604e+00
9.806775000000000020e+00
9.832454999999999501e+00
