4.901399999999999646e-01
1.035309999999999953e+00
1.084810000000000052e+00
1.101538499999999976e+00
1.200105500000000047e+00
1.307884999999999964e+00
1.392446999999999990e+00
1.715257000000000032e+00
1.809082499999999927e+00
1.988580000000000014e+00
2.574440999999999757e+00
2.735651499999999903e+00
3.248863499999999682e+00
3.358892500000000059e+00
3.497923499999999741e+00
4.245474999999999888e+00
4.657352999999999632e+00
5.218812999999999924e+00
5.489667499999999478e+00
5.654198499999999683e+00
5.685264999999999347e+00
5.887551499999999827e+00
5.990677999999999948e+00
6.058626499999999915e+00
6.283395999999999759e+00
6.304326999999999792e+00
6.812441499999999373e+00
6.875689500000000010e+00
7.115105499999999417e+00
7.194891499999999773e+00
7.207107999999999848e+00
7.221693499999999766e+00
7.318665999999999450e+00
7.341377500000000111e+00
7.670563500000000090e+00
8.494829499999999811e+00
8.675948999999999245e+00
8.759116499999999306e+00
8.838851000000000013e+00
8.962208999999999648e+00
9.445291499999999729e+00
9.803419999999999135e+00
9.928710499999999328e+00
9.965481999999999729e+00
