2.091722999999999777e-01
8.596605999999999970e-01
9.329949999999999077e-01
9.916743000000000086e-01
1.009898100000000021e+00
1.178001899999999935e+00
1.304579299999999886e+00
1.377576299999999865e+00
1.568630500000000039e+00
1.701298899999999836e+00
1.895191399999999859e+00
2.085084600000000066e+00
2.150210200000000071e+00
3.051760199999999923e+00
3.090489799999999843e+00
3.316231399999999940e+00
3.961310199999999782e+00
4.205354499999999440e+00
4.426275799999999983e+00
4.455353399999999908e+00
5.069328299999999565e+00
5.094455700000000142e+00
5.324352099999999588e+00
5.443046799999999408e+00
5.584221399999999669e+00
5.644703400000000038e+00
5.893463800000000141e+00
5.987795699999999499e+00
