8.148749999999999744e-03
1.832242500000000052e-01
7.898362500000000175e-01
8.865022500000000472e-01
1.073437500000000044e+00
1.324716750000000109e+00
1.435071750000000090e+00
1.506679499999999949e+00
1.616951250000000062e+00
1.661777999999999977e+00
2.138921250000000107e+00
2.330400000000000027e+00
2.391959250000000203e+00
2.499855000000000160e+00
2.546389500000000083e+00
2.615730749999999993e+00
2.763546000000000280e+00
2.958362249999999971e+00
3.164736749999999876e+00
3.205838250000000222e+00
3.355137749999999919e+00
3.699906750000000244e+00
3.750405000000000211e+00
4.275208499999999745e+00
4.577316750000000489e+00
4.791490500000000097e+00
4.827624750000000020e+00
4.877195249999999760e+00
4.923081749999999701e+00
4.997741249999999802e+00
5.053219499999999975e+00
5.326822500000000460e+00
5.360037000000000162e+00
5.420286749999999820e+00
5.453541750000000299e+00
5.507994749999999939e+00
5.572593750000000234e+00
5.862333750000000343e+00
5.885040749999999932e+00
6.111325500000000410e+00
6.131406000000000134e+00
6.496937250000000219e+00
6.773221500000000006e+00
6.904875000000000540e+00
6.921261750000000212e+00
7.004643000000000619e+00
7.194661500000000487e+00
7.332243000000000066e+00
7.369434000000000040e+00
7.391565749999999824e+00
7.466405250000000215e+00
8.231504250000000411e+00
8.481675000000000963e+00
8.547816000000000969e+00
8.615564250000000257e+00
8.853092249999999552e+00
9.031149000000000981e+00
9.180470250000000831e+00
9.301665749999999733e+00
9.775431000000001092e+00
