2.105400000000000049e-01
2.340870000000000173e-01
4.917442499999999939e-01
5.853884999999999783e-01
9.255307500000000687e-01
1.123987500000000139e+00
1.191139500000000018e+00
1.209195750000000125e+00
1.217248499999999956e+00
1.379802750000000078e+00
1.481421749999999982e+00
1.497242249999999997e+00
1.546651500000000068e+00
1.564962750000000069e+00
1.590458249999999962e+00
1.822551000000000032e+00
1.926931500000000019e+00
2.188207499999999861e+00
2.396644499999999844e+00
2.543553750000000058e+00
2.551994249999999909e+00
2.794582500000000191e+00
2.885566499999999923e+00
3.458111249999999970e+00
3.503428500000000057e+00
3.845044500000000198e+00
3.899819250000000181e+00
4.169572500000000126e+00
4.323747000000000007e+00
4.391018250000000123e+00
4.457982000000000333e+00
4.652524500000000174e+00
5.183444999999999858e+00
5.410036500000000359e+00
6.156412500000000065e+00
6.500574750000000179e+00
6.576708749999999881e+00
6.614523750000000035e+00
6.669243750000000581e+00
6.695999999999999730e+00
7.175768999999999842e+00
7.480580250000000042e+00
7.537156500000000037e+00
7.690920000000000201e+00
7.861428749999999965e+00
8.387660999999999589e+00
8.621608500000000674e+00
8.868116249999999923e+00
8.885395499999999558e+00
9.069799500000000236e+00
9.775168499999999483e+00
9.867827999999999378e+00
