2.402624999999999900e-01
5.749854999999999272e-01
7.189422999999999231e-01
7.407076999999999689e-01
9.681489999999999263e-01
1.030523399999999867e+00
1.335245599999999921e+00
1.351371299999999831e+00
1.393457599999999852e+00
1.501508999999999983e+00
1.645282999999999829e+00
1.722698099999999899e+00
2.149758499999999906e+00
2.220305299999999704e+00
2.454282300000000028e+00
2.631286599999999698e+00
2.647766400000000075e+00
3.587248999999999910e+00
3.887111299999999936e+00
4.325031099999999462e+00
4.394287099999999668e+00
4.465973899999999830e+00
4.554250800000000154e+00
4.928391500000000036e+00
5.499198599999999715e+00
