1.493490999999999846e-01
3.738682999999999867e-01
1.040037899999999960e+00
1.435511100000000040e+00
1.533755499999999827e+00
1.542753199999999936e+00
1.724279399999999907e+00
1.822228199999999854e+00
1.973842600000000003e+00
2.079163799999999895e+00
2.085654499999999967e+00
2.161109999999999864e+00
2.277612299999999923e+00
2.303938399999999831e+00
2.644669599999999843e+00
2.731587999999999905e+00
2.841745399999999755e+00
2.936729999999999841e+00
2.983664600000000000e+00
3.129682899999999712e+00
3.337628399999999829e+00
3.357179499999999983e+00
3.435662699999999958e+00
3.651835199999999837e+00
3.923427799999999799e+00
4.022708999999999868e+00
4.068210899999999519e+00
4.339875900000000009e+00
4.450485299999999533e+00
4.470277799999999857e+00
4.501106499999999677e+00
4.687857600000000069e+00
4.714613400000000176e+00
4.963755499999999543e+00
5.265053399999999328e+00
5.344766299999999859e+00
5.403596199999999961e+00
5.505172199999999627e+00
5.835880099999999793e+00
