3.944020000000000165e-02
6.243659999999999488e-02
9.149439999999998963e-02
2.161751999999999840e-01
2.382507999999999848e-01
4.545403999999999556e-01
5.534453999999999763e-01
5.787723000000000173e-01
6.307722999999999525e-01
6.544156999999999336e-01
1.085119399999999956e+00
1.151763700000000057e+00
1.297755999999999910e+00
1.455851000000000006e+00
1.676413399999999942e+00
2.218837399999999960e+00
2.331111799999999956e+00
2.396714799999999812e+00
2.940250899999999668e+00
3.038719899999999807e+00
3.470142599999999966e+00
4.326476200000000105e+00
4.566274700000000131e+00
4.784800699999999907e+00
4.956461599999999912e+00
5.016933400000000098e+00
5.753625500000000059e+00
5.778999199999999448e+00
5.928330199999999550e+00
6.175235100000000088e+00
