6.416999999999999961e-03
2.191260000000000152e-01
2.980349999999999944e-01
3.846450000000000147e-01
5.482230000000000159e-01
1.014656999999999920e+00
1.176857999999999960e+00
1.201907999999999976e+00
1.853940000000000143e+00
2.139237000000000055e+00
2.187396000000000118e+00
2.209740000000000038e+00
2.321943000000000090e+00
2.814554999999999918e+00
2.966574000000000044e+00
3.298632000000000009e+00
3.645087000000000188e+00
3.663867000000000207e+00
3.848514000000000213e+00
4.063058999999999976e+00
4.223226000000000369e+00
4.584908999999999679e+00
4.895223000000000546e+00
4.932713999999999821e+00
5.023182000000000258e+00
5.133182999999999829e+00
5.304842999999999975e+00
5.676021000000000427e+00
5.819627999999999801e+00
6.044369999999999798e+00
6.184374000000000038e+00
6.311568000000000289e+00
6.387617999999999796e+00
6.402378000000000569e+00
6.457488000000000561e+00
6.770801999999999765e+00
7.028934000000000459e+00
7.334469000000000349e+00
7.624620000000000175e+00
7.673664000000000485e+00
7.979817000000000604e+00
8.014910999999999675e+00
8.050148999999999333e+00
8.059077000000000268e+00
8.161455000000000126e+00
8.484968999999999539e+00
8.655879000000000545e+00
8.828571000000000168e+00
9.018734999999999502e+00
9.095798999999999523e+00
9.697440000000000282e+00
9.743895000000000195e+00
9.872870999999999952e+00
