2.187849999999999864e-02
5.361179999999999835e-01
7.362894999999999301e-01
1.204968000000000039e+00
1.381932999999999856e+00
2.151415000000000077e+00
2.844689999999999941e+00
3.461582999999999632e+00
3.629184500000000035e+00
3.842473000000000027e+00
4.650774999999999437e+00
4.726627999999999830e+00
5.103271999999999586e+00
5.358993499999999521e+00
5.615731999999999502e+00
5.655784499999999326e+00
5.959597999999999729e+00
6.075987999999999722e+00
6.659402000000000044e+00
7.242335499999999371e+00
7.317895000000000039e+00
7.868119999999999337e+00
7.905933499999999725e+00
8.036585499999999271e+00
8.053779499999999203e+00
8.147170499999999649e+00
8.300723999999998881e+00
8.709592499999999404e+00
8.814226500000000186e+00
8.973251499999999936e+00
9.026729999999998810e+00
9.097932999999999382e+00
9.174994999999999123e+00
9.274701999999999558e+00
9.315872499999999334e+00
9.360170499999998839e+00
9.627381999999998996e+00
9.723119999999999763e+00
9.781534999999999869e+00
