6.244399999999999777e-03
2.650361999999999996e-01
4.481223999999999763e-01
4.784775000000000000e-01
5.165778999999999233e-01
5.234301999999999566e-01
8.270032999999999967e-01
8.534182999999999630e-01
1.092025899999999883e+00
1.462826799999999983e+00
1.543835499999999916e+00
1.878168999999999977e+00
1.927586699999999986e+00
2.111033700000000124e+00
2.139863399999999860e+00
2.167541699999999683e+00
2.267866399999999949e+00
2.280848199999999881e+00
2.331107199999999935e+00
2.441305700000000023e+00
2.976465600000000045e+00
3.065840799999999700e+00
3.239925099999999780e+00
3.536273699999999742e+00
3.545321599999999851e+00
3.637930399999999675e+00
3.720150099999999682e+00
3.806252499999999817e+00
3.834296599999999611e+00
3.842104999999999659e+00
4.016883899999999841e+00
4.137485999999999997e+00
4.870756699999999384e+00
5.135477199999999520e+00
5.684554099999999721e+00
5.740258799999999439e+00
5.830061399999999949e+00
6.068915099999999896e+00
6.237868199999999419e+00
