6.235500000000000591e-03
1.575097500000000039e-01
2.091179999999999983e-01
3.761745000000000227e-01
6.475530000000000452e-01
8.046554999999999680e-01
8.324782499999999752e-01
1.065978000000000092e+00
1.093235249999999992e+00
1.136139750000000115e+00
1.507712249999999976e+00
1.749381000000000075e+00
2.057289750000000250e+00
2.607319500000000012e+00
2.839102500000000084e+00
3.170301000000000258e+00
3.591510750000000307e+00
4.013368500000000338e+00
4.059183749999999868e+00
4.282678500000000277e+00
4.376169749999999858e+00
4.444498499999999908e+00
4.474056000000000033e+00
4.619026500000000368e+00
4.654163999999999746e+00
4.782588750000000388e+00
5.031798000000000215e+00
5.054598000000000368e+00
5.341779749999999716e+00
5.786373000000000211e+00
5.939866499999999938e+00
6.238048500000000551e+00
6.421026000000000344e+00
6.533612999999999893e+00
6.571316249999999748e+00
6.683360249999999780e+00
7.075098750000000436e+00
7.094384999999999941e+00
7.133357250000000427e+00
7.173622500000000457e+00
7.832330250000000049e+00
7.915263000000000382e+00
8.002527000000000612e+00
8.290629000000000914e+00
8.656493250000000472e+00
8.781498750000000797e+00
9.198524250000000180e+00
9.310043999999999542e+00
9.330617249999999530e+00
9.508577250000000092e+00
9.701847000000000776e+00
9.892315500000000483e+00
