9.716999999999999943e-03
4.209799999999999653e-02
5.664099999999999691e-02
1.581369999999999998e-01
3.786749999999999838e-01
3.942080000000000028e-01
5.598210000000000131e-01
5.930799999999999406e-01
6.627279999999999838e-01
9.377989999999999382e-01
1.255009999999999959e+00
1.479296999999999862e+00
1.514010999999999996e+00
1.761421999999999821e+00
2.084338999999999942e+00
2.339820999999999707e+00
2.402719999999999967e+00
2.510659999999999670e+00
2.779053999999999913e+00
3.145132999999999956e+00
3.333301999999999765e+00
3.573150999999999744e+00
4.200102999999999476e+00
4.263921999999999990e+00
4.270235999999999699e+00
4.403608999999999440e+00
4.441775999999999947e+00
5.141187999999999647e+00
5.445568999999999882e+00
5.476453999999999489e+00
5.525685000000000180e+00
5.665625999999999607e+00
5.766227999999999909e+00
6.120114999999999306e+00
6.248281999999999670e+00
6.362790999999999642e+00
6.385944999999999538e+00
6.406592999999999982e+00
6.440621000000000151e+00
6.485259999999999359e+00
6.551746999999999765e+00
7.095860000000000056e+00
7.304838999999999416e+00
8.027967000000000297e+00
8.425112000000000378e+00
8.517744999999999678e+00
8.642004000000000019e+00
8.809063000000000088e+00
9.118549999999999045e+00
9.433861999999999526e+00
9.463160000000000238e+00
9.515214000000000283e+00
9.807242999999999711e+00
9.976395000000000124e+00
