1.507239999999999969e-01
3.008787499999999726e-01
3.572112499999999802e-01
4.346682499999999783e-01
5.009009999999999296e-01
1.162170249999999960e+00
1.231098999999999943e+00
1.389282499999999976e+00
1.423809749999999985e+00
1.496864250000000007e+00
1.785005249999999988e+00
1.872144499999999878e+00
2.135659749999999857e+00
2.268200750000000099e+00
2.917320999999999831e+00
3.226162249999999787e+00
3.506963749999999713e+00
3.715291249999999934e+00
3.742448249999999810e+00
3.935541749999999617e+00
4.348011749999999509e+00
4.562469999999999359e+00
4.675519249999999793e+00
4.800704500000000152e+00
4.920141499999999724e+00
5.220087999999999617e+00
5.674774499999999833e+00
5.772703499999999543e+00
5.938317999999999763e+00
6.006692499999999768e+00
6.199232499999999924e+00
6.413373749999999873e+00
6.551914249999999384e+00
6.951401999999999859e+00
7.088779249999999976e+00
7.144781999999999300e+00
7.700733249999999863e+00
8.289274250000000066e+00
8.302453500000000375e+00
8.419018249999998815e+00
8.534905999999999437e+00
8.854715499999999295e+00
9.142208749999999995e+00
9.189133249999999364e+00
