4.952999999999999937e-03
1.008870000000000045e-01
1.605749999999999955e-01
5.334510000000000085e-01
5.881650000000000489e-01
7.287540000000000129e-01
8.812889999999999890e-01
1.179993000000000070e+00
1.391456999999999944e+00
1.732817999999999969e+00
1.972422000000000120e+00
2.161842000000000041e+00
2.214951000000000114e+00
2.607581999999999844e+00
2.674704000000000192e+00
2.867754000000000136e+00
3.364812000000000136e+00
3.478817999999999966e+00
3.895458000000000087e+00
4.069442999999999699e+00
4.193522999999999890e+00
4.318620000000000125e+00
4.906920000000000393e+00
5.315196000000000254e+00
5.324049000000000476e+00
5.537138999999999811e+00
5.706281999999999854e+00
6.678729000000000582e+00
7.321875000000000355e+00
7.488843000000000139e+00
7.885101000000000582e+00
7.963257000000000474e+00
8.053575000000000372e+00
8.244068999999999647e+00
8.552232000000000056e+00
9.135635999999999868e+00
9.741357000000000710e+00
