3.509284999999999766e-01
4.760792499999999539e-01
7.567747499999999405e-01
1.001696750000000025e+00
2.280945500000000070e+00
2.428138750000000012e+00
2.489067749999999801e+00
2.915968249999999706e+00
2.969534249999999709e+00
3.099224500000000049e+00
3.328852249999999735e+00
3.588810249999999868e+00
3.607585999999999959e+00
3.744523499999999672e+00
3.793054249999999961e+00
3.912846499999999672e+00
3.947153999999999829e+00
4.212812500000000071e+00
4.357163250000000154e+00
4.401219750000000097e+00
4.511790749999999406e+00
4.743036749999999913e+00
5.319694000000000145e+00
6.102304499999999798e+00
6.338322749999999672e+00
6.969601249999999304e+00
6.998687749999999319e+00
7.173292749999999884e+00
7.186751000000000111e+00
7.255071499999999673e+00
7.304692999999999437e+00
7.656031999999999726e+00
7.696080999999999506e+00
7.856310749999999565e+00
7.949435499999999877e+00
8.159025749999999633e+00
8.199349249999999145e+00
8.205055999999999017e+00
8.638650499999998900e+00
8.790141249999999573e+00
9.320570000000000022e+00
9.415236499999998898e+00
9.608689499999998773e+00
9.660949499999999190e+00
9.867768249999999242e+00
