4.314099999999999532e-03
1.645015999999999978e-01
4.863366999999999551e-01
1.203086899999999959e+00
1.319378900000000021e+00
1.326281499999999891e+00
1.364967999999999959e+00
1.528791299999999964e+00
1.642992000000000008e+00
1.807877299999999909e+00
2.082226099999999747e+00
2.247927699999999973e+00
2.367015099999999705e+00
2.653503499999999793e+00
2.694347599999999954e+00
3.190083199999999675e+00
3.215329300000000057e+00
3.711863899999999994e+00
3.759763599999999872e+00
4.058722699999999683e+00
4.137312599999999563e+00
4.216456700000000168e+00
4.409155799999999736e+00
4.489714399999999550e+00
4.713098500000000080e+00
4.747334099999999779e+00
5.134313800000000150e+00
5.355766499999999652e+00
5.402786299999999819e+00
5.407762199999999631e+00
5.518627799999999972e+00
5.571939200000000092e+00
5.775030499999999734e+00
5.819773099999999921e+00
5.906892899999999891e+00
6.381273699999999494e+00
6.505900299999999525e+00
6.954891799999999513e+00
