1.188735000000000069e-01
1.458307500000000090e-01
2.073997499999999938e-01
5.710747499999999643e-01
7.997009999999999952e-01
9.776377499999999721e-01
1.255362000000000089e+00
1.678670250000000141e+00
2.006746500000000211e+00
2.175152999999999892e+00
2.455535999999999941e+00
2.497767000000000071e+00
2.940113999999999894e+00
2.949108750000000168e+00
3.147898500000000155e+00
3.162012000000000267e+00
3.277571250000000269e+00
3.394689749999999950e+00
3.553499250000000220e+00
3.761288250000000222e+00
3.818553749999999969e+00
4.228124250000000472e+00
4.392957749999999884e+00
4.629021749999999713e+00
4.638697500000000140e+00
4.798973250000000412e+00
5.256462749999999851e+00
5.400860250000000029e+00
5.793074999999999974e+00
5.863204500000000152e+00
5.876710499999999726e+00
5.882677499999999782e+00
6.107650500000000093e+00
6.357941250000000544e+00
6.385568250000000390e+00
6.408468749999999936e+00
6.610542000000000584e+00
6.763975499999999919e+00
6.973005750000000447e+00
7.596332250000000563e+00
7.637085749999999784e+00
8.353741499999999931e+00
8.595693000000000694e+00
8.622742500000001087e+00
