1.669799999999999757e-02
3.655079999999999996e-01
6.161769999999999747e-01
7.619359999999999467e-01
1.375621999999999900e+00
1.453201999999999883e+00
1.858716999999999953e+00
2.131809000000000065e+00
2.393564000000000025e+00
2.634414999999999729e+00
2.760688000000000031e+00
2.770176999999999889e+00
3.213651999999999731e+00
3.370994000000000046e+00
3.385129999999999750e+00
3.528337999999999752e+00
3.657826000000000022e+00
3.812453999999999787e+00
4.112816999999999723e+00
4.282587999999999617e+00
4.325273000000000145e+00
4.506464999999999499e+00
4.555597999999999814e+00
5.091052999999999606e+00
5.111149999999999416e+00
5.135130000000000194e+00
5.549996000000000151e+00
5.701557999999999460e+00
6.308041999999999483e+00
6.341586999999999641e+00
6.474395999999999596e+00
6.594217999999999691e+00
6.688607999999999443e+00
6.775006999999999557e+00
7.139484999999999637e+00
7.171707999999999750e+00
7.801982999999999890e+00
7.813400999999999819e+00
7.912640999999999813e+00
7.927915999999999741e+00
8.021635999999999100e+00
8.044974999999999099e+00
8.095679000000000514e+00
8.155472999999998862e+00
8.229428999999999661e+00
8.327624999999999389e+00
8.466529999999998779e+00
8.887135999999999925e+00
8.913515999999999551e+00
9.052871999999998920e+00
9.070498999999999867e+00
9.458414999999998685e+00
9.795719999999999317e+00
9.833586999999999634e+00
