1.921815000000000051e-01
5.063207499999999861e-01
5.297592500000000149e-01
6.415107500000000185e-01
7.049882499999999830e-01
9.007824999999999305e-01
1.044831499999999913e+00
1.255399249999999967e+00
1.399931249999999849e+00
1.432105999999999879e+00
1.643041250000000009e+00
1.698675249999999970e+00
1.733308749999999954e+00
2.459902500000000103e+00
2.692089499999999802e+00
2.924290749999999939e+00
2.932348750000000059e+00
3.273263249999999847e+00
3.372195999999999749e+00
3.503666500000000017e+00
3.573456749999999627e+00
3.770144249999999975e+00
3.880111749999999748e+00
4.181910249999999607e+00
4.839540749999999392e+00
4.940382999999999747e+00
5.009610249999999709e+00
5.163818249999999388e+00
5.353850999999999694e+00
5.550408000000000008e+00
5.745013750000000030e+00
5.974191499999999877e+00
6.283204749999999450e+00
6.440977999999999426e+00
6.578310999999999353e+00
7.338536749999999387e+00
7.368924749999999690e+00
7.438964749999999349e+00
7.585449499999999290e+00
7.637793999999999528e+00
7.672607999999999429e+00
7.725812249999999715e+00
7.813931999999999434e+00
7.993773000000000017e+00
8.112534750000000017e+00
8.292877499999999458e+00
8.408895749999999225e+00
8.595477250000000069e+00
8.802843749999999190e+00
9.339046749999999619e+00
9.486293500000000378e+00
9.534915500000000321e+00
9.614970999999998824e+00
9.752957249999999689e+00
