1.710089999999999943e-01
2.453460000000000085e-01
6.460440000000000627e-01
8.283599999999999852e-01
1.031646000000000063e+00
1.109267999999999921e+00
1.157340000000000035e+00
1.318242000000000136e+00
1.439618999999999982e+00
1.524906000000000095e+00
1.856997000000000009e+00
2.177760000000000140e+00
2.336148000000000113e+00
2.737131000000000203e+00
2.845658999999999939e+00
3.055452000000000279e+00
3.156420000000000226e+00
4.072560000000000180e+00
4.151316000000000450e+00
4.234497000000000178e+00
4.266272999999999982e+00
4.719432000000000293e+00
4.870263000000000453e+00
5.282103000000000215e+00
5.502476999999999840e+00
5.552915999999999741e+00
5.936370000000000147e+00
5.945622000000000185e+00
6.166914000000000229e+00
6.324822000000000166e+00
6.715755000000000585e+00
6.833628000000000036e+00
6.872334000000000387e+00
6.997208999999999790e+00
7.131228000000000122e+00
7.230375000000000441e+00
7.236828000000000038e+00
7.290869999999999962e+00
7.392000000000000348e+00
7.551108000000000153e+00
7.739799000000000540e+00
7.784982000000000291e+00
7.882382999999999917e+00
7.933065000000000033e+00
8.347818000000000183e+00
8.367962999999999596e+00
8.420237999999999445e+00
8.666685000000001082e+00
8.888600999999999530e+00
8.972388000000000474e+00
9.064175999999999789e+00
9.377727000000000146e+00
