2.748199999999999948e-02
7.519449999999999745e-02
2.551309999999999967e-01
3.304535000000000111e-01
9.020944999999999103e-01
1.740311500000000011e+00
1.945958999999999994e+00
2.163837500000000080e+00
2.563042499999999890e+00
2.715810999999999975e+00
2.853935499999999958e+00
2.973954999999999682e+00
3.022948999999999664e+00
3.045671000000000017e+00
3.101409499999999930e+00
3.556826999999999739e+00
3.997032499999999988e+00
4.250859999999999417e+00
4.457917000000000129e+00
5.395185999999999815e+00
5.735968499999999359e+00
5.891083000000000069e+00
5.990028999999999826e+00
6.438729999999999620e+00
6.953248499999999943e+00
7.039437500000000014e+00
7.314817499999999306e+00
7.355604999999999727e+00
7.389567999999999692e+00
7.405969499999999428e+00
7.553152499999999492e+00
7.663811499999999555e+00
7.810541999999999874e+00
7.839817499999999661e+00
7.903461499999999695e+00
7.919969000000000037e+00
7.933273499999999423e+00
8.009384499999999463e+00
8.144757000000000247e+00
8.240482999999999336e+00
8.394680499999999768e+00
8.613477999999998858e+00
9.049459499999999323e+00
9.099558999999999287e+00
9.112636499999998918e+00
9.164661999999999864e+00
9.203614499999998699e+00
9.407888999999999058e+00
9.775748999999999356e+00
9.801524999999999821e+00
9.827559499999999559e+00
