8.059969999999999635e-02
7.722164999999999724e-01
8.739786999999999972e-01
9.081785999999999470e-01
1.106576599999999910e+00
1.323278599999999861e+00
1.854981800000000014e+00
2.354463099999999809e+00
2.565930100000000103e+00
2.589158700000000035e+00
2.651978799999999747e+00
3.029652299999999965e+00
3.326583099999999682e+00
3.424140699999999704e+00
3.551458999999999921e+00
3.620283499999999766e+00
4.440205100000000016e+00
4.477100300000000033e+00
4.591156299999999746e+00
4.620696099999999973e+00
4.718657699999999622e+00
4.897792400000000157e+00
4.949657399999999541e+00
5.006951299999999883e+00
5.239130499999999913e+00
5.727040299999999640e+00
5.802329399999999637e+00
5.826675799999999406e+00
5.845595299999999384e+00
6.002274400000000121e+00
6.246650100000000094e+00
6.330566600000000044e+00
6.826254800000000067e+00
7.168045099999999614e+00
7.205298499999999606e+00
