6.006000000000000054e-03
4.076279999999999903e-01
4.657140000000000168e-01
5.546490000000000586e-01
9.239640000000000075e-01
1.114311000000000051e+00
1.172366999999999937e+00
1.528653000000000040e+00
1.596618000000000093e+00
1.654514999999999958e+00
1.771452000000000027e+00
1.913604000000000083e+00
2.114228999999999914e+00
2.193693000000000115e+00
2.325156000000000223e+00
2.464701000000000253e+00
2.746812000000000253e+00
2.876367000000000118e+00
3.003446999999999978e+00
3.284094000000000069e+00
3.490941000000000294e+00
4.625297999999999909e+00
4.649226000000000525e+00
4.721994000000000469e+00
5.291100000000000136e+00
5.446149000000000129e+00
5.582316000000000500e+00
5.810864999999999725e+00
6.006593999999999767e+00
6.470577000000000467e+00
6.503957999999999906e+00
6.576570000000000249e+00
6.637089000000000460e+00
6.841823999999999906e+00
8.529545999999999850e+00
8.621954999999999814e+00
8.667993000000000947e+00
8.679755999999999361e+00
8.824908000000000641e+00
8.886485999999999663e+00
8.904144000000000503e+00
8.979656999999999556e+00
8.982903000000000304e+00
9.126321000000000794e+00
9.254124000000000905e+00
9.550758000000000081e+00
9.574455000000000382e+00
9.760257000000001071e+00
9.794370000000000687e+00
