1.755249999999999866e-02
4.892405999999999699e-01
7.130700999999999290e-01
9.723292999999999520e-01
1.253949100000000039e+00
1.324482599999999843e+00
1.331250799999999845e+00
1.621279999999999832e+00
1.788353099999999918e+00
2.437571699999999897e+00
2.472178999999999682e+00
2.679512099999999730e+00
2.898464699999999894e+00
3.263844499999999815e+00
3.305131899999999678e+00
3.474167000000000005e+00
3.770135599999999698e+00
3.827461000000000002e+00
4.132015899999999853e+00
4.324540999999999968e+00
4.370889099999999416e+00
4.794778799999999563e+00
4.917413599999999718e+00
5.186494899999999575e+00
5.199559400000000053e+00
6.030927499999999775e+00
