4.563375000000000070e-02
5.590575000000000405e-02
1.137966000000000033e+00
1.521096000000000004e+00
1.551377250000000041e+00
2.003966999999999832e+00
2.281299000000000188e+00
2.609555250000000104e+00
2.881805250000000207e+00
2.983990499999999990e+00
3.131032499999999885e+00
3.216110250000000281e+00
3.237778500000000115e+00
3.562788000000000288e+00
4.132087499999999913e+00
4.168579499999999882e+00
4.647181500000000298e+00
4.815182250000000330e+00
4.863525000000000098e+00
5.489057999999999993e+00
5.665547250000000368e+00
6.022141500000000036e+00
6.391713750000000083e+00
6.567487500000000367e+00
6.660096750000000121e+00
7.667719500000000465e+00
7.806320250000000627e+00
7.888741500000000073e+00
8.008233000000000601e+00
8.392334249999999329e+00
8.911930500000000421e+00
9.156633750000001015e+00
9.260369250000000108e+00
9.778711500000000001e+00
9.900917250000000891e+00
9.921556499999999446e+00
