8.252437999999999718e-01
1.260288899999999934e+00
1.543357299999999821e+00
1.688240899999999822e+00
1.771470600000000006e+00
1.984543599999999852e+00
2.522235999999999922e+00
2.777242299999999720e+00
2.799819299999999789e+00
2.913380399999999870e+00
3.453026999999999624e+00
3.463858600000000010e+00
3.476450700000000005e+00
3.771926299999999621e+00
3.832650600000000018e+00
3.875311199999999623e+00
3.913281999999999705e+00
4.289913999999999561e+00
4.415188800000000136e+00
4.643369199999999530e+00
4.905419000000000196e+00
5.144655600000000106e+00
5.485531799999999514e+00
5.696813999999999822e+00
5.728293299999999810e+00
5.859121299999999977e+00
6.036429000000000045e+00
6.216294399999999776e+00
6.559414199999999973e+00
6.884846999999999717e+00
7.010654100000000000e+00
7.084737399999999852e+00
