6.872050000000000380e-02
1.500974999999999948e-01
1.875447499999999823e-01
2.047872500000000040e-01
2.186262499999999942e-01
2.730099999999999749e-01
4.485602499999999937e-01
6.735979999999999190e-01
7.409237499999999921e-01
7.695157499999999429e-01
9.538192500000000074e-01
1.053674749999999882e+00
1.104783249999999883e+00
1.252996250000000034e+00
1.329832499999999973e+00
1.994005249999999840e+00
2.052252250000000000e+00
2.062084500000000098e+00
2.225391750000000002e+00
2.306963499999999723e+00
2.415870500000000032e+00
2.491956000000000060e+00
2.532467249999999837e+00
2.678676250000000092e+00
2.978643749999999812e+00
3.153054000000000023e+00
3.207597999999999949e+00
3.264866499999999672e+00
3.493960749999999837e+00
3.981412999999999869e+00
4.007106750000000162e+00
4.217745999999999995e+00
4.374074750000000122e+00
4.537634999999999863e+00
4.658603999999999523e+00
4.850906750000000045e+00
4.967167250000000145e+00
5.099321999999999910e+00
5.338738999999999457e+00
5.455926749999999714e+00
5.479127499999999706e+00
5.491617499999999374e+00
5.649199750000000186e+00
5.923619749999999406e+00
6.025001999999999747e+00
6.444968999999999504e+00
6.791709499999999622e+00
6.982907499999999601e+00
7.105943499999999524e+00
7.452138499999999333e+00
7.614784499999999845e+00
7.988230499999999346e+00
8.124579250000000030e+00
8.292690499999999076e+00
8.503487999999999047e+00
8.636109749999999252e+00
8.767327249999999239e+00
8.774479749999999356e+00
8.806451749999999024e+00
8.863148250000000061e+00
9.048323249999999263e+00
9.143294749999999027e+00
9.266704499999999456e+00
9.290226499999999277e+00
9.330119749999999712e+00
9.367447000000000301e+00
9.692292999999999381e+00
9.741624999999999091e+00
