3.718380000000000019e-01
3.800824999999999898e-01
5.058300000000000018e-01
7.769030000000000102e-01
8.488269999999999982e-01
9.110039999999999250e-01
9.864219999999999100e-01
1.234741499999999936e+00
1.396768499999999857e+00
1.701863499999999974e+00
1.848870999999999931e+00
1.967969499999999927e+00
1.995633499999999838e+00
2.723377999999999854e+00
3.018440999999999708e+00
4.349872500000000031e+00
4.391222499999999584e+00
4.588179499999999855e+00
4.774567999999999479e+00
5.352856499999999684e+00
5.845345499999999639e+00
6.039470999999999812e+00
6.144172999999999440e+00
6.317740499999999315e+00
6.592490499999999365e+00
6.769218999999999653e+00
6.782737000000000016e+00
7.081728499999999649e+00
7.126970000000000027e+00
7.174853499999999329e+00
7.325747999999999927e+00
7.425529999999999298e+00
7.589353999999999267e+00
7.831775500000000001e+00
7.868405499999999719e+00
7.955461499999999297e+00
8.055271499999999918e+00
8.217941999999998970e+00
8.930584999999998885e+00
8.936492499999999950e+00
9.253299000000000163e+00
9.298980999999999497e+00
9.334748499999999893e+00
9.401723999999999748e+00
9.820390999999998982e+00
9.914484500000000367e+00
