9.567499999999999616e-03
1.134764999999999940e-01
1.369489999999999874e-01
7.013364999999999183e-01
8.598489999999999744e-01
9.917984999999999163e-01
1.806470499999999868e+00
1.827226499999999865e+00
1.894440499999999972e+00
2.052591500000000124e+00
2.289886999999999784e+00
3.094553499999999957e+00
3.268606499999999748e+00
3.746756500000000045e+00
3.760644999999999794e+00
3.789175499999999808e+00
4.359964500000000243e+00
4.669952499999999951e+00
5.206405000000000172e+00
5.295605000000000118e+00
5.366572500000000190e+00
5.425110499999999725e+00
5.624579999999999913e+00
5.702147000000000077e+00
6.039748499999999964e+00
6.138359499999999969e+00
6.256237500000000118e+00
6.758542499999999897e+00
6.793876000000000026e+00
7.501152999999999516e+00
7.822020999999999447e+00
8.930688500000000474e+00
9.279672999999998950e+00
9.356069999999998998e+00
9.403746500000000452e+00
9.593075499999999423e+00
9.671002999999998906e+00
9.686894999999999811e+00
9.888769500000000434e+00
9.923660499999998663e+00
