3.607147500000000284e-01
1.347301499999999930e+00
1.365963750000000143e+00
1.388390999999999931e+00
1.815975000000000117e+00
2.028540000000000010e+00
2.037065249999999939e+00
2.371052999999999855e+00
2.822099249999999948e+00
3.012679499999999955e+00
3.244788750000000110e+00
3.590465250000000275e+00
3.693780750000000168e+00
4.021360500000000116e+00
4.290449999999999875e+00
4.368296250000000214e+00
4.394790000000000418e+00
4.982606999999999786e+00
5.158580249999999978e+00
5.211768750000000061e+00
5.371201499999999740e+00
5.984734500000000068e+00
6.157575750000000347e+00
6.445251749999999724e+00
6.852175500000000419e+00
6.869068500000000022e+00
7.109976000000000518e+00
7.286644500000000413e+00
7.425236250000000204e+00
7.491390749999999876e+00
7.542929250000000252e+00
7.726288499999999893e+00
7.970964750000000265e+00
8.104864499999999694e+00
8.147895749999999992e+00
8.329051500000000274e+00
8.590212000000001069e+00
8.852583750000000862e+00
9.002360250000000619e+00
9.106958249999999921e+00
9.413668499999999995e+00
9.976684500000001066e+00
