1.270060000000000078e-01
2.576809999999999934e-01
2.683550000000000102e-01
3.806359999999999744e-01
7.454399999999999915e-01
9.776789999999999647e-01
1.171138999999999930e+00
1.240237999999999952e+00
1.383902999999999883e+00
1.638396999999999881e+00
1.648958999999999842e+00
2.167170999999999736e+00
2.381329000000000029e+00
2.933698999999999835e+00
3.007556999999999814e+00
3.029968999999999912e+00
3.146681999999999757e+00
3.413218999999999781e+00
3.452056999999999931e+00
3.551374000000000031e+00
3.614811999999999692e+00
3.764170000000000016e+00
4.202740999999999616e+00
4.233859999999999957e+00
4.250977999999999923e+00
4.262717999999999563e+00
4.593550999999999718e+00
4.937808999999999671e+00
5.006041999999999881e+00
5.150560999999999723e+00
5.245302999999999827e+00
5.299986999999999782e+00
5.453661999999999566e+00
5.622800999999999938e+00
5.814388999999999363e+00
5.913401999999999603e+00
6.082014999999999283e+00
6.563391999999999449e+00
7.141896000000000022e+00
7.242329999999999934e+00
7.348596999999999824e+00
7.617237999999999509e+00
7.936205999999999428e+00
7.999903999999999904e+00
8.049718999999999625e+00
8.128541000000000238e+00
8.161127999999999716e+00
8.194696999999999676e+00
8.582805000000000462e+00
8.735393999999999437e+00
8.761362000000000094e+00
8.890509999999999025e+00
9.507415999999999201e+00
9.629153999999999769e+00
9.775484999999999758e+00
