1.330214999999999870e-01
2.803580999999999990e-01
4.547055999999999876e-01
4.742735999999999619e-01
5.471513000000000071e-01
6.255395000000000261e-01
8.396804999999999408e-01
2.187192699999999768e+00
2.688751399999999681e+00
2.751143399999999684e+00
3.088343999999999756e+00
3.184839599999999660e+00
3.489883999999999986e+00
3.638922800000000013e+00
3.654039899999999896e+00
3.720226699999999997e+00
3.753924499999999664e+00
4.083613599999999622e+00
4.156754600000000188e+00
4.260328900000000196e+00
4.646097600000000050e+00
4.675287599999999877e+00
4.714433200000000213e+00
4.893187499999999801e+00
4.948165999999999620e+00
5.025566099999999814e+00
5.125916000000000139e+00
5.279088799999999360e+00
5.299199699999999957e+00
5.372028099999999640e+00
5.471710499999999477e+00
5.505931099999999745e+00
5.669652600000000042e+00
5.788481199999999660e+00
6.059372899999999618e+00
6.155790399999999885e+00
6.409437099999999887e+00
6.470660899999999494e+00
6.520461999999999314e+00
6.613899099999999365e+00
6.696354399999999707e+00
7.073141299999999632e+00
7.273864699999999850e+00
7.305220299999999334e+00
7.316676499999999805e+00
