6.036000000000000566e-03
1.193392500000000078e-01
3.068850000000000189e-01
5.071605000000000141e-01
9.782857500000000650e-01
1.266316500000000067e+00
1.382145750000000062e+00
1.486378500000000047e+00
1.509858750000000027e+00
1.604880749999999967e+00
1.858135499999999940e+00
2.012283749999999927e+00
2.071451249999999966e+00
2.251101000000000241e+00
2.356673250000000053e+00
2.382209250000000278e+00
2.551323749999999890e+00
2.666990999999999890e+00
2.969037000000000148e+00
2.985244499999999856e+00
3.241386750000000205e+00
3.321108750000000054e+00
3.414461999999999886e+00
3.455570999999999948e+00
3.983159249999999929e+00
4.076094000000000328e+00
4.592212500000000475e+00
4.783305000000000362e+00
4.880448750000000224e+00
5.061775500000000427e+00
5.120034750000000301e+00
5.358023250000000459e+00
5.527209000000000039e+00
5.598720000000000141e+00
5.641697249999999997e+00
5.676414750000000176e+00
5.728706250000000111e+00
5.930263500000000576e+00
6.453668249999999773e+00
6.479627250000000060e+00
7.034925750000000200e+00
7.375984500000000388e+00
7.388022000000000311e+00
7.419240750000000162e+00
7.571687999999999974e+00
7.739460000000000228e+00
7.774481999999999893e+00
7.861391250000000497e+00
7.938666750000000327e+00
8.159850000000000492e+00
8.372475749999999550e+00
8.428975499999999954e+00
8.455769249999999460e+00
8.578956749999999687e+00
8.650952999999999449e+00
8.922809250000000247e+00
9.187263749999999618e+00
9.594470250000000533e+00
9.863817000000000945e+00
9.889547999999999561e+00
