1.300837499999999980e-01
1.953843750000000101e+00
2.083019999999999872e+00
2.385543000000000191e+00
2.407869750000000142e+00
2.509457999999999966e+00
2.910353999999999886e+00
2.963647499999999990e+00
3.031576499999999896e+00
3.086524499999999893e+00
3.179262749999999915e+00
3.241242000000000179e+00
3.550369499999999956e+00
3.597605249999999977e+00
3.745791749999999976e+00
4.121667000000000414e+00
4.963802250000000527e+00
5.050820250000000122e+00
5.133061500000000166e+00
5.163936750000000409e+00
5.208644249999999865e+00
5.667033749999999870e+00
5.762679000000000329e+00
5.848919249999999792e+00
5.931489000000000011e+00
6.206942249999999994e+00
6.258643499999999804e+00
6.844685250000000387e+00
7.290335250000000045e+00
7.367882250000000077e+00
7.429006499999999846e+00
7.630298999999999943e+00
7.702672500000000255e+00
7.902108750000000015e+00
8.043290250000000086e+00
8.242053750000000178e+00
8.285206500000001029e+00
8.517504000000000630e+00
8.700888000000000844e+00
8.758904250000000502e+00
8.874735750000001033e+00
9.099454500000000223e+00
9.188541750000000619e+00
9.345654749999999567e+00
9.460701000000000249e+00
9.537099749999999432e+00
9.745772999999999797e+00
