2.066899999999999987e-02
7.623699999999999921e-02
9.916400000000000214e-02
2.700409999999999755e-01
5.066239999999999633e-01
6.587529999999999220e-01
7.527769999999999184e-01
7.891359999999999486e-01
1.292316999999999938e+00
1.823456999999999883e+00
2.025351000000000123e+00
2.109539999999999971e+00
2.489349999999999952e+00
2.546491000000000060e+00
2.691497000000000028e+00
2.698506000000000071e+00
3.059819000000000067e+00
3.630218999999999863e+00
3.765504999999999658e+00
3.985104999999999897e+00
4.174482999999999500e+00
4.255506999999999707e+00
4.589706999999999759e+00
4.848657000000000217e+00
5.339208999999999428e+00
5.411334999999999340e+00
5.516211999999999449e+00
6.084100999999999537e+00
6.167158999999999835e+00
6.379279999999999617e+00
6.464659999999999407e+00
7.183952999999999811e+00
7.244562999999999420e+00
7.307264999999999233e+00
7.371734999999999260e+00
8.018290999999999613e+00
8.218752000000000280e+00
8.265712999999999866e+00
8.314258999999999844e+00
8.335266999999999982e+00
8.465733000000000175e+00
8.552857999999998739e+00
8.884370999999999796e+00
8.926349999999999341e+00
8.996813999999998757e+00
9.101804999999998813e+00
9.290642999999999319e+00
9.350635999999999726e+00
9.451392000000000237e+00
9.742599999999999483e+00
