1.653750000000000012e-02
5.015929999999999556e-01
6.396954999999999725e-01
1.159716500000000039e+00
1.480362500000000026e+00
1.607140999999999931e+00
1.902665499999999899e+00
2.059509999999999952e+00
2.090188500000000005e+00
2.103435499999999791e+00
2.198449000000000098e+00
2.224296999999999969e+00
2.494044499999999775e+00
2.670928999999999665e+00
2.678803499999999893e+00
2.696039499999999922e+00
3.399019000000000013e+00
3.704202499999999620e+00
3.778916499999999790e+00
3.977508499999999891e+00
4.277595999999999954e+00
4.312448999999999977e+00
4.579360499999999945e+00
4.780479999999999841e+00
4.931859000000000215e+00
5.032920999999999978e+00
5.252107500000000151e+00
5.454219499999999776e+00
5.985238999999999976e+00
6.228040000000000020e+00
6.244881999999999600e+00
6.746627499999999777e+00
6.753054499999999294e+00
6.821517000000000053e+00
7.095543499999999781e+00
7.136812499999999559e+00
7.412153499999999617e+00
7.437539999999999374e+00
7.678053499999999865e+00
7.763353999999999644e+00
7.846704499999999527e+00
8.180642499999999373e+00
8.492156999999998845e+00
8.545317499999999455e+00
8.856691500000000161e+00
8.899796000000000262e+00
9.080326499999999967e+00
9.734480500000000092e+00
9.814220999999999862e+00
