7.019999999999999331e-03
1.135514999999999997e-01
3.187764999999999627e-01
3.903299999999999548e-01
4.303244999999999987e-01
7.199105000000000087e-01
7.277554999999999996e-01
7.780519999999999659e-01
1.014149500000000037e+00
1.307320000000000038e+00
2.790822499999999984e+00
2.872633500000000062e+00
2.885984499999999731e+00
3.135655999999999999e+00
3.517575499999999966e+00
4.192840499999999970e+00
4.225250499999999576e+00
4.651188999999999574e+00
4.720576499999999953e+00
4.730107499999999909e+00
4.752200499999999828e+00
5.255530999999999509e+00
5.294425500000000007e+00
5.520976000000000106e+00
6.127276000000000167e+00
6.966021500000000088e+00
7.365765499999999300e+00
7.384614499999999637e+00
7.435169999999999391e+00
7.594678499999999666e+00
8.274006500000000486e+00
8.825872999999999635e+00
8.933736999999998929e+00
8.951463499999999129e+00
9.270164499999999919e+00
9.727524999999999977e+00
9.851684999999999803e+00
9.882959999999998857e+00
