5.772349999999999703e-02
5.623207499999999248e-01
7.363309999999999578e-01
1.113394250000000030e+00
1.118406499999999859e+00
1.849734499999999837e+00
1.887001249999999963e+00
2.221505499999999689e+00
2.478491999999999695e+00
2.525624749999999974e+00
2.981454250000000084e+00
3.080480499999999733e+00
3.507101749999999907e+00
3.638465249999999873e+00
3.965493500000000004e+00
4.181782749999999993e+00
4.520454499999999598e+00
4.882855499999999793e+00
4.932912499999999589e+00
5.003607500000000208e+00
5.052471249999999969e+00
5.090470250000000085e+00
5.136724749999999950e+00
5.378460500000000089e+00
5.543055749999999726e+00
6.308717999999999826e+00
6.711382999999999655e+00
6.732249999999999623e+00
7.022294249999999849e+00
7.298737000000000030e+00
7.439206999999999681e+00
7.498918999999999890e+00
7.720816750000000006e+00
7.859510249999999587e+00
8.024558999999999997e+00
8.034411750000000296e+00
8.070909499999999070e+00
8.117642249999999393e+00
8.467636499999999344e+00
8.524913249999999110e+00
8.812746999999999886e+00
9.007476999999999734e+00
9.018086499999999006e+00
9.268650499999999681e+00
9.303495999999999100e+00
9.683740999999999488e+00
9.787179999999999325e+00
