5.017999999999999891e-03
1.646370000000000056e-01
9.393229999999999080e-01
1.176887000000000016e+00
2.263691999999999815e+00
2.670860999999999930e+00
2.818400999999999712e+00
3.202374999999999972e+00
3.349502999999999897e+00
3.465775999999999968e+00
3.613129999999999953e+00
3.851143999999999679e+00
3.953822999999999865e+00
4.166024000000000171e+00
4.382577999999999641e+00
4.389850000000000030e+00
4.428633999999999737e+00
5.044421999999999962e+00
5.419042999999999388e+00
5.748656999999999684e+00
6.041924999999999990e+00
6.190646000000000093e+00
6.240046999999999677e+00
6.271392999999999773e+00
6.352316999999999325e+00
6.383032999999999291e+00
6.929689999999999905e+00
7.169387999999999650e+00
7.522985999999999507e+00
8.183892999999999418e+00
8.311149000000000342e+00
8.591359999999999886e+00
8.715073999999999543e+00
8.872748999999998887e+00
8.913928000000000296e+00
9.243114999999999526e+00
9.324431999999999832e+00
9.396409999999999485e+00
