5.731549999999999839e-02
1.059729999999999978e-01
2.801697499999999952e-01
3.571324999999999639e-01
5.508589999999999876e-01
8.580152500000000071e-01
9.566594999999999960e-01
1.257087249999999878e+00
1.489781499999999870e+00
1.619653000000000009e+00
1.693606500000000015e+00
1.737579999999999902e+00
2.278746500000000008e+00
2.302015749999999805e+00
2.474493250000000089e+00
2.598885249999999925e+00
2.706264500000000073e+00
2.932874999999999677e+00
3.245425500000000074e+00
3.480243749999999636e+00
3.881650249999999858e+00
3.907931499999999669e+00
3.975762999999999714e+00
4.049624999999999808e+00
4.255975249999999654e+00
4.462370749999999830e+00
4.970704999999999707e+00
5.228687499999999488e+00
5.348238249999999638e+00
5.384062499999999751e+00
5.401233999999999646e+00
5.458457499999999740e+00
5.476631499999999875e+00
5.543025249999999460e+00
5.775868000000000002e+00
5.828271249999999348e+00
6.061090000000000089e+00
6.254372999999999294e+00
6.484124749999999437e+00
6.577145749999999680e+00
6.778971249999999671e+00
7.150128749999999478e+00
7.524249750000000070e+00
7.569512249999999831e+00
7.836728249999999285e+00
8.213544999999999874e+00
8.435811499999999796e+00
8.472483249999999799e+00
8.784256499999999690e+00
9.679813749999999217e+00
