9.367999999999999591e-03
3.168920000000000070e-01
4.428610000000000047e-01
9.613569999999999061e-01
1.318321999999999994e+00
1.975933999999999857e+00
2.138150999999999691e+00
2.217931999999999793e+00
2.634161999999999892e+00
2.670598999999999723e+00
2.806553999999999771e+00
2.829209000000000085e+00
3.066862999999999673e+00
3.451855999999999813e+00
3.669633999999999840e+00
3.714246999999999854e+00
3.868371999999999922e+00
3.910890999999999895e+00
4.059066999999999759e+00
4.327219999999999622e+00
4.344419999999999504e+00
5.041208000000000133e+00
5.103896999999999906e+00
5.167568000000000161e+00
5.433891000000000027e+00
5.485059999999999825e+00
5.552200000000000024e+00
5.759348999999999386e+00
5.903177999999999592e+00
6.169097999999999971e+00
6.284256000000000064e+00
6.318571999999999633e+00
6.383780999999999928e+00
6.538407999999999554e+00
6.642146999999999579e+00
6.738697999999999411e+00
7.126564999999999372e+00
7.392856999999999346e+00
7.618545999999999374e+00
7.797100999999999615e+00
8.202370000000000161e+00
8.232827000000000339e+00
8.299579999999998847e+00
8.587453000000000003e+00
8.657361999999999114e+00
9.404881999999998854e+00
9.801496000000000208e+00
9.948959000000000330e+00
