1.827907500000000018e-01
2.051122499999999960e-01
2.233927500000000010e-01
4.067175000000000096e-01
5.889134999999999787e-01
7.424250000000000016e-01
8.276459999999999928e-01
1.078702500000000120e+00
1.257464249999999950e+00
1.369037250000000094e+00
1.394714999999999927e+00
1.420817250000000032e+00
1.429891500000000093e+00
1.557274500000000117e+00
1.588818000000000064e+00
1.808122500000000077e+00
2.185058249999999980e+00
2.208426750000000105e+00
2.458863749999999904e+00
2.726528249999999876e+00
3.514306500000000000e+00
3.973765500000000284e+00
4.480488000000000248e+00
5.525561999999999863e+00
5.547810000000000130e+00
5.669403749999999853e+00
5.706171000000000326e+00
5.754121500000000111e+00
6.024162000000000461e+00
6.493056000000000161e+00
6.669077999999999840e+00
7.414574250000000255e+00
8.073132750000000968e+00
8.242992000000000985e+00
8.277789000000000286e+00
8.313868499999999884e+00
8.660168249999999901e+00
8.746110749999999712e+00
9.144666750000000732e+00
