2.125447500000000045e-01
3.139117499999999894e-01
6.551797500000000607e-01
1.054196249999999946e+00
1.787162249999999952e+00
1.897214249999999991e+00
1.928369250000000035e+00
2.070571500000000231e+00
2.266601249999999901e+00
2.434629000000000154e+00
2.464371750000000194e+00
2.534542500000000143e+00
2.684147250000000096e+00
2.946246750000000247e+00
2.959801500000000196e+00
3.104653499999999955e+00
3.162988499999999981e+00
3.258977999999999930e+00
3.339740250000000188e+00
3.504875999999999880e+00
3.538678500000000060e+00
3.877456500000000084e+00
3.949663500000000216e+00
4.726300499999999793e+00
5.569457250000000137e+00
5.823991499999999988e+00
5.922326250000000236e+00
6.009285750000000093e+00
6.019047000000000480e+00
6.288269999999999804e+00
6.457875000000000476e+00
6.545519249999999900e+00
6.556012500000000465e+00
6.922667999999999822e+00
7.080299250000000377e+00
7.594465500000000091e+00
7.863757500000000178e+00
7.940429250000000216e+00
7.985342250000000419e+00
8.234457000000000804e+00
8.367112500000001063e+00
8.631285000000000096e+00
8.914700250000000992e+00
9.406132500000000007e+00
9.860450249999999528e+00
9.982001999999999597e+00
