6.375000000000000458e-03
6.343725000000000058e-02
1.628370000000000095e-01
3.431182500000000135e-01
6.738592500000000207e-01
7.284840000000000204e-01
9.239505000000000079e-01
1.098064499999999999e+00
1.307373000000000118e+00
2.058240000000000069e+00
2.340346499999999885e+00
2.394909000000000177e+00
2.467950749999999971e+00
3.024899250000000261e+00
3.284994000000000192e+00
3.515268000000000281e+00
3.548169750000000011e+00
3.586605749999999926e+00
3.772539000000000087e+00
3.839871000000000034e+00
3.908226750000000305e+00
3.960898500000000322e+00
4.119527999999999857e+00
4.138678500000000149e+00
4.259082750000000139e+00
4.314865499999999798e+00
4.522920000000000051e+00
4.764331499999999942e+00
5.009481000000000073e+00
5.080397249999999865e+00
5.215481999999999729e+00
5.702483250000000226e+00
5.768983500000000042e+00
5.877366750000000195e+00
6.073404749999999908e+00
6.422049750000000223e+00
6.752488500000000116e+00
7.039482750000000344e+00
7.060799250000000526e+00
7.719557250000000259e+00
8.482732500000000897e+00
8.673109500000000693e+00
8.756804999999999950e+00
8.977935000000000443e+00
9.082527000000000683e+00
9.210245999999999711e+00
9.400388250000000667e+00
9.871764000000000649e+00
