1.123414999999999969e-01
5.495679999999999454e-01
9.258999999999999453e-01
9.682614999999999972e-01
9.864104999999999679e-01
1.098061500000000024e+00
1.132631500000000013e+00
1.386558999999999875e+00
1.417036500000000032e+00
1.642110500000000028e+00
2.378041999999999767e+00
2.688917500000000071e+00
2.861651499999999793e+00
2.886149499999999701e+00
3.061360000000000081e+00
3.094151499999999722e+00
3.121720999999999968e+00
3.155627999999999656e+00
3.935665499999999817e+00
4.071041000000000132e+00
5.037908999999999970e+00
5.200957999999999970e+00
5.297435499999999742e+00
5.594266000000000183e+00
5.671351999999999727e+00
5.928944999999999688e+00
6.147815999999999725e+00
6.153663499999999509e+00
6.483962499999999629e+00
6.683920999999999779e+00
6.922540499999999319e+00
7.001104999999999912e+00
7.478593499999999672e+00
7.596304499999999571e+00
7.624582499999999818e+00
7.846851999999999272e+00
7.989528999999999215e+00
8.083965499999999693e+00
8.283706999999999709e+00
8.368152499999998994e+00
8.468870499999999524e+00
8.591592499999999077e+00
9.439693000000000112e+00
9.483403499999999653e+00
9.555999500000000424e+00
9.591696499999999403e+00
9.607130500000000239e+00
9.971092999999999762e+00
