6.918000000000000538e-03
1.716989999999999905e-01
2.153339999999999976e-01
3.690510000000000179e-01
6.098040000000000127e-01
6.467490000000000183e-01
7.363920000000000465e-01
7.481339999999999657e-01
1.185119999999999951e+00
1.313150999999999957e+00
1.456122000000000138e+00
1.713770999999999933e+00
1.831142999999999965e+00
2.189096999999999849e+00
2.551260000000000083e+00
2.651181000000000232e+00
2.924402999999999864e+00
3.654897000000000062e+00
3.839472000000000218e+00
3.861261000000000276e+00
4.166922000000000459e+00
4.717598999999999876e+00
4.765655999999999892e+00
4.798448999999999742e+00
5.165627999999999886e+00
5.287379999999999747e+00
5.720778000000000141e+00
5.865084000000000408e+00
6.276600000000000179e+00
6.306732000000000227e+00
6.365040000000000475e+00
6.431046000000000262e+00
6.437054999999999971e+00
6.502343999999999902e+00
7.140342000000000411e+00
7.542953999999999937e+00
7.743660000000000210e+00
7.907468999999999859e+00
8.138016000000000361e+00
8.478540000000000632e+00
8.558448000000000278e+00
9.367670999999999637e+00
9.441314999999999458e+00
9.547755000000000436e+00
9.670925999999999689e+00
9.852654000000001133e+00
