1.611785000000000023e-01
4.192305000000000059e-01
7.404839999999999200e-01
7.891044999999999865e-01
9.443279999999999452e-01
1.074188499999999991e+00
1.120720999999999856e+00
1.175661499999999915e+00
1.198999999999999844e+00
1.378850999999999827e+00
1.633780999999999928e+00
1.711250500000000008e+00
1.718131499999999923e+00
1.768822499999999964e+00
1.786233500000000030e+00
1.891560999999999826e+00
2.038143499999999886e+00
2.052579499999999779e+00
2.338019499999999695e+00
2.415255499999999778e+00
2.683420499999999986e+00
2.939743500000000065e+00
3.243749499999999841e+00
3.409737499999999866e+00
3.446434499999999623e+00
3.816694499999999657e+00
4.125109499999999763e+00
4.431976500000000208e+00
4.496547999999999767e+00
4.687271499999999591e+00
4.774891999999999470e+00
4.947766999999999804e+00
5.195647000000000126e+00
6.237141499999999894e+00
6.308397499999999880e+00
6.518367999999999718e+00
6.752009499999999775e+00
6.788238999999999912e+00
7.038132999999999306e+00
7.186087499999999295e+00
7.248992999999999576e+00
7.368809499999999346e+00
7.662421999999999400e+00
7.767750500000000002e+00
7.824012999999999884e+00
7.908269999999999911e+00
8.105497999999998981e+00
8.186820499999999612e+00
8.377367500000000078e+00
8.959151499999999047e+00
9.017668999999999713e+00
9.243202999999999392e+00
9.625504499999999908e+00
9.670781999999999101e+00
9.737109999999999488e+00
9.824142499999998890e+00
9.864504000000000161e+00
9.883563499999999280e+00
9.934668499999999014e+00
