5.116099999999999814e-02
4.758759999999999657e-01
5.334050000000000180e-01
6.724529999999999674e-01
8.143349999999999200e-01
1.042958999999999969e+00
1.097002999999999950e+00
1.548582999999999821e+00
1.697429999999999994e+00
1.705875000000000030e+00
1.768605999999999900e+00
1.827410999999999897e+00
1.902215999999999907e+00
1.972752999999999979e+00
1.995470999999999995e+00
2.195564999999999767e+00
4.047614999999999519e+00
4.128739999999999633e+00
4.362992000000000203e+00
4.700274999999999537e+00
4.892943999999999960e+00
5.239053000000000182e+00
5.488958999999999477e+00
6.111727999999999383e+00
6.143844999999999779e+00
6.729064999999999408e+00
7.115202999999999278e+00
7.135097999999999274e+00
7.260054999999999481e+00
7.290645999999999738e+00
7.397942999999999714e+00
7.524613999999999692e+00
7.712077999999999989e+00
7.737906999999999869e+00
7.764888000000000012e+00
7.821983999999999604e+00
8.236030999999998770e+00
8.764217999999999620e+00
8.821090999999999127e+00
8.880063999999999069e+00
9.042457999999999885e+00
9.083638999999999797e+00
9.172592999999999108e+00
9.253083000000000169e+00
9.454985999999999891e+00
9.760361999999998872e+00
