6.245999999999999816e-03
1.997182500000000138e-01
3.192697500000000188e-01
4.436782499999999962e-01
4.594522500000000065e-01
6.979012500000000285e-01
1.182701250000000037e+00
2.018367000000000022e+00
2.296372499999999928e+00
2.379121500000000111e+00
3.127971000000000057e+00
3.176928750000000079e+00
3.574155750000000076e+00
3.638080500000000050e+00
3.958747500000000308e+00
4.053387749999999734e+00
4.247810249999999677e+00
4.628205750000000229e+00
4.725762000000000462e+00
4.984968750000000171e+00
5.124524250000000336e+00
5.217861000000000082e+00
5.576184750000000356e+00
5.670688499999999799e+00
5.679184499999999858e+00
5.733258750000000070e+00
5.864778000000000269e+00
5.930112750000000155e+00
6.204476999999999798e+00
6.707859000000000016e+00
6.730503750000000451e+00
7.384536750000000538e+00
7.585031250000000114e+00
7.834727250000000254e+00
7.901140500000000344e+00
8.265659250000000569e+00
8.604468000000000671e+00
8.624696249999999509e+00
8.748436500000000393e+00
8.902595250000000959e+00
9.188010000000000232e+00
9.197867249999999828e+00
9.236975250000000415e+00
9.261027000000000342e+00
9.461158499999999805e+00
9.743169749999999851e+00
