4.577499999999999972e-03
6.816799999999999249e-02
1.621239999999999903e-01
1.821079999999999921e-01
2.589655000000000151e-01
4.267904999999999616e-01
6.330574999999999397e-01
9.025734999999999175e-01
1.025612250000000003e+00
1.419079499999999827e+00
1.670710999999999835e+00
1.903313499999999880e+00
2.015990500000000019e+00
2.732085999999999792e+00
3.193058249999999987e+00
3.578119000000000050e+00
3.756354999999999666e+00
3.986662749999999811e+00
4.153011999999999482e+00
4.348440249999999452e+00
4.535232999999999848e+00
4.826370999999999967e+00
4.924470999999999599e+00
5.476151499999999395e+00
6.048590499999999537e+00
6.258398499999999309e+00
6.279728249999999790e+00
6.412181999999999604e+00
6.523448750000000018e+00
6.905525749999999796e+00
7.436221250000000005e+00
7.621051749999999458e+00
7.745944999999999858e+00
7.969413749999999297e+00
8.637839249999998970e+00
8.765623500000000234e+00
8.808997500000000258e+00
9.005510749999999121e+00
9.389124250000000060e+00
9.453961500000000129e+00
9.469242500000000007e+00
9.561961750000000038e+00
9.624482249999999794e+00
9.694076499999999541e+00
