8.259499999999999481e-03
7.031465000000000076e-01
7.486596999999999280e-01
9.158450999999999675e-01
9.519438000000000066e-01
1.061125199999999991e+00
1.102890600000000054e+00
1.346382999999999885e+00
1.589588400000000012e+00
1.920090299999999806e+00
2.108103499999999908e+00
2.345127100000000020e+00
2.359669400000000028e+00
2.526327900000000071e+00
2.544661599999999968e+00
2.704184600000000049e+00
2.766722199999999798e+00
2.844940199999999919e+00
2.980710900000000052e+00
3.132397899999999957e+00
4.056261199999999789e+00
4.237379499999999410e+00
4.688040400000000218e+00
5.061176099999999956e+00
5.195348499999999703e+00
5.230980399999999975e+00
5.421527799999999786e+00
5.455292199999999703e+00
5.900430699999999362e+00
6.019937800000000117e+00
6.125150299999999604e+00
6.269593500000000041e+00
6.400703499999999657e+00
