2.511660000000000004e-01
4.872869999999999702e-01
1.012188499999999935e+00
1.223212999999999884e+00
1.500039499999999970e+00
1.848890499999999992e+00
1.878633999999999915e+00
2.118130999999999986e+00
2.315725500000000103e+00
2.340983000000000036e+00
2.729271999999999920e+00
3.129153999999999769e+00
3.393302499999999888e+00
3.557363000000000053e+00
3.707980499999999680e+00
3.771786499999999709e+00
3.862296499999999799e+00
4.065085499999999463e+00
4.159563499999999969e+00
4.250637000000000221e+00
4.489891000000000076e+00
4.618291000000000146e+00
4.658206499999999473e+00
4.718352499999999949e+00
5.181436499999999334e+00
5.374652499999999833e+00
5.557860499999999426e+00
5.798824999999999896e+00
6.034316500000000083e+00
6.155000499999999874e+00
6.164002499999999607e+00
6.188988499999999782e+00
6.208228499999999705e+00
6.274118999999999780e+00
6.658827500000000121e+00
6.680568499999999688e+00
6.763962499999999878e+00
6.822299999999999365e+00
7.004334499999999686e+00
7.082226999999999606e+00
7.223525500000000044e+00
7.431923999999999531e+00
7.740171999999999386e+00
7.924149499999999513e+00
8.362883000000000067e+00
8.385282499999998862e+00
8.672126999999999697e+00
8.879564000000000235e+00
8.931094999999999118e+00
9.081398999999999333e+00
9.422558999999999685e+00
9.531627000000000294e+00
9.858708999999999278e+00
9.879703499999999750e+00
9.944789999999999353e+00
9.958336499999999702e+00
