2.767179999999999640e-01
9.116679999999999229e-01
1.251695000000000002e+00
1.280437000000000047e+00
1.297364999999999879e+00
1.478042999999999996e+00
1.799565999999999999e+00
1.914895999999999932e+00
2.039452999999999960e+00
2.312834999999999752e+00
2.512420999999999793e+00
2.884119999999999795e+00
3.208520999999999734e+00
3.362657000000000007e+00
3.556794000000000011e+00
3.632409999999999695e+00
3.699815999999999772e+00
3.847179999999999822e+00
3.903225999999999640e+00
4.042619000000000185e+00
4.146462999999999788e+00
4.514745999999999704e+00
6.033144000000000062e+00
6.111393999999999771e+00
6.139477999999999547e+00
6.468791999999999653e+00
6.583565000000000111e+00
6.718160999999999383e+00
7.764386000000000010e+00
7.901908999999999850e+00
8.183092000000000255e+00
8.204943000000000097e+00
8.217876000000000403e+00
8.593315999999999732e+00
9.314102999999999355e+00
9.447696999999999790e+00
9.706538000000000110e+00
