1.242269999999999902e-01
1.858194999999999986e-01
1.985144999999999826e-01
2.819154999999999855e-01
4.240644999999999554e-01
6.843924999999999592e-01
7.199297499999999239e-01
1.024300500000000058e+00
1.182273499999999977e+00
1.975860500000000020e+00
2.043695000000000039e+00
2.074784499999999809e+00
2.104200499999999696e+00
2.947786499999999865e+00
3.088577499999999976e+00
3.358174500000000062e+00
3.451973499999999806e+00
3.767342749999999629e+00
4.140308249999999468e+00
4.182742999999999434e+00
4.426166249999999636e+00
4.453444249999999549e+00
4.549539499999999848e+00
5.171328250000000182e+00
5.326669499999999502e+00
5.789689749999999968e+00
6.119752999999999332e+00
6.357957749999999741e+00
6.486605749999999837e+00
7.023624749999999750e+00
7.164272500000000043e+00
7.404108499999999538e+00
7.442211249999999723e+00
7.659188499999999955e+00
7.767150749999999881e+00
7.965735999999999706e+00
8.127808749999999804e+00
8.417647999999999797e+00
8.564091749999999337e+00
8.677223999999998938e+00
8.736653499999999184e+00
9.461945000000000050e+00
9.553716749999999536e+00
9.883687249999999480e+00
9.967675749999999724e+00
