1.173074999999999986e-02
2.341094999999999982e-01
1.193577749999999993e+00
1.412691000000000141e+00
1.741405499999999940e+00
2.087531999999999943e+00
2.461693499999999979e+00
2.541681749999999962e+00
2.652159000000000155e+00
2.754255000000000120e+00
2.864374500000000268e+00
2.977543499999999899e+00
3.020381250000000239e+00
3.063001499999999933e+00
3.565051500000000040e+00
3.708395250000000143e+00
3.948355499999999907e+00
4.007905499999999677e+00
4.172680500000000237e+00
4.684394250000000426e+00
5.342777250000000144e+00
5.369600250000000408e+00
5.504629500000000064e+00
5.657112000000000585e+00
5.780779500000000404e+00
5.864517000000000202e+00
6.071642250000000018e+00
6.274967250000000440e+00
6.279927750000000586e+00
6.297999749999999786e+00
6.811520250000000054e+00
6.895769999999999733e+00
6.989868750000000297e+00
7.359898499999999899e+00
7.888722000000000456e+00
8.045025750000000642e+00
8.662865249999999406e+00
8.999220750000000990e+00
9.029421000000001030e+00
9.068322000000000216e+00
9.256911750000000438e+00
9.294536250000000166e+00
