2.588999999999999722e-03
9.266099999999999337e-02
4.697799999999999754e-01
6.393679999999999364e-01
8.225190000000000001e-01
1.254084999999999894e+00
1.424558999999999909e+00
1.447918999999999956e+00
1.504681999999999853e+00
2.018485000000000085e+00
2.541900999999999744e+00
2.636572999999999833e+00
2.655313999999999730e+00
2.673252999999999879e+00
3.360503999999999714e+00
3.628773999999999944e+00
4.260755999999999766e+00
4.335669000000000217e+00
4.442760999999999960e+00
4.724452999999999570e+00
4.754789999999999850e+00
4.899745999999999491e+00
4.966604999999999492e+00
4.990437000000000012e+00
5.001596000000000153e+00
5.076481999999999495e+00
5.202199999999999491e+00
5.268315999999999555e+00
5.309464000000000183e+00
5.404214999999999769e+00
5.559629999999999406e+00
5.996491999999999933e+00
6.166853999999999836e+00
6.205292000000000030e+00
6.522480999999999973e+00
6.574427000000000021e+00
6.645158999999999594e+00
6.821210999999999913e+00
7.396980999999999362e+00
7.428223000000000020e+00
7.524966999999999295e+00
7.826501999999999626e+00
7.905818999999999264e+00
7.965503000000000000e+00
8.001870999999999512e+00
8.047115999999999048e+00
8.262266000000000332e+00
9.229957999999999885e+00
9.377490999999999133e+00
9.410726000000000369e+00
9.533446999999998894e+00
9.601217999999999364e+00
9.649506999999999834e+00
9.987271999999999039e+00
