6.319749999999999847e-03
2.558002500000000068e-01
2.937682500000000085e-01
6.088764999999999317e-01
7.148087499999999928e-01
9.658732499999999055e-01
9.951282499999999365e-01
1.094268000000000018e+00
1.564487749999999844e+00
1.653369249999999901e+00
1.930686499999999972e+00
1.985250749999999842e+00
2.237430499999999878e+00
2.310082500000000039e+00
2.360367249999999917e+00
2.863102000000000036e+00
2.976102749999999908e+00
3.572735749999999655e+00
3.774528499999999731e+00
3.882764749999999765e+00
3.905466999999999800e+00
3.985438499999999884e+00
4.995489249999999437e+00
5.017277499999999613e+00
5.133582999999999785e+00
5.150072749999999644e+00
5.222653999999999463e+00
5.303362250000000166e+00
5.347445749999999443e+00
5.566504750000000001e+00
5.718311749999999805e+00
5.867980750000000079e+00
6.133592249999999524e+00
6.256773749999999801e+00
6.479201749999999649e+00
6.729297749999999745e+00
6.744595249999999709e+00
7.092827749999999654e+00
7.224659249999999311e+00
7.241725749999999628e+00
7.435183249999999688e+00
7.991495249999999828e+00
8.043213999999998975e+00
8.161691749999999246e+00
8.498076749999999180e+00
8.548950999999998857e+00
9.128031499999998744e+00
9.145366749999999101e+00
9.568426750000000425e+00
9.775719249999999860e+00
9.981740750000000162e+00
