3.333809999999999829e-01
1.009683249999999921e+00
1.351351500000000039e+00
1.363473999999999853e+00
1.411162749999999910e+00
1.851835499999999968e+00
1.919939249999999875e+00
2.488925249999999867e+00
2.645581749999999843e+00
2.687908750000000069e+00
3.311901499999999832e+00
3.361884499999999942e+00
3.951973749999999619e+00
4.055553500000000255e+00
4.169579999999999842e+00
5.094375999999999571e+00
5.360361000000000153e+00
5.709745499999999474e+00
6.001803749999999660e+00
6.119975249999999534e+00
6.210662999999999379e+00
7.298453499999999927e+00
8.196098250000000363e+00
8.351110499999998993e+00
8.442394750000000059e+00
8.480060999999999183e+00
8.568363749999999612e+00
8.974678250000000190e+00
9.014053750000000420e+00
9.554727500000000262e+00
9.626690249999999338e+00
