5.327080000000000010e-02
2.409451999999999983e-01
4.093327999999999967e-01
5.827420999999999296e-01
7.085150999999999533e-01
7.382570999999999994e-01
1.107687499999999936e+00
1.634257899999999930e+00
1.980988699999999936e+00
2.479083900000000007e+00
2.496140999999999721e+00
2.511577500000000018e+00
2.645106900000000039e+00
2.868114899999999690e+00
3.287919599999999942e+00
3.310502199999999728e+00
3.555580199999999635e+00
3.574586599999999947e+00
3.866094099999999756e+00
4.022167399999999837e+00
4.483801500000000217e+00
4.515722999999999487e+00
4.816421699999999362e+00
5.064886800000000022e+00
5.091750499999999846e+00
5.177369899999999525e+00
5.405536199999999347e+00
5.413973599999999387e+00
5.695224200000000181e+00
5.849963299999999755e+00
