7.970699999999998966e-03
2.304960999999999816e-01
2.866086999999999940e-01
4.415820999999999774e-01
6.647670999999999442e-01
8.378236000000000017e-01
8.845370999999999650e-01
1.074141499999999860e+00
1.509366999999999903e+00
1.571887699999999999e+00
1.609953799999999990e+00
1.705272099999999957e+00
1.736421400000000004e+00
2.616861600000000010e+00
2.777190000000000047e+00
3.318617600000000056e+00
3.536126499999999950e+00
3.557393599999999712e+00
3.584636699999999898e+00
3.714144899999999971e+00
3.824127199999999949e+00
3.874629099999999937e+00
3.941734899999999708e+00
4.006777099999999869e+00
4.036929199999999440e+00
4.100389299999999793e+00
4.190762699999999619e+00
4.258708099999999774e+00
4.548883599999999916e+00
4.814404800000000151e+00
4.984852000000000061e+00
5.137002299999999799e+00
5.150585699999999711e+00
5.164326199999999645e+00
5.281297299999999417e+00
5.471702899999999481e+00
5.638034699999999511e+00
6.014079100000000011e+00
6.213376799999999811e+00
