1.268537499999999874e-01
2.907962499999999784e-01
3.049620000000000108e-01
6.951569999999999139e-01
8.221159999999999579e-01
8.487834999999999130e-01
9.395462499999999162e-01
1.099047249999999920e+00
1.221038999999999985e+00
1.336690999999999852e+00
1.608623499999999984e+00
1.918971250000000017e+00
2.687586500000000100e+00
2.779767499999999725e+00
2.997935249999999829e+00
3.007966999999999835e+00
3.451212999999999642e+00
3.533256750000000057e+00
4.211272499999999752e+00
4.416377999999999915e+00
4.744506999999999586e+00
4.835385749999999483e+00
4.913244999999999862e+00
5.155073499999999420e+00
5.613449750000000016e+00
5.717232249999999460e+00
5.876122999999999763e+00
5.895887749999999983e+00
6.322428249999999750e+00
6.622260499999999439e+00
6.664249250000000124e+00
6.808849999999999625e+00
7.089722499999999705e+00
7.198843499999999729e+00
7.435013999999999790e+00
7.557710499999999776e+00
7.709201750000000075e+00
7.731370749999999958e+00
7.840564249999999902e+00
8.008138999999999896e+00
8.054757750000000271e+00
8.389743250000000430e+00
8.551928249999999565e+00
8.639421750000000344e+00
9.092607499999999732e+00
9.236869249999999809e+00
9.322492000000000445e+00
9.649733999999998701e+00
9.994259749999999443e+00
