5.359547499999999243e-01
7.264319999999999666e-01
1.326002750000000008e+00
1.514281999999999906e+00
2.301733500000000099e+00
2.498212999999999795e+00
2.867873249999999707e+00
2.992509999999999781e+00
3.257253249999999767e+00
3.519373749999999745e+00
3.931963249999999910e+00
4.014832750000000061e+00
4.633673250000000188e+00
5.068193499999999574e+00
5.197666250000000154e+00
5.302384249999999355e+00
5.494776499999999508e+00
5.628299000000000163e+00
6.014952249999999445e+00
6.433320000000000149e+00
6.779478249999999484e+00
6.989817999999999643e+00
7.096187500000000092e+00
7.135951749999999372e+00
7.205994749999999449e+00
7.400151249999999514e+00
7.568699249999999878e+00
8.037720999999999449e+00
8.062934000000000268e+00
8.174650500000000264e+00
8.551218000000000430e+00
8.808561499999999711e+00
9.219801999999999609e+00
9.382353999999999417e+00
9.589290249999999460e+00
9.860893749999998903e+00
