9.898999999999999813e-03
1.112814999999999915e-01
2.166029999999999900e-01
6.562529999999999752e-01
8.715195000000000025e-01
1.051054500000000003e+00
1.349059999999999926e+00
1.704629500000000020e+00
1.796126499999999959e+00
1.970923999999999898e+00
2.243333499999999869e+00
2.427896499999999680e+00
2.533260499999999915e+00
2.668653500000000012e+00
2.924779500000000088e+00
3.121074499999999752e+00
3.224773499999999959e+00
3.287112000000000034e+00
3.346813000000000038e+00
3.769850499999999993e+00
3.865084999999999660e+00
4.499734999999999374e+00
4.833906499999999440e+00
5.030121499999999912e+00
5.038428999999999824e+00
5.101033499999999776e+00
5.186917999999999473e+00
5.303192499999999754e+00
5.472601499999999675e+00
5.583167999999999687e+00
5.649912999999999741e+00
5.758465999999999418e+00
5.825236999999999554e+00
5.931937500000000085e+00
6.089898499999999437e+00
6.266458499999999709e+00
6.421320499999999321e+00
6.624697999999999531e+00
6.771259499999999321e+00
6.807332499999999342e+00
6.838979999999999393e+00
7.110570000000000057e+00
7.507026999999999894e+00
7.523360999999999521e+00
7.807034499999999433e+00
7.960300999999999405e+00
8.213417500000000260e+00
8.342133000000000465e+00
8.425103499999998746e+00
8.810289499999999663e+00
8.957437499999999275e+00
8.983525999999999456e+00
9.270571499999999077e+00
9.296063499999998925e+00
