3.563617499999999771e-01
4.901269999999999794e-01
6.372280000000000166e-01
6.630622499999999642e-01
1.271925749999999855e+00
1.608395499999999867e+00
1.869144249999999952e+00
2.874325999999999937e+00
2.966278749999999853e+00
3.051858249999999995e+00
3.408195999999999781e+00
3.652667499999999734e+00
3.709450749999999797e+00
3.768314999999999859e+00
3.863239249999999902e+00
4.459156750000000002e+00
5.186905750000000204e+00
5.270901249999999649e+00
5.327511749999999324e+00
5.548611750000000065e+00
5.761813749999999956e+00
5.857939000000000007e+00
5.925131749999999364e+00
5.953690499999999552e+00
5.986653500000000072e+00
6.527149999999999785e+00
6.579231999999999303e+00
6.936940499999999510e+00
6.942380999999999247e+00
7.183186999999999323e+00
7.373647000000000062e+00
7.444494999999999862e+00
7.476408249999999533e+00
7.789979250000000022e+00
7.984564999999999912e+00
7.996023499999999729e+00
8.232535999999999632e+00
8.689838500000000465e+00
8.824132750000000414e+00
9.105783249999999995e+00
9.164173999999999154e+00
9.411305750000000359e+00
9.602531749999998922e+00
9.655192249999998921e+00
9.699337249999999244e+00
9.741300749999998843e+00
9.882538000000000267e+00
