2.726978999999999931e-01
2.884760000000000102e-01
6.124153999999999431e-01
6.759204999999999242e-01
8.535410999999999415e-01
1.129267099999999857e+00
1.640472799999999953e+00
1.919713499999999851e+00
2.282218999999999998e+00
2.452446600000000032e+00
2.507132200000000033e+00
2.534941200000000006e+00
2.630217800000000050e+00
2.818327000000000027e+00
3.051415999999999684e+00
3.173157999999999923e+00
3.340710999999999764e+00
3.469203400000000048e+00
3.668302599999999636e+00
3.858461900000000000e+00
4.219229299999999405e+00
4.525660499999999864e+00
4.556147900000000028e+00
5.047708099999999476e+00
5.203092299999999781e+00
5.300329500000000138e+00
5.336419999999999497e+00
5.605790799999999408e+00
