1.364842500000000014e-01
2.868255000000000110e-01
4.186635000000000217e-01
4.552125000000000199e-01
7.178280000000000216e-01
9.343582500000000568e-01
1.540793250000000114e+00
2.162660999999999945e+00
2.922560999999999964e+00
2.995936500000000002e+00
3.034610999999999947e+00
3.395223749999999985e+00
3.515331750000000088e+00
3.649411500000000252e+00
3.871106249999999971e+00
3.965884500000000035e+00
4.493109000000000464e+00
4.549220250000000298e+00
4.700683500000000237e+00
4.779628500000000280e+00
4.822248000000000090e+00
5.272619999999999862e+00
5.306906249999999936e+00
5.446109250000000124e+00
5.480020500000000183e+00
6.143475750000000346e+00
6.180350999999999928e+00
6.284426999999999985e+00
6.311193000000000275e+00
6.571731750000000538e+00
7.147093500000000432e+00
7.377408749999999849e+00
7.482399000000000022e+00
7.649796750000000145e+00
7.781079749999999962e+00
7.797392250000000580e+00
7.816958999999999769e+00
7.849104000000000525e+00
8.265095999999999776e+00
8.337248250000000027e+00
8.391360750000000479e+00
8.845077749999999739e+00
9.127002750000000830e+00
9.567444000000000059e+00
9.986117249999999501e+00
