6.700477499999999420e-01
1.188518999999999881e+00
1.448629249999999979e+00
1.521589749999999963e+00
1.555727499999999930e+00
1.655041749999999867e+00
1.975148249999999939e+00
2.091398499999999938e+00
2.331817249999999841e+00
2.661869749999999701e+00
3.477937999999999974e+00
4.362005250000000167e+00
4.447852499999999765e+00
4.488093999999999362e+00
4.821964749999999356e+00
5.017929249999999897e+00
5.044468750000000057e+00
5.103032250000000047e+00
5.427355499999999999e+00
5.560925249999999487e+00
5.785177749999999897e+00
6.562404499999999530e+00
7.003228000000000009e+00
7.126523999999999859e+00
7.448316499999999785e+00
7.544714499999999546e+00
7.717825249999999748e+00
7.933034999999999393e+00
8.112300749999999283e+00
8.331228249999998781e+00
8.626151499999998862e+00
9.271431749999999639e+00
9.314585749999999109e+00
9.490047499999999303e+00
9.910218499999999153e+00
9.934840249999998818e+00
