1.284000000000000072e-02
3.832649999999999946e-02
3.941767500000000202e-01
7.075124999999999886e-01
8.571300000000000585e-01
1.035098250000000109e+00
1.412465250000000117e+00
1.495356750000000012e+00
1.662243000000000137e+00
1.734354750000000056e+00
1.787850750000000044e+00
1.840288499999999994e+00
1.992837750000000074e+00
2.174175749999999852e+00
2.560701750000000221e+00
2.632416000000000089e+00
2.650155000000000260e+00
3.017328000000000010e+00
3.028446000000000193e+00
3.170998500000000053e+00
3.363495750000000228e+00
3.436564500000000244e+00
3.571014750000000237e+00
3.591672750000000303e+00
4.111905750000000026e+00
4.154446499999999709e+00
4.471636499999999792e+00
4.712959500000000190e+00
4.931631750000000203e+00
5.216807250000000451e+00
5.395194000000000045e+00
5.628002249999999762e+00
5.643855000000000288e+00
5.928149250000000592e+00
6.244020749999999786e+00
6.277882500000000476e+00
6.446958750000000293e+00
6.753800250000000283e+00
6.829520999999999731e+00
6.841539000000000037e+00
7.013522250000000291e+00
7.188633750000000155e+00
7.203061500000000450e+00
7.403909249999999886e+00
7.662546750000000628e+00
8.093233500000000191e+00
8.158457249999999661e+00
8.669369250000000804e+00
9.371432999999999680e+00
9.778432500000000971e+00
