3.077099999999999974e-02
1.017060000000000047e-01
1.782480000000000175e-01
2.419469999999999954e-01
8.719379999999999908e-01
8.805120000000000724e-01
1.001241000000000048e+00
1.013654999999999973e+00
1.065141000000000115e+00
1.125941999999999998e+00
1.233225000000000016e+00
1.424919000000000047e+00
1.577520000000000033e+00
1.878243000000000107e+00
1.950975000000000126e+00
2.860980000000000079e+00
3.077922000000000047e+00
3.586863000000000135e+00
4.089399000000000228e+00
4.205478000000000272e+00
4.582901999999999809e+00
4.821005999999999680e+00
4.941402000000000072e+00
5.148813000000000528e+00
5.185842000000000063e+00
5.250174000000000341e+00
5.573451000000000377e+00
5.659206000000000181e+00
5.743548000000000542e+00
5.796096000000000359e+00
5.875371000000000343e+00
6.108731999999999829e+00
6.453828000000000564e+00
6.716001000000000332e+00
7.125483000000000011e+00
7.828974000000000544e+00
8.071191000000000670e+00
8.452427999999999386e+00
8.548332000000000264e+00
8.704047000000000978e+00
8.808384000000000214e+00
8.851839000000000013e+00
8.864439000000000846e+00
9.078780000000000072e+00
