1.231249999999999879e-02
4.306499999999999911e-02
1.557209999999999983e-01
1.865769999999999929e-01
2.535164999999999780e-01
8.342060000000000031e-01
9.314209999999999434e-01
1.223193999999999892e+00
1.312000499999999903e+00
1.789750999999999870e+00
1.810316499999999884e+00
2.536378999999999717e+00
2.680363999999999969e+00
2.722733999999999988e+00
2.765463500000000074e+00
3.265847500000000014e+00
3.300317999999999863e+00
3.547886999999999791e+00
3.628703499999999860e+00
3.675325500000000023e+00
3.803777999999999881e+00
3.943156499999999731e+00
4.276765499999999776e+00
4.423667000000000016e+00
4.516585499999999698e+00
4.683575999999999517e+00
4.701864999999999739e+00
4.861050500000000163e+00
4.886681499999999900e+00
4.926904999999999646e+00
4.959485499999999547e+00
5.105421999999999905e+00
5.132430999999999521e+00
5.178561499999999818e+00
5.416164499999999826e+00
5.813290499999999916e+00
5.927814999999999834e+00
6.392172999999999661e+00
6.593989499999999282e+00
7.134676999999999936e+00
7.301330000000000098e+00
7.334603999999999679e+00
7.425637000000000043e+00
7.825463000000000058e+00
7.875524500000000039e+00
7.899943500000000007e+00
7.939078999999999553e+00
8.231140500000000415e+00
8.677766999999999342e+00
9.401051999999999964e+00
9.585532499999999345e+00
9.804028499999999369e+00
9.923072999999998700e+00
