6.100500000000000020e-03
2.353597500000000065e-01
6.013169999999999904e-01
8.597940000000000582e-01
1.055802000000000129e+00
1.273517250000000045e+00
1.298329500000000136e+00
1.415409750000000022e+00
2.151890999999999998e+00
2.415579000000000143e+00
2.653744500000000173e+00
2.711424000000000056e+00
2.954657249999999902e+00
3.433743750000000095e+00
4.113939750000000117e+00
4.290847499999999926e+00
4.473368250000000046e+00
4.722998249999999842e+00
4.860894000000000048e+00
4.885643250000000215e+00
5.540689500000000045e+00
5.698218750000000554e+00
6.145133249999999769e+00
6.166803750000000583e+00
6.201334499999999750e+00
6.237142500000000034e+00
6.484038749999999851e+00
6.913580249999999872e+00
6.945796500000000151e+00
7.107275249999999822e+00
7.141245000000000509e+00
7.198407750000000327e+00
7.477688249999999925e+00
7.872474750000000299e+00
8.377959000000000600e+00
8.457323249999999959e+00
8.585730749999999745e+00
8.830386750000000617e+00
9.119035500000000738e+00
9.208297500000000468e+00
9.479014499999999899e+00
9.511314000000000490e+00
9.566052000000000888e+00
9.645156749999999946e+00
9.923527500000000501e+00
