5.015200000000000040e-03
7.232353999999999727e-01
1.056957200000000041e+00
1.091909400000000030e+00
1.259676699999999983e+00
1.277010699999999943e+00
1.544003000000000014e+00
1.588220599999999871e+00
1.610215900000000033e+00
1.705461499999999964e+00
1.844120199999999876e+00
2.125729499999999828e+00
2.237395599999999707e+00
2.401015199999999794e+00
2.546816600000000097e+00
2.563096199999999936e+00
2.839775299999999891e+00
2.918115499999999862e+00
3.015584800000000065e+00
3.232272099999999870e+00
3.382700400000000052e+00
3.758198199999999822e+00
4.624885599999999819e+00
4.793228699999999343e+00
4.882639300000000127e+00
5.101109999999999367e+00
5.392899100000000168e+00
5.953390299999999691e+00
