3.499585000000000057e-01
9.830364999999999798e-01
1.869005999999999945e+00
2.044836999999999794e+00
2.386054999999999815e+00
2.541695499999999885e+00
2.703656499999999685e+00
2.941281999999999730e+00
3.107057999999999875e+00
3.223357999999999723e+00
3.299396499999999843e+00
3.403243999999999936e+00
3.445084499999999661e+00
3.556235499999999661e+00
3.884180499999999814e+00
3.950806499999999666e+00
4.016599000000000252e+00
4.300429499999999905e+00
4.389349499999999793e+00
4.510503499999999555e+00
4.664361500000000049e+00
5.146072999999999453e+00
5.456415999999999933e+00
5.497570999999999763e+00
5.681804500000000147e+00
5.728491499999999625e+00
5.940759499999999527e+00
6.385112499999999969e+00
6.453977000000000075e+00
6.517945999999999351e+00
6.539963499999999819e+00
6.719526000000000110e+00
6.794184999999999697e+00
6.894563499999999401e+00
7.080667999999999296e+00
7.595308999999999422e+00
8.534570499999999171e+00
8.645864500000000064e+00
8.749175499999999772e+00
8.779610500000000428e+00
9.011191499999998911e+00
9.182180499999999412e+00
