1.036999999999999901e-02
2.173499999999999738e-02
2.321419999999999872e-01
4.215009999999999590e-01
5.960869999999999225e-01
7.723399999999999155e-01
8.004120000000000124e-01
1.022762999999999867e+00
2.201763999999999832e+00
2.329374000000000056e+00
2.637624999999999886e+00
2.803083999999999687e+00
3.412278999999999840e+00
3.698840999999999823e+00
3.821475999999999651e+00
3.947090999999999905e+00
3.971760999999999875e+00
4.953767000000000031e+00
5.024113999999999969e+00
5.093910999999999412e+00
5.589259999999999451e+00
5.670281000000000127e+00
6.157335999999999920e+00
6.363907999999999454e+00
6.394677999999999862e+00
6.703486999999999973e+00
7.115323000000000064e+00
7.290665999999999869e+00
7.690557999999999339e+00
7.722896999999999679e+00
7.813363999999999976e+00
8.471104999999999663e+00
8.584126999999998731e+00
9.424712999999998786e+00
9.547234999999998806e+00
9.582238999999999507e+00
9.604015999999999664e+00
9.638760999999998802e+00
9.970107999999999748e+00
