3.042825000000000044e-02
2.830867499999999981e-01
3.523177499999999851e-01
4.147635000000000072e-01
4.556512500000000077e-01
1.228522499999999962e+00
1.272790499999999936e+00
1.492302000000000017e+00
1.682501250000000059e+00
1.748845500000000053e+00
1.836236250000000014e+00
2.053521750000000257e+00
2.231643000000000043e+00
2.346489749999999930e+00
2.529750750000000270e+00
2.754153000000000073e+00
2.918935499999999905e+00
3.027859499999999926e+00
3.231015750000000075e+00
3.569028750000000194e+00
3.615295500000000217e+00
3.774702000000000002e+00
3.839655749999999923e+00
3.866056500000000007e+00
3.879238500000000034e+00
3.911343749999999897e+00
4.037400749999999761e+00
4.234563750000000404e+00
4.340724749999999688e+00
4.738629000000000424e+00
4.797456000000000387e+00
5.259900000000000020e+00
5.352287999999999712e+00
5.369061750000000188e+00
5.416098749999999740e+00
5.497589249999999872e+00
5.547431999999999697e+00
5.589584249999999699e+00
5.926014000000000337e+00
5.931098249999999794e+00
6.156321000000000154e+00
6.388809000000000182e+00
7.112812500000000426e+00
7.744358250000000332e+00
7.932577499999999837e+00
7.940842500000000470e+00
8.022483750000001024e+00
8.046355500000000660e+00
8.071619999999999351e+00
8.133786000000000627e+00
8.490559499999999815e+00
8.691694500000000545e+00
8.810468249999999557e+00
8.825940000000001007e+00
9.103632750000000939e+00
9.201606749999999835e+00
9.492886500000000893e+00
9.532583250000000064e+00
9.836109000000000435e+00
