8.859000000000000555e-03
9.602100000000000912e-02
2.578320000000000056e-01
3.684570000000000345e-01
3.979949999999999877e-01
9.110160000000000480e-01
9.524400000000000643e-01
2.043248999999999871e+00
2.118774000000000157e+00
2.184852000000000238e+00
2.216337000000000224e+00
2.458490999999999982e+00
2.514561000000000046e+00
2.628114000000000061e+00
3.138081000000000120e+00
3.240864000000000189e+00
3.264635999999999871e+00
3.616452000000000222e+00
3.779046000000000127e+00
3.949284000000000017e+00
4.957775999999999961e+00
5.619621000000000421e+00
5.834778000000000020e+00
6.334337999999999802e+00
6.504071999999999854e+00
6.552281999999999940e+00
6.686439000000000021e+00
6.708819000000000088e+00
6.767877000000000365e+00
6.891690000000000538e+00
6.939855000000000551e+00
6.968183999999999934e+00
7.190885999999999889e+00
7.293492000000000530e+00
7.407665999999999862e+00
7.450175999999999910e+00
7.547265000000000335e+00
7.569312000000000040e+00
7.762068000000000190e+00
8.045645999999999631e+00
8.258924999999999628e+00
8.360915999999999570e+00
8.386656000000000333e+00
8.671454999999999913e+00
8.690561999999999898e+00
8.883471000000000117e+00
9.199611000000000871e+00
9.225234000000000378e+00
9.278076000000000434e+00
9.440046000000000603e+00
9.575373000000000800e+00
9.761103000000000307e+00
9.870741000000000653e+00
9.970247999999999777e+00
9.996327000000000851e+00
