2.736889999999999601e-01
3.246399999999999841e-01
6.454769999999999675e-01
7.394789999999999974e-01
7.797919999999999296e-01
9.395279999999999188e-01
1.209520999999999846e+00
1.251530000000000031e+00
1.377642000000000033e+00
1.406812999999999869e+00
1.466191999999999940e+00
1.496500999999999859e+00
1.578673999999999911e+00
1.948601999999999945e+00
2.487044000000000032e+00
2.540922999999999821e+00
2.622052999999999745e+00
2.878288999999999653e+00
2.908663999999999916e+00
2.925386000000000042e+00
2.960834999999999884e+00
2.988147999999999804e+00
3.102057999999999982e+00
3.487625999999999671e+00
3.616648999999999781e+00
3.666413999999999618e+00
3.826178999999999775e+00
3.863403999999999616e+00
3.918923999999999630e+00
4.165389000000000230e+00
4.584895999999999638e+00
4.768373999999999668e+00
4.961031999999999442e+00
5.429698999999999387e+00
5.739074999999999704e+00
6.106454999999999522e+00
6.503330999999999307e+00
6.569607999999999670e+00
6.723529999999999340e+00
6.742796999999999485e+00
6.821203999999999823e+00
7.087203999999999837e+00
7.211922999999999639e+00
7.342544999999999433e+00
7.490802999999999656e+00
7.587674999999999947e+00
7.660914000000000001e+00
8.204962000000000089e+00
8.245378999999999792e+00
8.661770999999999887e+00
9.288689999999999003e+00
9.390463000000000449e+00
