1.464949999999999933e-02
3.620699999999999613e-02
8.179649999999999421e-02
9.726849999999999385e-02
4.300264999999999782e-01
4.392784999999999607e-01
5.402215000000000211e-01
7.330039999999999889e-01
8.870314999999999728e-01
1.026764000000000010e+00
1.210609999999999964e+00
1.255210500000000007e+00
1.276668499999999984e+00
2.155807999999999947e+00
2.512431999999999999e+00
2.785285500000000081e+00
2.845526000000000000e+00
3.558875499999999636e+00
4.297778499999999724e+00
4.334783999999999970e+00
4.918404999999999916e+00
4.979105500000000184e+00
5.335507499999999403e+00
5.469037000000000148e+00
5.553658500000000053e+00
5.701901999999999582e+00
5.870203999999999311e+00
5.932233999999999341e+00
6.103356499999999407e+00
6.153672499999999879e+00
6.412269499999999844e+00
6.543064499999999839e+00
6.577881999999999785e+00
6.601178499999999616e+00
6.942678499999999531e+00
7.027229499999999796e+00
7.072130500000000097e+00
7.258619500000000002e+00
7.728500499999999995e+00
7.739106999999999736e+00
7.767672499999999758e+00
8.216476499999998850e+00
8.423382499999998885e+00
8.558305999999999969e+00
9.102918999999999983e+00
9.274132999999999072e+00
9.322094999999999132e+00
9.545061499999999199e+00
9.622788500000000411e+00
9.630514500000000311e+00
