1.042500000000000024e-02
4.071577499999999850e-01
5.103232500000000060e-01
5.507225000000000037e-01
9.357457499999999317e-01
1.035619999999999985e+00
1.066840999999999928e+00
1.287482999999999933e+00
1.307320000000000038e+00
1.590840499999999880e+00
1.646522999999999959e+00
1.872099249999999993e+00
2.194979999999999709e+00
2.413121250000000106e+00
2.484301749999999753e+00
2.508184749999999852e+00
2.567636999999999947e+00
2.779540499999999970e+00
3.450764999999999638e+00
3.749704249999999739e+00
4.223459249999999443e+00
4.601726249999999574e+00
4.721339249999999765e+00
4.738482750000000188e+00
5.003750499999999768e+00
5.162627500000000147e+00
5.202040249999999588e+00
5.245166750000000100e+00
5.293105749999999610e+00
5.482833249999999659e+00
5.516395750000000042e+00
5.697095249999999389e+00
5.866648249999999898e+00
6.159750749999999719e+00
6.531757250000000070e+00
6.561246999999999829e+00
6.980453999999999937e+00
7.152633250000000054e+00
7.429432749999999253e+00
7.592343749999999503e+00
7.786579249999999952e+00
7.997622749999999670e+00
8.042598249999999283e+00
8.101012499999999505e+00
8.188019750000000485e+00
8.436532500000000212e+00
8.776431999999999789e+00
8.903432249999999826e+00
8.943557499999998939e+00
9.106436499999999157e+00
9.471508000000000038e+00
9.723846499999998727e+00
