5.611500000000000168e-03
2.373524999999999940e-02
1.328782500000000033e-01
2.031120000000000148e-01
3.434805000000000219e-01
9.028454999999999675e-01
9.746887499999999926e-01
1.139556750000000118e+00
1.182657749999999952e+00
1.257731249999999967e+00
1.645287750000000049e+00
2.281111500000000181e+00
2.382681750000000154e+00
2.419100250000000063e+00
2.615925750000000161e+00
3.254573249999999973e+00
3.295864499999999975e+00
3.891862500000000225e+00
4.141957500000000181e+00
4.374162749999999988e+00
4.776972750000000545e+00
4.922924250000000335e+00
4.949287500000000506e+00
5.043624750000000212e+00
5.434884750000000153e+00
5.566888500000000128e+00
5.658106499999999706e+00
5.738382000000000538e+00
6.093129000000000239e+00
6.109608750000000477e+00
6.135982499999999895e+00
6.682562250000000148e+00
7.044417750000000034e+00
7.078070250000000563e+00
7.164531750000000088e+00
7.211387250000000471e+00
7.512818250000000475e+00
7.653984000000000343e+00
7.747140749999999798e+00
8.107794000000000167e+00
8.379481500000000693e+00
8.452524750000000253e+00
8.502504749999999945e+00
8.651907749999999453e+00
8.747922000000000864e+00
8.912419500000000383e+00
8.936168249999999702e+00
9.327063000000000770e+00
9.362252250000000942e+00
