2.440449999999999842e-01
8.958279999999999577e-01
1.200517000000000056e+00
1.340902999999999956e+00
1.502511999999999848e+00
1.783861999999999837e+00
1.802104999999999846e+00
2.029557999999999751e+00
2.124441000000000024e+00
2.257211999999999996e+00
2.428992999999999736e+00
2.897281999999999691e+00
3.067047000000000079e+00
3.102452999999999683e+00
3.849632999999999861e+00
4.548903000000000141e+00
4.778787999999999592e+00
5.384085999999999927e+00
5.537110999999999450e+00
5.944301999999999531e+00
6.068112999999999424e+00
6.181205999999999534e+00
6.303970999999999769e+00
6.500274000000000107e+00
6.644457999999999309e+00
6.688831999999999667e+00
7.000079999999999636e+00
7.098160000000000025e+00
7.146898999999999447e+00
7.461714999999999876e+00
7.544151999999999525e+00
7.588338999999999501e+00
7.611818999999999669e+00
7.734078999999999482e+00
7.747974999999999390e+00
7.973707999999999352e+00
8.264806999999999348e+00
8.560898999999999148e+00
8.740530999999998940e+00
9.342102999999999824e+00
9.379521000000000441e+00
9.469287999999998817e+00
9.674958999999999421e+00
9.777314999999999756e+00
9.994417999999999580e+00
