1.308799999999999894e-02
1.414094999999999935e-01
2.115574999999999817e-01
2.619205000000000005e-01
3.446130000000000027e-01
4.180429999999999979e-01
9.886894999999999989e-01
1.440741999999999967e+00
1.535294500000000006e+00
1.609796000000000005e+00
1.822159499999999932e+00
2.050325500000000023e+00
2.115028499999999756e+00
2.212896499999999822e+00
2.355852000000000057e+00
2.681728999999999807e+00
2.928840499999999736e+00
3.223866999999999816e+00
3.423054999999999737e+00
4.278821499999999389e+00
4.302408499999999414e+00
4.346512999999999849e+00
4.459398499999999821e+00
4.500865999999999367e+00
4.698343999999999632e+00
4.898405499999999968e+00
4.977284499999999667e+00
5.058199999999999363e+00
5.199329999999999785e+00
5.434963499999999392e+00
5.537119999999999820e+00
5.616963999999999402e+00
5.705079500000000081e+00
6.005831499999999323e+00
7.073036999999999352e+00
7.357154500000000041e+00
7.424402999999999864e+00
7.827960499999999655e+00
7.903538999999999426e+00
8.028352500000000447e+00
8.632759999999999323e+00
8.848103499999998789e+00
8.890165500000000165e+00
9.030130999999999020e+00
9.196779499999999885e+00
9.284819499999999337e+00
9.554236999999998758e+00
9.640080499999999830e+00
9.713105999999999796e+00
9.909213499999999897e+00
