5.863099999999999562e-03
8.481236999999999249e-01
9.121330999999999189e-01
1.054574899999999982e+00
1.356183200000000033e+00
1.391624500000000042e+00
1.408283699999999916e+00
1.503956899999999930e+00
1.524200999999999917e+00
1.591555300000000006e+00
1.969001999999999919e+00
2.097767999999999855e+00
2.473409499999999817e+00
3.044620799999999683e+00
3.585444700000000040e+00
3.776713199999999659e+00
3.878336599999999912e+00
3.916816700000000040e+00
4.019781700000000235e+00
4.246917899999999690e+00
4.259508099999999686e+00
4.729277199999999404e+00
4.793478599999999368e+00
4.829829099999999542e+00
5.007681400000000060e+00
5.251058200000000120e+00
5.596374899999999819e+00
5.753508499999999692e+00
6.009184399999999648e+00
6.375805199999999395e+00
6.560371599999999859e+00
6.636363299999999299e+00
7.026903499999999525e+00
7.064760699999999893e+00
7.131942800000000027e+00
