6.252130000000000187e-02
3.784741999999999829e-01
7.103344999999999798e-01
1.001866900000000005e+00
1.174842100000000000e+00
1.476511499999999977e+00
1.737476699999999985e+00
1.956159999999999899e+00
1.974567999999999879e+00
2.357337199999999910e+00
2.612078299999999853e+00
2.917684200000000061e+00
3.212099400000000049e+00
3.499589299999999792e+00
3.573496000000000006e+00
3.966273099999999996e+00
4.363338099999999997e+00
4.370651500000000134e+00
4.466626800000000230e+00
4.549113900000000044e+00
4.608740199999999732e+00
5.041013599999999428e+00
5.275431199999999876e+00
5.640087799999999874e+00
5.855527899999999342e+00
6.139752299999999607e+00
6.340667400000000065e+00
6.503674799999999756e+00
6.797803399999999385e+00
6.990532199999999641e+00
7.624097199999999575e+00
7.653914999999999580e+00
7.678032299999999921e+00
8.014421699999999760e+00
8.138222999999999985e+00
8.305057800000000157e+00
8.445171600000000112e+00
8.473337199999999569e+00
8.491572899999999535e+00
8.527227699999999189e+00
8.865476400000000368e+00
8.996464200000000133e+00
9.552883099999998961e+00
9.753847199999999162e+00
