5.288160000000000638e-01
9.115739999999999954e-01
1.285700999999999983e+00
1.513248000000000149e+00
1.597971000000000030e+00
1.839843000000000117e+00
1.846866000000000119e+00
1.980593999999999966e+00
2.273391000000000162e+00
3.568287000000000209e+00
3.635051999999999950e+00
3.939378000000000046e+00
3.958488000000000007e+00
4.128651000000000515e+00
4.170993000000000173e+00
4.983003000000000071e+00
5.470007999999999981e+00
5.678586000000000134e+00
5.813799000000000383e+00
6.233067000000000135e+00
6.277104000000000461e+00
6.416082000000000285e+00
6.505446000000000062e+00
6.527985000000000149e+00
6.592455000000000176e+00
6.982323000000000057e+00
7.056756000000000029e+00
7.471937999999999747e+00
7.509707999999999828e+00
7.806300000000000239e+00
7.840691999999999773e+00
8.431181999999999732e+00
8.751876000000001099e+00
9.426654000000000977e+00
9.544385999999999370e+00
9.580728000000000577e+00
9.606702000000000297e+00
9.654626999999999626e+00
9.681546000000000873e+00
9.722414999999999807e+00
9.954180000000000916e+00
