1.300400000000001555e-02
1.178599999999999093e-02
1.335200000000000276e-02
4.049400000000000222e-02
6.069999999999964313e-03
3.988900000000000778e-02
3.632509999999999906e-01
2.170899999999997831e-02
5.736149999999999860e-01
1.684959999999999791e-01
1.385270000000000667e-01
1.690599999999999881e-01
4.759889999999997734e-01
3.011660000000002668e-01
7.594099999999981421e-02
2.953090000000000437e-01
1.983359999999998458e-01
1.541420000000002233e-01
8.002999999999982350e-02
1.259330000000002947e-01
1.078046999999999311e+00
3.342740000000006262e-01
1.700080000000001590e-01
6.279119999999993595e-01
1.151590000000002334e-01
2.802389999999999048e-01
2.036839999999999762e-01
3.355300000000038807e-02
6.736499999999967514e-02
8.814999999999972857e-02
1.120440000000000325e-01
6.573299999999999699e-01
2.237170000000006098e-01
1.080179999999995033e-01
8.236529999999993024e-01
6.069100000000027251e-02
2.711769999999997793e-01
1.868750000000005684e-01
8.467500000000072191e-02
1.138419999999999987e-01
7.304099999999991155e-02
2.871019999999990802e-01
5.242699999999977933e-02
3.744999999999976126e-02
1.665430000000007738e-01
2.584219999999994855e-01
3.488100000000000089e-01
2.506689999999999752e-01
1.457589999999999719e-01
6.136859999999999538e-01
7.757999999999998231e-02
4.055150000000000698e-01
2.730920000000001124e-01
2.617549999999999599e-01
2.408509999999997042e-01
1.262730000000003017e-01
9.488999999999858659e-03
4.434749999999998415e-01
1.573420000000003149e-01
1.413599999999970436e-02
1.432080000000000020e-01
1.294880000000002696e-01
1.546279999999997656e-01
3.003629999999999356e-01
1.697709999999998942e-01
4.268500000000052808e-02
1.811919999999993536e-01
4.913300000000031531e-02
5.354549999999997922e-01
2.009699999999980946e-02
2.398000000000077847e-02
4.148659999999999570e-01
1.515619999999993084e-01
6.064840000000000231e-01
3.354500000000015802e-02
1.328089999999999549e-01
1.198220000000000951e-01
9.438999999999975188e-02
8.639900000000011460e-02
3.644780000000000797e-01
3.222300000000011266e-02
6.302750000000001407e-01
1.141799999999992821e-02
9.923999999999999488e-02
1.527499999999992752e-02
9.371999999999935937e-02
2.333899999999999864e-02
5.070400000000141461e-02
5.979399999999834847e-02
7.395600000000079888e-02
9.819599999999972795e-02
1.389049999999993901e-01
4.206060000000011456e-01
2.637999999999962597e-02
1.393559999999993693e-01
1.762700000000094747e-02
3.879159999999988173e-01
3.373050000000006321e-01
3.786700000000031707e-02
2.093019999999999881e-01
1.017639999999999934e-01
1.485819999999999919e-01
1.487090000000000356e-01
3.499039999999999928e-01
1.731299999999991179e-02
7.879999999999998117e-03
2.347200000000004838e-02
4.067799999999999194e-02
4.021680000000000810e-01
3.007499999999985185e-02
2.786599999999994637e-02
2.696000000000009500e-02
3.478220000000000756e-01
1.215049999999997521e-01
3.379959999999999631e-01
1.003320000000003098e-01
1.376199999999982992e-02
4.173740000000001338e-01
4.175299999999992906e-02
1.691479999999998540e-01
1.105670000000000819e-01
4.373700000000013688e-02
7.105449999999997601e-01
1.434750000000000192e-01
1.628290000000003346e-01
8.140099999999961256e-02
1.641510000000003799e-01
7.380699999999951189e-02
9.490100000000012415e-02
1.006499999999999062e-01
8.076799999999995094e-02
1.007949999999997459e-01
4.648900000000022459e-02
3.919700000000059248e-02
3.896749999999995495e-01
3.387960000000003191e-01
1.227399999999994051e-01
5.399699999999985067e-02
3.841160000000005681e-01
1.490200000000001523e-01
1.048179999999998557e-01
3.941819999999998103e-01
1.182129999999999015e-01
2.458000000000026830e-02
8.016299999999976222e-02
4.946400000000039654e-02
1.600500000000000256e-01
7.840099999999949887e-02
1.105720000000003367e-01
1.837299999999997269e-01
9.752500000000008384e-02
3.952890000000000015e-01
1.542759999999994136e-01
4.514499999999976865e-02
6.213500000000138357e-02
2.058699999999902275e-02
1.763609999999999900e-01
1.502100000000083924e-02
9.337299999999970623e-02
2.682749999999991530e-01
6.459320000000001727e-01
1.153069999999996043e-01
4.381080000000000529e-01
5.652899999999994041e-02
1.309234999999999927e+00
4.263580000000000148e-01
3.891299999999997539e-02
1.132189999999999586e-01
3.527900000000006031e-02
2.175199999999977152e-02
6.186510000000002840e-01
9.255099999999982785e-02
3.252600000000027691e-02
3.256859999999996980e-01
2.059950000000001502e-01
4.100189999999996893e-01
1.464520000000000266e-01
2.272199999999999775e-01
5.475390000000004420e-01
7.664899999999974511e-02
1.476720000000000255e-01
3.566960000000003461e-01
2.260399999999940235e-02
6.676999999999821966e-03
5.669000000000057327e-02
2.296870000000001966e-01
1.845479999999994902e-01
3.163400000000038403e-02
2.033229999999992543e-01
6.635100000000004883e-02
3.464240000000007313e-01
1.626569999999993854e-01
9.455730000000004409e-01
3.232879999999997978e-01
3.273229999999998086e-01
2.322000000000024045e-02
2.788989999999991198e-01
3.644480000000012154e-01
1.230589999999995854e-01
1.284679999999998046e-01
1.541139999999998622e-01
3.420179999999999887e-01
2.203799999999999648e-01
1.054620000000000557e-01
1.211869999999999337e-01
3.831000000000006622e-02
7.067999999999996508e-02
4.874100000000003430e-02
3.355399999999998384e-01
6.608800000000014663e-02
1.394800000000000484e-01
3.671799999999980635e-02
2.074599999999999778e-01
2.020440000000001124e-01
2.063939999999999664e-01
1.924630000000000507e-01
2.252579999999997362e-01
1.817450000000002674e-01
1.102219999999999978e+00
1.110769999999998703e-01
4.582129999999997594e-01
1.876579999999998805e-01
5.643400000000031724e-02
2.154579999999999274e-01
2.886810000000004095e-01
3.686100000000003263e-02
1.002519999999993416e-01
4.535640000000000782e-01
1.327720000000001122e-01
4.492580000000003793e-01
1.610699999999996024e-01
6.421399999999977126e-02
1.872400000000000730e-01
3.383080000000004972e-01
1.463510000000001199e-01
5.969599999999974926e-02
1.115539999999999310e-01
5.550299999999994682e-01
5.327500000000018332e-02
3.671769999999998646e-01
5.159920000000006723e-01
4.594299999999940098e-02
1.131320000000002324e-01
4.424720000000004205e-01
4.368850000000001899e-01
5.556799999999999934e-02
2.292700000000000293e-02
1.708769999999999734e-01
2.365829999999999878e-01
1.521289999999999587e-01
9.402399999999999647e-02
3.635900000000003018e-02
5.031809999999999894e-01
5.311399999999999455e-01
2.018940000000002399e-01
8.418899999999984729e-02
3.798099999999999810e-01
5.714100000000010837e-02
1.450059999999999683e-01
7.009000000000042974e-03
3.613129999999999953e-01
5.703999999999997961e-01
1.352859999999997953e-01
2.196000000000002395e-01
1.893779999999996022e-01
8.102400000000020697e-02
3.342000000000000526e-01
2.589500000000004576e-01
4.905519999999992109e-01
7.212599999999991240e-02
1.048770000000001090e-01
5.678890000000000882e-01
8.305800000000029826e-02
2.121209999999997819e-01
8.537999999999978940e-02
7.192930000000004043e-01
6.060999999999960863e-02
6.270199999999981344e-02
6.447000000000002728e-02
6.465560000000003527e-01
2.004610000000006664e-01
4.696099999999958641e-02
4.854599999999997806e-02
2.100800000000013767e-02
1.304660000000001929e-01
8.712499999999856470e-02
3.315130000000010568e-01
4.197899999999954446e-02
7.046399999999941599e-02
1.049910000000000565e-01
1.888380000000005055e-01
5.999300000000040711e-02
1.007560000000005118e-01
2.912079999999992452e-01
8.985999999999999543e-02
8.194799999999999307e-02
5.447450000000000347e-01
1.974259999999999904e-01
2.046409999999999618e-01
5.434399999999994790e-02
2.913600000000005075e-02
2.100799999999991563e-02
1.032969999999999722e-01
7.210270000000000845e-01
3.166100000000016124e-02
2.940909999999998803e-01
3.701700000000007762e-02
1.277519999999996436e-01
7.295370000000001021e-01
1.131709999999999106e-01
5.459819999999999673e-01
6.249900000000030431e-02
2.904590000000002448e-01
5.687499999999978684e-02
6.676489999999999370e-01
4.601100000000002410e-02
6.014699999999972846e-02
1.171340000000000714e-01
4.847700000000010334e-02
9.027999999999813951e-03
3.885509999999996467e-01
5.640800000000023573e-02
3.820800000000001972e-02
2.156640000000002999e-01
3.661820000000002295e-01
4.066449999999992571e-01
3.167860000000004561e-01
4.208850000000001756e-01
7.329399999999974824e-02
1.185799999999996857e-01
1.544699999999998852e-01
3.248600000000045895e-02
2.153150000000003672e-01
4.620400000000000063e-01
4.518129999999995761e-01
4.343529999999997671e-01
2.953399999999994918e-02
1.478820000000009571e-01
2.828609999999986968e-01
1.136499999999999837e-02
2.104069999999999829e-01
1.893589999999999718e-01
1.745859999999999634e-01
1.762529999999999930e-01
2.807200000000009688e-02
2.223509999999998543e-01
1.179000999999999966e+00
1.276100000000002233e-01
3.082509999999998307e-01
1.654589999999998007e-01
6.091950000000001531e-01
2.865619999999999834e-01
1.226349999999998275e-01
1.256150000000002542e-01
2.466999999999996973e-02
9.820060000000001565e-01
7.034699999999993736e-02
6.979699999999944282e-02
4.953490000000000393e-01
8.102100000000067581e-02
4.870549999999997937e-01
2.065719999999995338e-01
3.077000000000040814e-02
3.088090000000001112e-01
4.118360000000000909e-01
1.753429999999998046e-01
3.998919999999994701e-01
3.233900000000033970e-02
9.046700000000029718e-02
6.577409999999996870e-01
1.130219999999990677e-01
8.405860000000000554e-01
1.225220000000000198e-01
3.500400000000070122e-02
2.177700000000015734e-02
3.474499999999913769e-02
3.313470000000009463e-01
4.783129999999999882e-01
6.599949999999998873e-01
1.051790999999999920e+00
1.857890000000002040e-01
6.811999999999995836e-02
1.223079999999998613e-01
6.744720000000001825e-01
9.084300000000000708e-02
4.177259999999995976e-01
4.141849999999998033e-01
1.917060000000008202e-01
3.315899999999993852e-01
8.190499999999989456e-02
4.815310000000003754e-01
3.939299999999956725e-02
1.067700000000000315e-01
4.443800000000042161e-02
3.196589999999996934e-01
4.133199999999970231e-02
2.189800000000019509e-02
2.324410000000005638e-01
6.890449999999992414e-01
1.379610000000006664e-01
4.404189999999994498e-01
7.951510000000006073e-01
4.063899999999875945e-02
3.888770000000008054e-01
9.654100000000020998e-02
4.358659999999989765e-01
3.582220000000013727e-01
3.040040000000000520e-01
5.232900000000000329e-01
5.727699999999980029e-02
2.911630000000000607e-01
1.291819999999999080e-01
4.812260000000001536e-01
1.652990000000000848e-01
1.680789999999996454e-01
1.952679999999999971e-01
1.929570000000002672e-01
1.167169999999999597e-01
2.686560000000000059e-01
2.408090000000000508e-01
1.065839999999997900e-01
3.871540000000002202e-01
3.994039999999996482e-01
2.202000000000037261e-02
4.923199999999994247e-02
9.015059999999994744e-01
1.186800000000065580e-02
3.993579999999994357e-01
3.675579999999998293e-01
1.152360000000003382e-01
2.963399999999971612e-02
5.147599999999998843e-01
6.848100000000023613e-02
1.908729999999998483e-01
5.349700000000012778e-02
1.111580000000005342e-01
4.315080000000000027e-01
2.379459999999999908e-01
6.250000000000000000e-02
4.351629999999993004e-01
1.950400000000005463e-01
8.967799999999925831e-02
1.045400000000000773e-01
3.903119999999997702e-01
2.243110000000001492e-01
3.118130000000007840e-01
4.801900000000003388e-02
2.120199999999883289e-02
1.611310000000010234e-01
9.007199999999999929e-02
3.771189999999999820e-01
1.695879999999999610e-01
1.831510000000000637e-01
4.315659999999998941e-01
1.704740000000000144e-01
2.336000000000004739e-02
5.676299999999989687e-02
5.138030000000002318e-01
5.234159999999996593e-01
9.467200000000008941e-02
1.874099999999989663e-02
1.793900000000014927e-02
6.872509999999998342e-01
2.682700000000002305e-01
6.319819999999998217e-01
7.491300000000045145e-02
1.070919999999997430e-01
2.816919999999996094e-01
3.033700000000028041e-02
1.449559999999996407e-01
6.685900000000000176e-02
2.383200000000051944e-02
1.115900000000014103e-02
7.488599999999934198e-02
1.257179999999999964e-01
6.611600000000006361e-02
4.114800000000062852e-02
9.475099999999958555e-02
1.554149999999996368e-01
4.368620000000005277e-01
1.703619999999999024e-01
3.843800000000019423e-02
3.171889999999999432e-01
5.194600000000004769e-02
7.073199999999957299e-02
1.760520000000003193e-01
5.757699999999994489e-01
3.124200000000065813e-02
9.674399999999927502e-02
3.015350000000003305e-01
7.931699999999963779e-02
5.968400000000073646e-02
3.636799999999951183e-02
4.524499999999953559e-02
2.151500000000012847e-01
9.676919999999995525e-01
1.475329999999992481e-01
3.323500000000123578e-02
1.227209999999985257e-01
6.777100000000046975e-02
4.828900000000047044e-02
3.377649999999992048e-01
6.349499999999999034e-01
3.400270000000000792e-01
2.874200000000004529e-02
1.692799999999983207e-02
1.806780000000001163e-01
3.215230000000000032e-01
1.153299999999999326e-01
1.245570000000000288e-01
2.733819999999997918e-01
1.995860000000000412e-01
3.716990000000000016e-01
3.244009999999999394e-01
1.541360000000002728e-01
1.941370000000000040e-01
7.561599999999968347e-02
6.740600000000007697e-02
1.473640000000000505e-01
5.604599999999981819e-02
1.393930000000005442e-01
1.038439999999996033e-01
3.682829999999999160e-01
1.518398000000000359e+00
7.824999999999970868e-02
2.808399999999977581e-02
3.293140000000001066e-01
1.147730000000004580e-01
1.345959999999992718e-01
1.046225000000000627e+00
1.375229999999998398e-01
2.811830000000004048e-01
2.185099999999984277e-02
1.293300000000030536e-02
3.754399999999993298e-01
7.207869999999996224e-01
1.335940000000004346e-01
2.588410000000003208e-01
6.329160000000000341e-01
3.609890000000000043e-01
3.850549999999999251e-01
7.826800000000000423e-02
1.678640000000000132e-01
2.651399999999999313e-01
1.809180000000001343e-01
3.393399999999999750e-01
2.230919999999998460e-01
6.993999999999989114e-02
2.433320000000001038e-01
1.317669999999999675e-01
1.109210000000002694e-01
6.860299999999996956e-02
3.910989999999996414e-01
3.742719999999999381e-01
2.674450000000003769e-01
3.695599999999998886e-01
5.626709999999999212e-01
3.583900000000017627e-02
6.552899999999972636e-02
3.440690000000001803e-01
1.495600000000001373e-01
5.583599999999933061e-02
7.301000000000001933e-02
9.485700000000019116e-02
1.186769999999999214e-01
1.655310000000005388e-01
8.563499999999990564e-02
7.491199999999942349e-02
3.650380000000001957e-01
1.275159999999999627e-01
2.189510000000005618e-01
7.859759999999997859e-01
7.835399999999914655e-02
5.347900000000116449e-02
1.382700000000003371e-01
1.800879999999995817e-01
6.954469999999997043e-01
2.137399999999995970e-01
4.088720000000005683e-01
2.284969999999990620e-01
2.961050000000000626e-01
4.932799999999992746e-02
3.627900000000006120e-02
1.014249999999999874e-01
2.169489999999999474e-01
6.856499999999998707e-02
2.829720000000000013e-01
1.007210000000000605e-01
6.994499999999992390e-02
7.462200000000001054e-01
1.064700000000007307e-02
3.950699999999995882e-02
3.893239999999997814e-01
1.477140000000001230e-01
3.661149999999997462e-01
3.056500000000017536e-02
5.902430000000000732e-01
2.044250000000000789e-01
7.524699999999961975e-02
3.158750000000001279e-01
7.086199999999998056e-02
1.187959999999996796e-01
1.347610000000001307e-01
1.245010000000004169e-01
4.514800000000018798e-02
4.165099999999988256e-02
8.718659999999998078e-01
2.506099999999999994e-02
6.554789999999997008e-01
2.381250000000001421e-01
2.972380000000001132e-01
1.431259999999996424e-01
8.957300000000056883e-02
2.092049999999998633e-01
2.731740000000000279e-01
6.930699999999934136e-02
4.847100000000015285e-02
4.409900000000011033e-02
6.806060000000009325e-01
1.676900000000003388e-02
1.570099999999996498e-02
2.969399999999922102e-02
6.896899999999916986e-02
3.307470000000005683e-01
2.940269999999998163e-01
4.081700000000054729e-02
5.273000000000038767e-02
1.152699999999988734e-01
8.022500000000043485e-02
3.700810000000007705e-01
2.188539999999999930e-01
9.961900000000001310e-02
5.115199999999997527e-02
4.953699999999999770e-02
4.621050000000000435e-01
9.228100000000005743e-02
6.639749999999997598e-01
2.138950000000001683e-01
1.731409999999999894e-01
1.119921999999999862e+00
2.774099999999979360e-02
9.183000000000163254e-03
5.888000000000026546e-02
2.388849999999997920e-01
1.340900000000000425e-01
1.701579999999998094e-01
8.156500000000033168e-02
4.375199999999956901e-02
7.080820000000001002e-01
4.895799999999983498e-02
2.956150000000006273e-01
1.740639999999995524e-01
1.442839999999998568e-01
1.352609999999998536e-01
2.452699999999996550e-02
2.509400000000017172e-02
9.243399999999990513e-02
1.192060000000001452e-01
6.903600000000054138e-02
8.475299999999919009e-02
1.862310000000002574e-01
4.160989999999999966e-01
5.555560000000001608e-01
1.884139999999998594e-01
3.860450000000001936e-01
1.216530000000002332e-01
4.171949999999995384e-01
2.865000000000073044e-02
4.372609999999994557e-01
3.085079999999997824e-01
2.499359999999999360e-01
1.574600000000003774e-02
1.209389999999999077e-01
2.124170000000003000e-01
2.929100000000062209e-02
1.952129999999989707e-01
3.041349999999999887e-01
7.305200000000000582e-02
2.043699999999998296e-02
4.022399999999998199e-02
1.167430000000000412e-01
1.332590000000000163e-01
2.712099999999995070e-02
9.231400000000000716e-02
8.232200000000000628e-02
4.365209999999999368e-01
3.649499999999994415e-02
7.722579999999998890e-01
9.919600000000006190e-02
1.133899999999998798e-01
2.223130000000002049e-01
4.498200000000007748e-02
8.962899999999995870e-02
8.256400000000008177e-02
1.107949999999999768e-01
1.121349999999998737e-01
2.680769999999998987e-01
1.913499999999990209e-02
2.356400000000000716e-01
7.541129999999998113e-01
3.014549999999998064e-01
6.104700000000029547e-02
8.228699999999999903e-02
1.465980000000000061e-01
7.463040000000003005e-01
2.245189999999999131e-01
3.409579999999996502e-01
3.389319999999997890e-01
4.377500000000003055e-01
2.056500000000038852e-02
2.831809999999999050e-01
3.726349999999998275e-01
2.905210000000000292e-01
2.889189999999990377e-01
4.398680000000005919e-01
2.883440000000003778e-01
4.489300000000007174e-02
3.096299999999985175e-02
9.254699999999971283e-02
4.707080000000001263e-01
1.767789999999997974e-01
1.041159999999994312e-01
4.481139999999999568e-01
3.312070000000000292e-01
1.891010000000000746e-01
1.072199999999989828e-02
1.702300000000001035e-02
1.462280000000000246e-01
5.377709999999999990e-01
6.750199999999997313e-01
7.616990000000001260e-01
7.336900000000001754e-02
2.558090000000001751e-01
2.931949999999998724e-01
2.546399999999997554e-01
1.403910000000001546e-01
1.076980000000000715e-01
1.998079999999999856e-01
3.186119999999998953e-01
1.458459999999996981e-01
5.735600000000040666e-02
1.047950000000001936e-01
6.843599999999927519e-02
2.764400000000044599e-02
2.574259999999997106e-01
9.812660000000006377e-01
1.699409999999996757e-01
3.289049999999997809e-01
1.153859999999999886e-01
2.113240000000002894e-01
1.159431999999998908e+00
2.742590000000006967e-01
2.099800000000051625e-02
6.366799999999983584e-02
5.064779999999995397e-01
1.594540000000002067e-01
2.794059999999998212e-01
8.471300000000070440e-02
5.477819999999999911e-01
6.995499999999998941e-02
4.174699999999997857e-02
6.071300000000001695e-02
5.982760000000000300e-01
2.619600000000010809e-02
2.197350000000000136e-01
1.536029999999999340e-01
1.832539999999998059e-01
2.722020000000000550e-01
3.148999999999997357e-01
9.716300000000011039e-02
2.503589999999999982e-01
2.254300000000020177e-02
2.354009999999999714e-01
2.960199999999968412e-02
8.399499999999981981e-02
8.417940000000001532e-01
1.297019999999999840e-01
2.183989999999997877e-01
3.102700000000080394e-02
1.867199999999957782e-02
1.646020000000003591e-01
3.775649999999997064e-01
2.108819999999997918e-01
3.121020000000003236e-01
3.595399999999999707e-01
3.146529999999998495e-01
8.744900000000033202e-02
6.324079999999998591e-01
4.623699999999963950e-02
1.196029999999996818e-01
4.168820000000001968e-01
2.044390000000007035e-01
1.211880000000000734e-01
1.187424000000000035e+00
3.266799999999999565e-02
2.394299999999999901e-02
4.832299999999999790e-02
2.925800000000000622e-02
2.007509999999999850e-01
5.482239999999999336e-01
7.988719999999999155e-01
3.446640000000000814e-01
2.356110000000000149e-01
4.691700000000009751e-02
1.477029999999999177e-01
2.094529999999998893e-01
1.049030000000001905e-01
3.395599999999996399e-01
2.483850000000003000e-01
8.688199999999968171e-02
9.879700000000024573e-02
5.031630000000002489e-01
3.986399999999967747e-02
3.891059999999999519e-01
4.567500000000013216e-02
2.265360000000002927e-01
8.140599999999942327e-02
7.923100000000005139e-02
1.438329999999998776e-01
9.949000000000030042e-02
3.911410000000001830e-01
2.542819999999998970e-01
1.227960000000001273e-01
1.370009999999997063e-01
2.232599999999962392e-02
7.273800000000019139e-02
4.175500000000003098e-01
2.422509999999995500e-01
1.243470000000002074e-01
6.002039999999997377e-01
1.233859999999999957e-01
1.273379999999999512e-01
9.026339999999999364e-01
3.918710000000000804e-01
4.423329999999996431e-01
3.419889999999998764e-01
2.523200000000080934e-02
2.540899999999979286e-02
2.165769999999999640e-01
2.398000000000000131e-02
8.086189999999999767e-01
3.254199999999984882e-02
1.027140000000001940e-01
3.207769999999998678e-01
4.841500000000009685e-02
6.512769999999996617e-01
1.140600000000002723e-02
1.863260000000002137e-01
7.251080000000000858e-01
2.161999999999997257e-02
1.985189999999996679e-01
7.260000000000044196e-03
1.878670000000002283e-01
1.096219999999998862e-01
3.112579999999995906e-01
1.843070000000004427e-01
1.819150000000000489e-01
2.168209999999994864e-01
3.623320000000003205e-01
1.600000000000001421e-01
2.128800000000019566e-02
2.694789999999995800e-01
1.086119999999999308e-01
8.307669999999998112e-01
1.235473000000000710e+00
2.481959999999991950e-01
4.516700000000017923e-02
1.208800000000032071e-02
2.460100000000000620e-01
8.113799999999926627e-02
1.774839999999997531e-01
1.766240000000003363e-01
3.277409999999996160e-01
9.719600000000028217e-02
3.359330000000007033e-01
1.190289999999993853e-01
2.866619999999997503e-01
1.656910000000000049e-01
1.559309999999999863e-01
6.660209999999999742e-01
1.603299999999996395e-02
1.306199999999999584e-01
3.643300000000015970e-02
1.393929999999998781e-01
1.219700000000001339e-02
3.319000000000000838e-01
8.715099999999997848e-02
2.123649999999999149e-01
7.207179999999997477e-01
7.767800000000013583e-02
1.847750000000001336e-01
2.508650000000001157e-01
5.318449999999996791e-01
2.043040000000000411e-01
6.501989999999997494e-01
5.293400000000048067e-02
5.069469999999993703e-01
1.333299999999999486e-01
1.583670000000001465e-01
9.925000000000050449e-02
5.788319999999993470e-01
2.492119999999999891e-01
4.756540000000004653e-01
2.813899999999946999e-02
4.660500000000045162e-02
1.630359999999999587e-01
3.330799999999989325e-02
2.262900000000023226e-02
2.246449999999997615e-01
9.229399999999987614e-02
1.608200000000001850e-01
2.523260000000000502e-01
2.819050000000000722e-01
9.967199999999998283e-02
8.808199999999999363e-02
4.421230000000004878e-01
8.296099999999917429e-02
5.508500000000005059e-02
1.609600000000099840e-02
1.461959999999997706e-01
2.321359999999987878e-01
1.277889999999999304e-01
3.271040000000002834e-01
2.588389999999999858e-01
4.291690000000000227e-01
2.680079999999999130e-01
1.775410000000000599e-01
5.442199999999997040e-02
3.284489999999999910e-01
5.236299999999993737e-02
5.563320000000000487e-01
7.868299999999983640e-02
1.596310000000000784e-01
5.792000000000019355e-03
1.580050000000001731e-01
1.256139999999996704e-01
1.715620000000002143e-01
6.333530000000000548e-01
4.041600000000000747e-02
1.200699999999996770e-01
1.741440000000000765e-01
6.371529999999996363e-01
1.179180000000004114e-01
4.852619999999996381e-01
6.313300000000054979e-02
6.869730000000000558e-01
2.213439999999993191e-01
6.542520000000004998e-01
3.371180000000002508e-01
3.703229999999999578e-01
2.538399999999993994e-01
7.678399999999996339e-02
1.360310000000000130e-01
4.131700000000027018e-02
1.263240000000003249e-01
4.603999999999999204e-01
2.182230000000000558e-01
2.197420000000001039e-01
9.766600000000025261e-02
2.444919999999992655e-01
3.380679999999998131e-01
6.916400000000066939e-02
1.385159999999991953e-01
1.084400000000051989e-02
2.026500000000000523e-02
9.947499999999999398e-02
8.926889999999998437e-01
6.480909999999999727e-01
9.136800000000011579e-02
1.634999999999999787e-01
2.024399999999992872e-02
1.430099999999998595e-01
2.344430000000001790e-01
2.600999999999999979e-01
4.081899999999993867e-02
6.923199999999996024e-02
8.733900000000005548e-02
3.682499999999988560e-02
5.743590000000002860e-01
2.573569999999998359e-01
1.018289999999999473e-01
7.357799999999992124e-02
3.993599999999997152e-02
2.179799999999998406e-02
1.065139999999997755e-01
5.521000000000002572e-01
1.051050000000000040e-01
3.295919999999998851e-01
7.517700000000004934e-02
6.291000000000046555e-02
1.419139999999998736e-01
7.822800000000018628e-02
1.018519999999991654e-01
1.297690000000004673e-01
2.830170000000000741e-01
1.015949999999996578e-01
1.793860000000000454e-01
5.069429999999996994e-01
2.880970000000004916e-01
8.427199999999945845e-02
3.706300000000073425e-02
3.474610000000000198e-01
7.338399999999989376e-02
1.210119999999994533e-01
1.187830000000005271e-01
2.729800000000004445e-02
4.809660000000004487e-01
5.951299999999903889e-02
1.463619999999998811e-01
4.684260000000008972e-01
1.378479999999999706e-01
3.999749999999995254e-01
7.199499999999936506e-02
8.793999999999968509e-03
1.631800000000005468e-02
3.359710000000006858e-01
6.517830000000000013e-01
3.046890000000000986e-01
1.403859999999998998e-01
1.616089999999998916e-01
2.813499999999999890e-01
1.824300000000000921e-02
2.274529999999999053e-01
9.488300000000027268e-02
1.327709999999999724e-01
1.717809999999997395e-01
4.682889999999999553e-01
1.697650000000003878e-01
3.540599999999960446e-02
7.471800000000001774e-01
6.992700000000002802e-01
2.298849999999994509e-01
6.052980000000003358e-01
1.530249999999995225e-01
4.071910000000000807e-01
1.238109999999998934e-01
1.130930000000001101e-01
1.227650000000002350e-01
1.963030000000003383e-01
1.441839999999992017e-01
4.437400000000035760e-02
3.112479999999999691e-01
9.808000000000038909e-02
4.873899999999942168e-02
3.148160000000004288e-01
8.243699999999964945e-02
4.418699999999997630e-02
2.348000000000016740e-02
1.222599999999998133e-01
1.389599999999990843e-02
2.257329999999999615e-01
2.910989999999999966e-01
2.960919999999997998e-01
1.796319999999997918e-01
6.015720000000008838e-01
3.741800000000061743e-02
8.976699999999837587e-02
2.056710000000006033e-01
1.023560000000003356e-01
2.171029999999998239e-01
5.095100000000002405e-02
3.208369999999999833e-01
9.400200000000002998e-02
4.031299999999993222e-02
1.597359999999999891e-01
2.699929999999999275e-01
4.200900000000018508e-02
1.261120000000000019e-01
2.917099999999983595e-02
5.937900000000007061e-02
3.030899999999991934e-02
8.217300000000005156e-02
3.699280000000000346e-01
5.384420000000000872e-01
5.387899999999978817e-02
8.112999999999992440e-02
2.562359999999999083e-01
3.037500000000026290e-02
1.672200000000012565e-02
3.544899999999984175e-02
2.731299999999992068e-02
1.139100000000001778e-01
3.855679999999996888e-01
1.290230000000001098e-01
4.976499999999983714e-02
1.597650000000001569e-01
3.722499999999984155e-02
5.552000000000001378e-02
2.464650000000006003e-01
4.195069999999994081e-01
1.834780000000000300e-01
1.926579999999997739e-01
4.686669999999999447e-01
3.093760000000003174e-01
3.673799999999998178e-01
3.968759999999997845e-01
6.627700000000036340e-02
1.539219999999996702e-01
1.926700000000014512e-02
7.840700000000033754e-02
2.660000000000000142e-01
1.247189999999998022e-01
1.306219999999997938e-01
1.482580000000002229e-01
9.687200000000029121e-02
7.323900000000005406e-02
5.440480000000000871e-01
4.041699999999970316e-02
4.163920000000000954e-01
6.269189999999991159e-01
1.017730000000014456e-01
2.557629999999999626e-01
2.749890000000000390e-01
4.537469999999999004e-01
2.538610000000000033e-01
6.043400000000009875e-02
2.266559999999999686e-01
5.905000000000004690e-02
2.160709999999999020e-01
2.484369999999997969e-01
1.537220000000001363e-01
7.178899999999988069e-02
7.606000000000001648e-02
1.447970000000000645e-01
3.825300000000009248e-02
3.319269999999998610e-01
3.272399999999997533e-02
7.109000000000254005e-03
4.567669999999997010e-01
5.144470000000000987e-01
4.026989999999996961e-01
4.557830000000002713e-01
2.338329999999997355e-01
3.096560000000003754e-01
8.646300000000017860e-02
6.708699999999989672e-02
2.471579999999997668e-01
1.241159999999998931e-01
1.896950000000003911e-01
6.639799999999951297e-02
2.935870000000004865e-01
4.471219999999993533e-01
8.516500000000002402e-01
6.219200000000046913e-02
8.783999999999991815e-02
3.801870000000002747e-01
9.057400000000015439e-02
5.624779999999987012e-01
6.880899999999989802e-02
2.992099999999986437e-02
2.434539999999998372e-01
8.957600000000098817e-02
3.807650000000002422e-01
1.155999999999988148e-01
1.893290000000007467e-01
1.150789999999999869e-01
6.544200000000000017e-02
1.252050000000000107e-01
1.863249999999999629e-01
1.559100000000002151e-02
1.205299999999998040e-02
8.115079999999998961e-01
1.076440000000000730e-01
1.432409999999999517e-01
5.925869999999999749e-01
4.893999999999998352e-02
1.676499999999991886e-02
2.738279999999999603e-01
6.562350000000001238e-01
1.267599999999990956e-02
3.267500000000023164e-02
1.078899999999998194e-01
2.165600000000011960e-02
4.384830000000001782e-01
2.228159999999999030e-01
1.392749999999995936e-01
3.275360000000002714e-01
4.111599999999997479e-01
1.254910000000002412e-01
2.554699999999954230e-02
1.785760000000005121e-01
2.399649999999997618e-01
6.152400000000035618e-02
2.667999999999981497e-02
2.554199999999973159e-02
1.137680000000003133e-01
1.054839999999996891e-01
3.994809999999997530e-01
1.905430000000007951e-01
4.929669999999992669e-01
5.574870000000000658e-01
1.176750000000001961e-01
3.277900000000002478e-01
4.251810000000002532e-01
2.671259999999993084e-01
2.721299999999970964e-02
1.208910000000003038e-01
1.413869999999999294e-01
7.693700000000092132e-02
3.411519999999992336e-01
5.908799999999914121e-02
3.482599999999999585e-02
4.844899999999999901e-02
1.280040000000000067e-01
1.077419999999999767e-01
3.496199999999999863e-01
3.183100000000005370e-02
5.369329999999998826e-01
1.407009999999999650e-01
7.019100000000011441e-02
6.873599999999990828e-02
6.663799999999997503e-02
4.849880000000001967e-01
2.061759999999996928e-01
3.698510000000001519e-01
2.905500000000000860e-01
3.993000000000002103e-02
5.984100000000003305e-02
2.537249999999997563e-01
1.776550000000001184e-01
9.311689999999996914e-01
1.679919999999999192e-01
6.045880000000005694e-01
7.099019999999995889e-01
5.120900000000006003e-02
2.882980000000001652e-01
1.007559999999996236e-01
4.182760000000005363e-01
4.775309999999999278e-01
7.700999999999957879e-03
2.018409999999999371e-01
1.916050000000000253e-01
1.232889999999997599e-01
2.297260000000003188e-01
5.520240000000002922e-01
1.943179999999991026e-01
1.137670000000010617e-01
3.613099999999924705e-02
3.660999999999958732e-02
1.810900000000081889e-02
4.913929999999986364e-01
1.678120000000014045e-01
4.247149999999999537e-01
5.752900000000005232e-02
1.390479999999999494e-01
1.418819999999999526e-01
2.286240000000000494e-01
5.404399999999998094e-02
4.515799999999998704e-01
1.488470000000001736e-01
8.445000000000035811e-03
6.273099999999987020e-02
5.880499999999999616e-02
7.480500000000001037e-02
7.053700000000007186e-02
2.271800000000001596e-02
2.000939999999997720e-01
1.852049999999999752e+00
8.112500000000011369e-02
2.342520000000005709e-01
3.372829999999993333e-01
1.926690000000004233e-01
3.461090000000002220e-01
2.499059999999992954e-01
6.227689999999999060e-01
3.211700000000039523e-02
5.852199999999996294e-01
3.861379999999998702e-01
1.989499999999999602e-02
1.249570000000002068e-01
3.059100000000025688e-02
1.072969999999999757e-01
1.266709999999999781e-01
1.874640000000002971e-01
2.582899999999987983e-02
2.698100000000014376e-02
5.709599999999959152e-02
4.140469999999991657e-01
5.281870000000008503e-01
5.687299999999950728e-02
5.897299999999994213e-02
1.623940000000008155e-01
4.118099999999991212e-02
8.895399999999931140e-02
8.049000000000106070e-02
2.019029999999997216e-01
3.053759999999989816e-01
3.088349999999999707e-01
9.556300000000000905e-02
7.925399999999999112e-02
7.500000000000006661e-03
2.629759999999999875e-01
5.204590000000000050e-01
2.039499999999994095e-02
1.513580000000001036e-01
1.912359999999999616e-01
2.023159999999999403e-01
8.183800000000007735e-02
9.380499999999969418e-02
2.086680000000002977e-01
1.368719999999998826e-01
1.296879999999998034e-01
7.177100000000002922e-02
4.746100000000019747e-02
6.136360000000000703e-01
1.097859999999997171e-01
1.315406999999999993e+00
7.734199999999979980e-02
3.246299999999999741e-01
4.987500000000011369e-02
9.208200000000044128e-02
8.524099999999990018e-02
1.986219999999994101e-01
7.646680000000003474e-01
5.008999999999996788e-02
8.774600000000010169e-02
3.920430000000001414e-01
3.084639999999998494e-01
2.826699999999959800e-02
2.456900000000006301e-01
6.522999999999612442e-03
3.277450000000001751e-01
5.927990000000002979e-01
8.779700000000012494e-02
1.639099999999871216e-02
2.680450000000007549e-01
8.455110000000001236e-01
5.790900000000043235e-02
4.146669999999996747e-01
1.928809999999999969e-01
1.084470000000000156e-01
2.037939999999999752e-01
1.514780000000000015e-01
3.290849999999999609e-01
8.766229999999999301e-01
5.118899999999992900e-02
2.598400000000000709e-02
1.158719999999999750e-01
1.008870000000001710e-01
1.654059999999999420e-01
5.235349999999998616e-01
5.273769999999999847e-01
1.274130000000002205e-01
4.755999999999982464e-02
4.200859999999999594e-01
3.700210000000003774e-01
8.185099999999945197e-02
2.116129999999998290e-01
2.481720000000002813e-01
4.812989999999999213e-01
4.003690000000004190e-01
2.132559999999994460e-01
1.441259999999999764e-01
2.515830000000001121e-01
3.431400000000017769e-02
6.251670000000002503e-01
1.641469999999998208e-01
5.650469999999998549e-01
1.662499999999997868e-01
5.419300000000060180e-02
1.432759999999992928e-01
8.455400000000068417e-02
2.396700000000002717e-01
5.038599999999959778e-02
2.321279999999994459e-01
2.138099999999987233e-02
2.057809999999999917e-01
3.124710000000003873e-01
1.056609999999995608e-01
1.501800000000006463e-01
7.197200000000059106e-02
1.701329999999998677e-01
3.075240000000000196e-01
1.259689999999999976e-01
5.184959999999998459e-01
3.569650000000000878e-01
6.576119999999998633e-01
1.622169999999998335e-01
7.978100000000010183e-02
4.162300000000000999e-01
3.643699999999983064e-02
1.359550000000000480e-01
2.265500000000031378e-02
2.376539999999995878e-01
3.849930000000001407e-01
2.177780000000000271e-01
4.461300000000001376e-02
1.541250000000000675e-01
4.251899999999997348e-02
1.481759999999998634e-01
2.681529999999998637e-01
1.719999999999988205e-02
6.967880000000006291e-01
6.268899999999977268e-02
6.367100000000025517e-02
2.663229999999998654e-01
5.116899999999979798e-02
6.714000000000019952e-02
2.071489999999993614e-01
1.438290000000002067e-01
2.659200000000003783e-01
1.151580000000000936e-01
3.431599999999956907e-02
6.520900000000029451e-02
1.546269999999996259e-01
1.037390000000000256e-01
9.655099999999983140e-02
3.878669999999999618e-01
2.662919999999999732e-01
2.256890000000000285e-01
1.785550000000002413e-01
4.052690000000005455e-01
3.045700000000017837e-02
6.675299999999850797e-02
2.878730000000011557e-01
6.990899999999911074e-02
7.475199999999997402e-01
3.966140000000013544e-01
1.474630000000001218e-01
1.306749999999999856e-01
1.067400000000001681e-02
1.122809999999999642e-01
3.648040000000000171e-01
2.322389999999999732e-01
1.934599999999999653e-01
6.909900000000002152e-02
1.436649999999999316e-01
2.544939999999999980e-01
1.056199999999996031e-02
5.182119999999998949e-01
2.141580000000002926e-01
5.523699999999998056e-01
7.385799999999997922e-02
2.241200000000009851e-02
1.167129999999998446e-01
2.665370000000000239e-01
3.883800000000015018e-02
9.931700000000009965e-02
6.343799999999966133e-02
1.493580000000003238e-01
4.385709999999996000e-01
3.111900000000034083e-02
1.711799999999996658e-02
1.173999999999963961e-02
3.308330000000001547e-01
3.442579999999999529e-01
6.823300000000021015e-02
1.445189999999998420e-01
9.474200000000010391e-02
5.468399999999995487e-02
1.536749999999997840e-01
1.691390000000003724e-01
1.915879999999994254e-01
9.901300000000023971e-02
1.686129999999996798e-01
4.813770000000001659e-01
5.785040000000005733e-01
1.004339999999999122e-01
1.062669999999998893e-01
2.686409999999996856e-01
3.189679999999999183e-01
6.369800000000047646e-02
4.981499999999972061e-02
7.882200000000061380e-02
3.258699999999947750e-02
3.356899999999995998e-02
3.881080000000007857e-01
1.525889999999989755e-01
2.596800000000065722e-02
1.291479999999989303e-01
6.169060000000001764e-01
1.217380000000005680e-01
1.463309999999999889e-01
2.099159999999999915e-01
2.937109999999999443e-01
2.041300000000001447e-02
4.526710000000000456e-01
2.159549999999998970e-01
2.845370000000000399e-01
2.524600000000001288e-01
6.668799999999963646e-02
1.582270000000001176e-01
4.438780000000002168e-01
4.314749999999998309e-01
7.006999999999985462e-02
1.375950000000001339e-01
2.158769999999998745e-01
3.977349999999999497e-01
4.023799999999999599e-02
5.833099999999991070e-02
3.679160000000001318e-01
2.827300000000043667e-02
1.169629999999992620e-01
3.739900000000062619e-02
2.577689999999996928e-01
9.007379999999995945e-01
1.331360000000003652e-01
5.603780000000000427e-01
2.321889999999999787e-01
1.324089999999999989e-01
5.982700000000029661e-02
2.301719999999995991e-01
1.863879999999999981e-01
1.886780000000003454e-01
3.399549999999997851e-01
1.116539999999996979e-01
9.286399999999961352e-02
2.683650000000010749e-01
1.359529999999988803e-01
1.920720000000013528e-01
8.294479999999992970e-01
1.177989999999997650e-01
1.836900000000003530e-01
3.075660000000000061e-01
2.252399999999998847e-02
2.885300000000001752e-02
6.875999999999993229e-03
3.034180000000000765e-01
1.939199999999985380e-02
9.155200000000007776e-02
1.836339999999998529e-01
6.126400000000000734e-01
7.701500000000005564e-02
4.463010000000000588e-01
3.381699999999998596e-01
1.423440000000000261e-01
1.247629999999997352e-01
3.759000000000023434e-02
1.224729999999998320e-01
1.929259999999999309e-01
2.780400000000016192e-02
7.122999999999990450e-02
2.618900000000001782e-02
2.169370000000001575e-01
2.526820000000000732e-01
1.231359999999996901e-01
7.777999999999973824e-02
1.659320000000006345e-01
3.105469999999996844e-01
2.471220000000000638e-01
2.905199999999998894e-01
1.999499999999976296e-02
6.634100000000042741e-02
7.838600000000006673e-02
7.105599999999956395e-02
5.622769999999999158e-01
1.144330000000000069e-01
1.858950000000003655e-01
5.142500000000005400e-02
2.167509999999994719e-01
1.250430000000006814e-01
1.366759999999995756e-01
1.640790000000000859e-01
8.681400000000039086e-02
7.472899999999960130e-02
3.954089999999998994e-01
4.406870000000004950e-01
1.228899999999910619e-02
2.768580000000007146e-01
6.479200000000062687e-02
8.335269999999983526e-01
4.914339999999999264e-01
3.511700000000139710e-02
2.612529999999999575e-01
5.959219999999999517e-01
3.047370000000000356e-01
2.786939999999999973e-01
1.537690000000000445e-01
2.095800000000003216e-02
1.580299999999998928e-01
1.102510000000000989e-01
2.209859999999999047e-01
1.201099999999999390e-01
1.391919999999999824e-01
1.846710000000002516e-01
4.131739999999997082e-01
2.839599999999999902e-01
1.032917000000000307e+00
7.769499999999940343e-02
1.120879999999999654e-01
1.597080000000001831e-01
3.141329999999999956e-01
1.537110000000003751e-01
2.865599999999979275e-02
2.056940000000002655e-01
7.414499999999968338e-02
5.341799999999974347e-02
7.565000000000043912e-02
3.167600000000003746e-02
7.207140000000000768e-01
9.973199999999948773e-02
4.698199999999985721e-02
5.507799999999996032e-02
8.230630000000003221e-01
1.868119999999997560e-01
5.207480000000002107e-01
2.693800000000035055e-02
9.955800000000003536e-02
3.482369999999992416e-01
4.420420000000007121e-01
5.746599999999979502e-02
7.792119999999993496e-01
1.099630000000004770e-01
7.090999999999070269e-03
2.732300000000087437e-02
3.238099999999999312e-02
1.454300000000000037e-02
1.014960000000000029e-01
2.205379999999999840e-01
1.553300000000001901e-02
1.656130000000000102e-01
3.325899999999992751e-02
6.964800000000004321e-02
2.750709999999999544e-01
3.172110000000000207e-01
2.242869999999999031e-01
3.471400000000013364e-02
2.474109999999998255e-01
3.229170000000001206e-01
2.554819999999997648e-01
6.289900000000026026e-02
1.079399999999997029e-01
2.683940000000002435e-01
3.660790000000000433e-01
1.881689999999998086e-01
2.398489999999999789e-01
6.269519999999997317e-01
6.381900000000051421e-02
6.313999999999708734e-03
1.333729999999997418e-01
3.816700000000050608e-02
6.994119999999997006e-01
3.043810000000002347e-01
3.088499999999960721e-02
4.923100000000069087e-02
1.399409999999994270e-01
1.006020000000003023e-01
3.538869999999993965e-01
1.281670000000003640e-01
1.145089999999999719e-01
2.315399999999989689e-02
2.064800000000044378e-02
3.402800000000016922e-02
4.463899999999920709e-02
6.648700000000040689e-02
5.441130000000002909e-01
2.089789999999993597e-01
7.231280000000008812e-01
3.971450000000000813e-01
9.263299999999929923e-02
1.242590000000003414e-01
1.670590000000000686e-01
3.094869999999989574e-01
3.153120000000004808e-01
2.929800000000071236e-02
5.205400000000004468e-02
2.920289999999994279e-01
1.691520000000004131e-01
1.596190000000000109e-01
7.746859999999998747e-01
2.375640000000001084e-01
1.086804999999999799e+00
4.071690000000001142e-01
1.475399999999997824e-01
3.839740000000002595e-01
1.471279999999999255e-01
1.162730000000000707e-01
1.473539999999999850e-01
2.380139999999997258e-01
1.026790000000001868e-01
2.122010000000003060e-01
2.165539999999994691e-01
7.272000000000389264e-03
3.878399999999970760e-02
6.157880000000002241e-01
3.746209999999994267e-01
3.296140000000002956e-01
2.932680000000003062e-01
1.487210000000001031e-01
4.940099999999958413e-02
3.134600000000009601e-02
8.092399999999955185e-02
3.071599999999996555e-02
5.466570000000006146e-01
2.396979999999997446e-01
3.535979999999998569e-01
6.609069999999999112e-01
1.272560000000009239e-01
2.802109999999995438e-01
1.237139999999996576e-01
1.576749999999993435e-01
4.117900000000140892e-02
3.291869999999992302e-01
8.131700000000030570e-02
7.197799999999965337e-02
4.432300000000000129e-02
2.930900000000000172e-02
5.038989999999999858e-01
2.686199999999994148e-02
1.979270000000000751e-01
4.338799999999998214e-02
4.184100000000001707e-02
5.374489999999998435e-01
1.772839999999999971e-01
4.137600000000007938e-02
1.675500000000007539e-02
2.516039999999999388e-01
1.696909999999998142e-01
2.341340000000000643e-01
3.504500000000021487e-02
1.001102999999999632e+00
1.444040000000001989e-01
4.963000000000006295e-02
6.031100000000000350e-02
3.567510000000000403e-01
1.407999999999987040e-02
5.079729999999997858e-01
1.530060000000004194e-01
6.995699999999960284e-02
3.242620000000000502e-01
4.579990000000000450e-01
3.235089999999996024e-01
1.968280000000000030e-01
1.120190000000000907e-01
2.384650000000005932e-01
6.508999999999431907e-03
2.529919999999998836e-01
1.157370000000002008e-01
4.721840000000003812e-01
4.889659999999995676e-01
8.249729999999999563e-01
6.500099999999999767e-01
3.007319999999999993e-01
1.394940000000008951e-01
1.524259999999983961e-01
4.429300000000147008e-02
